Data for the proton and deuteron cross sections and F_2 structure functions as
determined via the model-dependent method.  The cross sections do not include
the virtual-photon flux factor Gamma_v.
Uncertainties are shown without (D_norc) and with (D_full)
the contribution from radiative corrections.} 

   x      Q2    eps     sigP  D_norc  D_full  F2-P   D_norcP  D_fullP   sigD   D_norcD D_fullD  F2-D   D_norcD D_fullD

  0.009  0.034  0.364  1.0493  0.0689  0.2085  0.0560  0.0072  0.0127  0.9381  0.0411  0.1287  0.0492  0.0060  0.0088 
  0.009  0.051  0.250  0.4638  0.0409  0.1754  0.0616  0.0094  0.0245  0.4489  0.0240  0.1121  0.0580  0.0082  0.0164 
  0.009  0.086  0.157  0.2382  0.0242  0.1282  0.0997  0.0166  0.0553  0.2233  0.0138  0.0694  0.0896  0.0137  0.0305 
  0.015  0.059  0.361  0.4304  0.0241  0.0692  0.0696  0.0082  0.0133  0.4232  0.0155  0.0456  0.0669  0.0077  0.0102 
  0.015  0.095  0.345  0.2711  0.0144  0.0421  0.0842  0.0093  0.0154  0.2754  0.0096  0.0301  0.0831  0.0091  0.0125 
  0.015  0.098  0.178  0.2034  0.0190  0.0990  0.0961  0.0150  0.0483  0.2056  0.0111  0.0549  0.0935  0.0133  0.0278  
  0.015  0.112  0.202  0.1650  0.0144  0.0712  0.0876  0.0128  0.0392  0.1893  0.0090  0.0417  0.0966  0.0130  0.0245 
  0.015  0.127  0.229  0.1780  0.0123  0.0514  0.1058  0.0137  0.0327  0.1878  0.0077  0.0318  0.1073  0.0134  0.0221 
  0.015  0.144  0.259  0.1685  0.0099  0.0372  0.1114  0.0131  0.0271  0.1773  0.0066  0.0244  0.1129  0.0131  0.0199 
  0.015  0.151  0.144  0.0828  0.0079  0.0421  0.1216  0.0186  0.0635  0.0846  0.0047  0.0239  0.1186  0.0166  0.0368 
  0.015  0.164  0.293  0.1713  0.0085  0.0270  0.1253  0.0133  0.0230  0.1742  0.0058  0.0196  0.1227  0.0131  0.0186 
  0.015  0.172  0.163  0.0677  0.0062  0.0305  0.1118  0.0163  0.0519  0.0816  0.0039  0.0182  0.1286  0.0169  0.0327 
  0.025  0.067  0.537  0.8077  0.0278  0.0482  0.0883  0.0070  0.0082  0.7744  0.0198  0.0474  0.0834  0.0066  0.0081 
  0.025  0.092  0.357  0.2380  0.0106  0.0280  0.0960  0.0101  0.0145  0.2422  0.0074  0.0203  0.0953  0.0101  0.0126 
  0.025  0.104  0.485  0.4752  0.0164  0.0327  0.1040  0.0084  0.0104  0.4636  0.0120  0.0304  0.0994  0.0082  0.0101 
  0.025  0.113  0.247  0.1551  0.0090  0.0360  0.1069  0.0133  0.0275  0.1534  0.0058  0.0220  0.1024  0.0125  0.0189 
  0.025  0.140  0.483  0.3115  0.0099  0.0173  0.1251  0.0094  0.0110  0.3075  0.0075  0.0171  0.1208  0.0093  0.0111 
  0.025  0.186  0.331  0.1828  0.0072  0.0207  0.1469  0.0138  0.0208  0.1849  0.0052  0.0171  0.1441  0.0138  0.0187 
  0.025  0.195  0.185  0.0708  0.0048  0.0234  0.1312  0.0166  0.0456  0.0807  0.0032  0.0145  0.1439  0.0173  0.0307 
  0.025  0.212  0.372  0.1914  0.0066  0.0151  0.1675  0.0141  0.0185  0.1816  0.0047  0.0130  0.1545  0.0134  0.0169 
  0.025  0.222  0.210  0.0769  0.0042  0.0168  0.1593  0.0181  0.0383  0.0786  0.0028  0.0114  0.1568  0.0176  0.0281 
  0.025  0.240  0.418  0.1885  0.0058  0.0111  0.1780  0.0133  0.0160  0.1801  0.0044  0.0106  0.1656  0.0128  0.0156 
  0.025  0.252  0.237  0.0737  0.0034  0.0120  0.1696  0.0175  0.0319  0.0786  0.0024  0.0089  0.1745  0.0181  0.0262 
  0.025  0.253  0.147  0.0375  0.0028  0.0144  0.1530  0.0198  0.0609  0.0410  0.0018  0.0093  0.1601  0.0193  0.0405 
  0.025  0.287  0.167  0.0365  0.0023  0.0103  0.1669  0.0197  0.0499  0.0413  0.0016  0.0075  0.1814  0.0204  0.0382 
  0.040  0.133  0.352  0.1524  0.0055  0.0134  0.1295  0.0125  0.0162  0.1546  0.0041  0.0109  0.1280  0.0126  0.0152 
  0.040  0.273  0.469  0.2027  0.0053  0.0088  0.2038  0.0133  0.0150  0.1905  0.0041  0.0085  0.1876  0.0126  0.0146 
  0.040  0.287  0.269  0.0798  0.0031  0.0093  0.2027  0.0190  0.0293  0.0812  0.0022  0.0073  0.2002  0.0190  0.0255 
  0.040  0.353  0.581  0.2048  0.0046  0.0057  0.2244  0.0107  0.0113  0.1926  0.0038  0.0055  0.2077  0.0103  0.0111 
  0.040  0.370  0.342  0.0753  0.0022  0.0047  0.2288  0.0173  0.0215  0.0723  0.0018  0.0042  0.2139  0.0166  0.0202 
  0.040  0.371  0.214  0.0386  0.0016  0.0055  0.2186  0.0209  0.0364  0.0393  0.0012  0.0042  0.2155  0.0206  0.0304 
  0.040  0.380  0.148  0.0232  0.0013  0.0061  0.2102  0.0230  0.0588  0.0255  0.0009  0.0041  0.2231  0.0235  0.0422 
  0.040  0.421  0.385  0.0737  0.0020  0.0036  0.2416  0.0162  0.0188  0.0708  0.0016  0.0031  0.2268  0.0157  0.0178 
  0.060  0.180  0.346  0.1036  0.0032  0.0070  0.1641  0.0148  0.0178  0.1045  0.0025  0.0062  0.1616  0.0149  0.0173 
  0.060  0.479  0.273  0.0383  0.0012  0.0030  0.2622  0.0203  0.0276  0.0384  0.0009  0.0025  0.2563  0.0202  0.0253 
  0.060  0.491  0.190  0.0233  0.0009  0.0033  0.2617  0.0234  0.0428  0.0247  0.0007  0.0025  0.2702  0.0240  0.0355 
  0.060  0.543  0.483  0.0743  0.0017  0.0022  0.2751  0.0138  0.0147  0.0717  0.0014  0.0021  0.2609  0.0135  0.0145 
  0.060  0.633  0.243  0.0209  0.0006  0.0016  0.2863  0.0205  0.0288  0.0222  0.0005  0.0013  0.2958  0.0212  0.0263 
  0.080  0.456  0.704  0.2404  0.0044  0.0048  0.2650  0.0086  0.0089  0.2245  0.0038  0.0048  0.2451  0.0081  0.0086 
  0.080  0.617  0.538  0.0762  0.0015  0.0018  0.2935  0.0124  0.0129  0.0725  0.0013  0.0018  0.2752  0.0119  0.0127 
  0.080  0.619  0.348  0.0366  0.0009  0.0016  0.2960  0.0179  0.0207  0.0349  0.0008  0.0014  0.2767  0.0170  0.0194 
  0.080  0.799  0.438  0.0337  0.0007  0.0008  0.3128  0.0135  0.0144  0.0324  0.0006  0.0009  0.2950  0.0131  0.0143 
  0.080  0.818  0.310  0.0198  0.0005  0.0008  0.3227  0.0171  0.0203  0.0195  0.0004  0.0007  0.3122  0.0167  0.0195 
  0.125  0.588  0.825  0.2925  0.0047  0.0050  0.2876  0.0061  0.0063  0.2666  0.0041  0.0048  0.2609  0.0055  0.0061 
  0.125  0.797  0.657  0.0801  0.0014  0.0015  0.3179  0.0089  0.0091  0.0732  0.0012  0.0015  0.2873  0.0082  0.0090 
  0.125  1.032  0.544  0.0329  0.0006  0.0007  0.3319  0.0097  0.0100  0.0296  0.0005  0.0007  0.2952  0.0087  0.0097 
  0.125  1.056  0.391  0.0185  0.0004  0.0005  0.3491  0.0131  0.0141  0.0174  0.0003  0.0005  0.3228  0.0122  0.0144 
  0.175  1.029  0.778  0.0876  0.0013  0.0013  0.3242  0.0060  0.0061  0.0773  0.0011  0.0011  0.2846  0.0052  0.0053 
  0.175  1.045  0.294  0.0085  0.0002  0.0003  0.3235  0.0142  0.0150  0.0078  0.0002  0.0002  0.2939  0.0129  0.0141 
  0.175  1.365  0.488  0.0165  0.0003  0.0003  0.3447  0.0109  0.0111  0.0148  0.0003  0.0003  0.3072  0.0099  0.0107 
  0.250  1.332  0.661  0.0305  0.0005  0.0005  0.3126  0.0074  0.0075  0.0262  0.0004  0.0005  0.2673  0.0065  0.0065 
  0.250  1.761  0.599  0.0144  0.0002  0.0002  0.3183  0.0082  0.0083  0.0125  0.0002  0.0002  0.2744  0.0071  0.0071 
  0.450  2.275  0.715  0.0099  0.0002  0.0002  0.2104  0.0046  0.0046  0.0077  0.0001  0.0001  0.1638  0.0036  0.0036 
