K0       P*max    Plab     PT     P*L         Kmin        Hydrogen    Deuterion  
(GeV/c)  (GeV/c)  (GeV/C)  (GeV)  (pib/GeV2)  (pib/GeV2)  
9.0      2.0      4.0      1.125  0.504       4.84        1.05E-1   0.03E-1        
9.0      2.0      4.0      1.250  0.413       5.09        2.99E-2   0.11E-2        
9.0      2.0      4.0      1.375  0.310       5.41        9.40E-3   0.39E-3        
9.0      2.0      4.0      1.500  0.197       5.82        2.77E-3   0.08E-3        5.56   0.15  E-3  
9.0      2.0      4.0      1.625  0.072       6.34        6.63E-4   0.52E-4        
9.0      2.0      4.0      1.750  -0.065      7.03        1.20E-4   0.17E-4        
9.0      2.0      4.0      1.875  -0.215      7.98        2.74E-5   0.75E-5        
9.0      2.0      5.0      1.002  0.869       5.61        2.14E-1   0.08E-1        
9.0      2.0      5.0      1.125  0.806       5.80        7.47E-2   0.26E-2        
9.0      2.0      5.0      1.250  0.734       6.02        2.22E-2   0.09E-2        
9.0      2.0      5.0      1.375  0.654       6.30        5.80E-3   0.26E-3        
9.0      2.0      5.0      1.500  0.566       6.63        1.51E-3   0.09E-3        
9.0      2.0      5.0      1.625  0.469       7.05        4.10E-4   0.39E-4        
9.0      2.0      5.0      1.750  0.363       7.55        1.24E-4   0.18E-4        
9.0      2.0      5.0      1.875  0.249       8.20        2.60E-5   0.67E-5        
9.0      2.0      6.0      1.250  1.022       6.90        1.00E-2   0.05E-2        
9.0      2.0      6.0      1.375  0.956       7.24        2.74E-3   0.09E-3        5.31   0.14  E-3  
9.0      2.0      6.0      1.500  0.883       7.54        6.84E-4   0.56E-4        
9.0      2.0      6.0      1.625  0.803       7.89        1.55E-4   0.12E-4        4.29   0.28  E-4  
9.0      2.0      6.0      1.750  0.717       8.32        2.01E-5   0.71E-5        
9.0      2.0      7.0      1.500  1.172       8.47        1.47E-4   0.23E-4        
11.0     2.222    1.0      0.500  -0.166      1.18        7.24E+1   0.10E+1        
11.0     2.222    1.0      0.625  -0.385      1.32        2.41E+1   0.02E+1        
11.0     2.222    1.0      0.750  -0.692      1.59        6.58E+0   0.07E+0        
11.0     2.222    1.0      0.875  -1.148      2.27        5.67E-1   0.10E-1        
11.0     2.222    2.0      0.500  0.229       2.15        3.16E+1   0.04E+1        
11.0     2.222    2.0      0.625  0.135       2.25        1.36E+1   0.02E+1        
11.0     2.222    2.0      0.750  0.017       2.38        5.37E+0   0.07E+0        
11.0     2.222    2.0      0.875  -0.126      2.56        1.91E+0   0.03E+0        
11.0     2.222    2.0      1.000  -0.297      2.81        6.12E-1   0.30E-1        
11.0     2.222    2.0      1.125  -0.498      3.19        1.43E-1   0.02E-1        
11.0     2.222    2.0      1.250  -0.736      3.79        3.42E-2   0.17E-2        
11.0     2.222    7.0      1.375  -1.016      4.05        3.57E-3   0.39E-3        
11.0     2.222    3.0      0.625  0.430       3.33        7.87E+0   0.11E+0        
11.0     2.222    3.0      0.750  0.354       3.34        3.45E+0   0.03E+0        
11.0     2.222    3.0      0.875  0.263       3.49        1.51E+0   0.02E+0        
11.0     2.222    3.0      1.000  0.158       3.68        5.19E-1   0.08E-1        
11.0     2.222    3.0      1.125  0.036       3.92        1.66E-1   0.02E-1        
11.0     2.222    3.0      1.250  -0.103      4.24        5.06E-2   0.14E-2        
11.0     2.222    3.0      1.375  -0.260      4.67        1.38E-2   0.06E-2        
11.0     2.222    3.0      1.500  -0.436      5.27        3.73E-3   0.12E-3        
11.0     2.222    3.0      1.625  -0.632      6.15        7.33E-4   0.60E-4        
11.0     2.222    4.0      0.075  0.554       4.47        1.12E+0   0.02E+0        
11.0     2.222    4.0      1.001  0.476       4.63        4.65E-1   0.10E-1        
11.0     2.222    4.0      1.125  0.388       4.84        1.35E-1   0.02E-1        
11.0     2.222    4.0      1.250  0.288       5.09        4.73E-2   0.08E-2        
11.0     2.222    4.0      1.375  0.176       5.41        2.13E-2   0.07E-2        
11.0     2.222    4.0      1.500  0.052       5.82        5.28E-3   0.18E-3        
11.0     2.222    4.0      1.625  -0.084      6.34        1.37E-3   0.07E-3        
11.0     2.222    4.0      1.750  -0.234      7.03        3.56E-4   0.23E-4        
11.0     2.222    4.0      1.875  -0.398      7.99        6.98E-5   0.73E-5        
11.0     2.222    4.0      2.000  -0.576      9.37        1.54E-5   0.52E-5        
11.0     2.222    5.0      1.030  0.741       5.62        2.61E-1   0.05E-1        
11.0     2.222    5.0      125    0.676       5.80        1.08E-1   0.01E-1        
11.0     2.222    5.0      1.251  0.598       6.03        3.20E-2   0.06E-2        
11.0     2.222    5.0      1.375  0.511       6.30        1.05E-2   0.02E-2        
11.0     2.222    5.0      1.500  0.414       6.63        3.92E-3   0.13E-3        
11.0     2.222    5.0      1.625  0.308       7.05        1.49E-3   0.07E-3        
11.0     2.222    5.0      1.750  0.193       7.56        4.68E-4   0.29E-4        
11.0     2.222    5.0      1.075  0.067       8.20        1.13E-4   0.11E-4        
11.0     2.222    6.0      1.250  0.871       6.98        2.29E-2   0.06E-2        
11.0     2.222    6.0      1.376  0.798       7.24        7.42E-3   0.32E-3        
11.0     2.222    6.0      1.500  0.719       7.54        2.70E-3   0.11E-3        
11.0     2.222    6.0      1.625  0.633       7.89        8.74E-4   0.44E-4        
11.0     2.222    6.0      1.750  0.538       8.32        2.56E-4   0.18E-4        
11.0     2.222    6.0      1.675  0.436       8.84        6.74E-5   1.10E-5        
11.0     2.222    6.0      2.000  0.327       9.47        2.56E-5   0.07E-5        
11.0     2.222    7.0      1.500  0.994       8.47        1.59E-3   0.07E-3        
11.0     2.222    1.0      1.625  0.920       8.80        3.95E-4   0.18E-4        
11.0     2.222    7.0      1.751  0.840       9.18        1.17E-4   0.07E-4        
11.0     2.222    7.0      1.875  0.754       9.63        3.00E-5   0.30E-5        
11.0     2.222    8.0      1.625  1.186       9.74        1.59E-4   0.09E-4        
11.0     2.222    8.0      1.750  1.117       10.09       4.73E-5   0.40E-5        
11.0     2.222    8.0      1.015  1.042       10.50       1.13E-5   0.38E-5        
15.0     2.610    1.0      0.500  -0.249      1.18        8.50E+1   0.07E+1        1.33   0.01  E+2  
15.0     2.610    1.0      0.625  -0.502      1.32        2.72E+1   0.00E+1        
15.0     2.610    1.0      0.750  -0.854      1.59        7.51E+0   0.09E+0        1.21   0.01  E+1  
15.0     2.610    1.0      0.875  -1.379      2.27        8.59E-1   0.13E-1        
15.0     2.610    1.0      0.927  -1.703      3.10        1.70E-1   0.21E-1        
15.0     2.610    2.0      0.500  0.147       2.15        4.46E+1   0.66E+1        
15.0     2.610    2.0      0.625  0.038       2.25        1.95E+1   0.03E+1        
15.0     2.610    2.0      0.750  -0.097      2.38        7.16E+0   0.14E+0        
15.0     2.610    2.0      0.075  -0.242      2.56        2.63E+0   0.05E+0        
15.0     2.610    2.0      1.000  -0.458      2.01        8.15E-1   0.16E-1        
15.0     2.610    2.0      1.125  -0.690      3.19        2.19E-1   0.05E-1        
15.0     2.610    2.0      1.250  -0.963      3.79        4.97E-2   0.19E-2        
15.0     2.610    2.0      1.375  -1.285      4.85        6.70E-3   0.67E-3        
15.0     2.610    2.0      1.500  -1.668      7.31        6.65E-4   2.01E-4        
15.0     2.610    3.0      0.625  0.319       3.23        1.27E+1   0.02E+1        
15.0     2.610    3.0      0.750  0.231       3.35        5.44E+0   0.05E+0        
15.0     2.610    3.0      0.875  0.128       3.49        2.13E+0   0.02E+0        
15.0     2.610    3.0      1.000  0.006       3.68        8.02E-1   0.17E-1        
15.0     2.610    3.0      1.125  -0.134      3.92        2.71E-1   0.03E-1        
15.0     2.610    3.0      1.219  -0.252      4.15        1.18E-1   0.02E-1        
15.0     2.610    3.0      1.250  -0.294      4.24        8.83E-2   0.22E-2        
15.0     2.610    3.0      1.375  -0.474      4.67        2.74E-2   0.08E-2        
15.0     2.610    3.0      1.500  -0.676      5.27        7.23E-3   0.40E-3        
15.0     2.610    3.0      1.625  -0.901      6.15        1.81E-3   0.13E-3        
15.0     2.610    3.0      1.750  -1.153      7.56        2.63E-4   0.52E-4        
15.0     2.610    3.0      1.875  -1.433      10.14       9.29E-5   2.81E-5        
15.0     2.610    4.0      0.875  0.403       4.47        1.04E+0   0.02E+0        
15.0     2.610    4.0      1.000  0.314       4.63        6.75E-1   0.07E-1        1.20   0.02  E+0  
15.0     2.610    4.0      1.125  0.212       4.84        2.47E-1   0.04E-1        
15.0     2.610    4.0      1.250  0.097       5.09        8.44E-2   0.16E-2        
15.0     2.610    4.0      1.375  -0.031      5.41        2.96E-2   0.06E-2        5.49   0.12  E-2  
15.0     2.610    4.0      1.500  -0.174      5.82        1.04E-2   0.04E-2        
15.0     2.610    4.0      1.625  -0.331      6.34        3.15E-3   0.12E-3        
15.0     2.610    4.0      1.750  -0.503      7.03        8.90E-4   0.45E-4        
15.0     2.610    4.0      1.875  -0.691      7.99        2.16E-4   0.15E-4        
15.0     2.610    4.0      2.000  -0.896      9.37        2.57E-5   0.86E-5        
15.0     2.610    5.0      1.012  0.559       5.63        5.26E-1   0.09E-1        
15.0     2.610    5.0      1.125  0.486       5.80        2.09E-1   0.04E-1        
15.0     2.610    5.0      1.250  0.396       6.02        7.87E-2   0.28E-2        
15.0     2.610    5.0      1.375  0.295       6.30        2.79E-2   0.12E-2        
15.0     2.610    5.0      1.500  0.184       6.63        1.00E-2   0.04E-2        
15.0     2.610    5.0      1.625  0.062       7.05        3.20E-3   0.16E-3        
15.0     2.610    5.0      1.750  -0.070      7.55        1.29E-3   0.09E-3        
15.0     2.610    5.0      1.875  -0.214      8.20        3.81E-4   0.34E-4        
15.0     2.610    5.0      2.000  -0.369      8.03        8.40E-5   1.32E-5        
15.0     2.610    6.0      1.250  0.651       6.98        6.11E-2   0.09E-2        1.12   0.02  E-1  
15.0     2.610    6.0      1.375  0.568       7.24        2.33E-2   0.05E-2        
15.0     2.610    6.0      1.500  0.477       7.54        9.22E-3   0.38E-3        
15.0     2.610    6.0      1.625  0.377       7.89        3.21E-3   0.12E-3        6.46   0.20  E-3  
15.0     2.610    6.0      1.750  0.269       0.32        1.12E-3   0.06E-3        
15.0     2.610    6.0      1.075  0.151       8.84        3.76E-4   0.26E-4        
15.0     2.610    6.0      2.000  0.025       0.47        1.23E-4   0.16E-4        
15.0     2.610    7.0      1.500  0.734       0.47        6.54E-3   0.25E-3        
15.0     2.610    7.0      1.625  0.649       8.80        2.62E-3   0.13E-3        
15.0     2.610    7.0      1.750  0.557       9.18        9.51E-4   0.63E-4        
15.0     2.610    7.0      1.875  0.459       9.63        3.38E-4   0.35E-4        
15.0     2.610    7.0      2.000  0.352       10.17       1.04E-4   0.20E-4        
15.0     2.610    8.0      1.625  0.856       9.74        2.08E-3   0.07E-3        3.90   0.12  E-3  
15.0     2.610    8.0      1.750  0.816       10.09       7.24E-4   0.46E-4        
15.0     2.610    8.0      1.876  0.730       10.50       2.71E-4   0.19E-4        5.36   0.33  E-4  
15.0     2.610    8.0      2.000  0.638       10.98       7.36E-5   1.21E-5        
15.0     2.610    8.0      2.125  0.540       11.54       1.78E-5   0.41E-5        
19.0     2.947    1.0      0.500  -0.317      1.18        9.87E+1   0.11E+1        1.68   0.02  E+2  
19.0     2.947    1.0      0.625  -0.599      1.32        3.12E+1   0.02E+1        
19.0     2.947    1.0      0.750  -0.992      1.59        8.70E+0   0.12E+0        1.30   0.03  E+1  
19.0     2.947    1.0      0.875  -1.577      2.27        1.09E+0   0.02E+0        1.76   0.05  E+0  
19.0     2.947    2.0      0.625  -0.035      2.25        2.20E+1   0.03E+1        
19.0     2.947    2.0      0.750  -0.186      2.38        8.24E+0   0.15E+0        
19.0     2.947    2.0      0.875  -0.370      2.56        3.17E+0   0.06E+0        
19.0     2.947    2.0      1.000  -0.589      2.81        1.02E+0   0.02E+0        
19.0     2.947    2.0      1.125  -0.848      3.19        2.78E-1   0.06E-1        
19.0     2.947    2.0      1.250  -1.152      3.79        6.22E-2   0.24E-2        
19.0     2.947    2.0      1.375  -1.511      4.85        9.12E-3   0.81E-3        
19.0     2.947    2.0      1.500  -1.938      7.31        1.23E-3   0.28E-3        
19.0     2.947    3.0      0.750  0.141       3.34        6.94E+0   0.16E+0        
19.0     2.947    3.0      0.875  0.025       3.49        2.55E+0   0.03E+0        
19.0     2.947    3.0      1.000  -0.110      3.68        9.77E-1   0.20E-1        
19.0     2.947    3.0      1.125  -0.267      3.92        3.30E-1   0.07E-1        
19.0     2.947    3.0      1.250  -0.444      4.24        1.13E-1   0.03E-1        
19.0     2.947    3.0      1.375  -0.645      4.67        3.57E-2   0.08E-2        
19.0     2.947    3.0      1.500  -0.871      5.27        9.88E-3   0.47E-3        
19.0     2.947    3.0      1.625  -1.122      6.15        2.15E-3   0.09E-3        
19.0     2.947    3.0      1.750  -1.403      7.56        4.70E-4   0.42E-4        
19.0     2.947    3.0      1.875  -1.715      10.15       7.30E-5   1.08E-5        
19.0     2.947    3.0      2.000  -2.064      16.42       2.47E-5   1.24E-5        
19.0     2.947    4.0      0.875  0.294       4.47        2.26E+0   0.02E+0        
19.0     2.947    4.0      1.000  0.194       4.63        9.04E-1   0.13E-1        
19.0     2.947    4.0      1.125  0.081       4.84        3.20E-1   0.03E-1        5.48   0.09  E-1  
19.0     2.947    4.0      1.250  -0.048      5.09        1.13E-1   0.02E-1        
19.0     2.947    4.0      1.375  -0.191      5.41        4.28E-2   0.10E-2        
19.0     2.947    4.0      1.500  -0.350      5.82        1.52E-2   0.03E-2        2.55   0.06  E-2  
19.0     2.947    4.0      1.625  -0.524      6.34        5.15E-3   0.17E-3        
19.0     2.947    4.0      1.750  -0.717      7.03        1.55E-3   0.09E-3        
19.0     2.947    4.0      1.875  -0.926      7.99        3.90E-4   0.44E-4        
19.0     2.947    4.0      2.000  -1.154      9.37        9.25E-5   1.85E-5        
19.0     2.947    4.0      2.125  -1.403      11.54       2.04E-5   0.47E-5        
19.0     2.947    5.0      1.125  0.347       5.00        2.91E-1   0.04E-1        
19.0     2.947    5.0      1.250  0.246       6.03        1.10E-1   0.02E-1        
19.0     2.947    5.0      1.375  0.134       6.30        4.17E-2   0.18E-2        
19.0     2.947    5.0      1.500  0.010       6.64        1.69E-2   0.00E-2        
19.0     2.947    5.0      1.625  -0.125      7.05        5.96E-3   0.18E-3        
19.0     2.947    5.0      1.750  -0.273      7.56        2.12E-3   0.16E-3        
19.0     2.947    5.0      1.875  -0.434      8.20        5.97E-4   0.28E-4        
19.0     2.947    5.0      2.000  -0.647      9.03        1.72E-4   0.17E-4        
19.0     2.947    5.0      2.125  -0.794      10.14       6.27E-5   0.92E-5        
19.0     2.947    5.0      2.250  -0.995      11.67       1.58E-5   0.48E-5        
19.0     2.947    5.0      2.375  -1.209      13.93       6.62E-6   3.32E-6        
19.0     2.947    6.0      1.375  0.399       7.24        3.78E-2   0.06E-2        7.05   0.12  E-2  
19.0     2.947    6.0      1.500  0.297       7.54        1.56E-2   0.04E-2        
19.0     2.947    6.0      1.625  0.186       7.89        5.91E-3   0.27E-3        
19.0     2.947    6.0      1.750  0.066       8.32        2.22E-3   0.07E-3        4.16   0.15  E-3  
19.0     2.947    6.0      1.875  -0.065      8.84        7.77E-4   0.52E-4        
19.0     2.947    6.0      2.000  -0.206      9.47        3.31E-4   0.32E-4        
19.0     2.947    6.0      2.125  -0.357      10.26       8.68E-5   1.46E-5        
19.0     2.947    6.0      2.250  -0.518      11.27       3.47E-5   0.85E-5        
19.0     2.947    7.0      1.500  0.546       8.47        1.32E-2   0.04E-2        
19.0     2.947    7.0      1.625  0.451       8.80        5.41E-3   0.28E-3        
19.0     2.947    7.0      1.750  0.349       9.18        2.08E-3   0.14E-3        
19.0     2.947    7.0      1.875  0.238       9.63        9.98E-4   0.75E-4        
19.0     2.947    7.0      2.000  0.119       10.17       3.09E-4   0.26E-4        
19.0     2.947    7.0      2.125  -0.007      10.82       7.96E-5   1.79E-5        
19.0     2.947    7.0      2.250  -0.143      11.60       2.00E-5   0.52E-5        
19.0     2.947    7.0      2.375  -0.288      12.58       1.03E-5   0.39E-5        
19.0     2.947    8.0      1.627  0.686       9.74        4.56E-3   0.19E-3        8.55   0.28  E-3  
19.0     2.947    8.0      1.750  0.599       10.09       2.03E-3   0.17E-3        
19.0     2.947    8.0      1.876  0.502       10.50       7.86E-4   0.47E-4        1.39   0.09  E-3  
19.0     2.947    8.0      2.001  0.400       10.98       2.65E-4   0.21E-4        
19.0     2.947    8.0      2.125  0.290       11.54       9.58E-5   1.12E-5        3.22   0.37  E-4  
19.0     2.947    8.0      2.250  0.172       12.21       3.40E-5   1.08E-5        
19.0     2.947    8.0      2.375  0.048       13.01       9.14E-6   3.47E-6        
19.0     2.947    8.0      2.500  -0.094      13.98       5.16E-6   1.46E-6        
