K0       P*max    Plab     PT     P*L         Kmin        Hydrogen     
(GeV/c)  (GeV/c)  (GeV/C)  (GeV)  (pib/GeV2)  (pib/GeV2)  
9.0      2.0      4.0      1.125  0.504       4.84        1.05e-1   0.03e-1        
9.0      2.0      4.0      1.250  0.413       5.09        2.99e-2   0.11e-2        
9.0      2.0      4.0      1.375  0.310       5.41        9.40e-3   0.39e-3        
9.0      2.0      4.0      1.500  0.197       5.82        2.77e-3   0.08e-3
9.0      2.0      4.0      1.625  0.072       6.34        6.63e-4   0.52e-4
9.0      2.0      4.0      1.750  -0.065      7.03        1.20e-4   0.17e-4
9.0      2.0      4.0      1.875  -0.215      7.98        2.74e-5   0.75e-5
9.0      2.0      5.0      1.002  0.869       5.61        2.14e-1   0.08e-1
9.0      2.0      5.0      1.125  0.806       5.80        7.47e-2   0.26e-2
9.0      2.0      5.0      1.250  0.734       6.02        2.22e-2   0.09e-2
9.0      2.0      5.0      1.375  0.654       6.30        5.80e-3   0.26e-3
9.0      2.0      5.0      1.500  0.566       6.63        1.51e-3   0.09e-3
9.0      2.0      5.0      1.625  0.469       7.05        4.10e-4   0.39e-4
9.0      2.0      5.0      1.750  0.363       7.55        1.24e-4   0.18e-4
9.0      2.0      5.0      1.875  0.249       8.20        2.60e-5   0.67e-5
9.0      2.0      6.0      1.250  1.022       6.90        1.00e-2   0.05e-2
9.0      2.0      6.0      1.375  0.956       7.24        2.74e-3   0.09e-3
9.0      2.0      6.0      1.500  0.883       7.54        6.84e-4   0.56e-4
9.0      2.0      6.0      1.625  0.803       7.89        1.55e-4   0.12e-4
9.0      2.0      6.0      1.750  0.717       8.32        2.01e-5   0.71e-5
9.0      2.0      7.0      1.500  1.172       8.47        1.47e-4   0.23e-4
11.0     2.222    1.0      0.500  -0.166      1.18        7.24e+1   0.10e+1
11.0     2.222    1.0      0.625  -0.385      1.32        2.41e+1   0.02e+1
11.0     2.222    1.0      0.750  -0.692      1.59        6.58e+0   0.07e+0
11.0     2.222    1.0      0.875  -1.148      2.27        5.67e-1   0.10e-1
11.0     2.222    2.0      0.500  0.229       2.15        3.16e+1   0.04e+1
11.0     2.222    2.0      0.625  0.135       2.25        1.36e+1   0.02e+1
11.0     2.222    2.0      0.750  0.017       2.38        5.37e+0   0.07e+0
11.0     2.222    2.0      0.875  -0.126      2.56        1.91e+0   0.03e+0
11.0     2.222    2.0      1.000  -0.297      2.81        6.12e-1   0.30e-1
11.0     2.222    2.0      1.125  -0.498      3.19        1.43e-1   0.02e-1
11.0     2.222    2.0      1.250  -0.736      3.79        3.42e-2   0.17e-2
11.0     2.222    7.0      1.375  -1.016      4.05        3.57e-3   0.39e-3
11.0     2.222    3.0      0.625  0.430       3.33        7.87e+0   0.11e+0
11.0     2.222    3.0      0.750  0.354       3.34        3.45e+0   0.03e+0
11.0     2.222    3.0      0.875  0.263       3.49        1.51e+0   0.02e+0
11.0     2.222    3.0      1.000  0.158       3.68        5.19e-1   0.08e-1
11.0     2.222    3.0      1.125  0.036       3.92        1.66e-1   0.02e-1
11.0     2.222    3.0      1.250  -0.103      4.24        5.06e-2   0.14e-2
11.0     2.222    3.0      1.375  -0.260      4.67        1.38e-2   0.06e-2
11.0     2.222    3.0      1.500  -0.436      5.27        3.73e-3   0.12e-3
11.0     2.222    3.0      1.625  -0.632      6.15        7.33e-4   0.60e-4
11.0     2.222    4.0      0.875   0.554       4.47        1.12e+0   0.02e+0
11.0     2.222    4.0      1.001  0.476       4.63        4.65e-1   0.10e-1
11.0     2.222    4.0      1.125  0.388       4.84        1.35e-1   0.02e-1
11.0     2.222    4.0      1.250  0.288       5.09        4.73e-2   0.08e-2
11.0     2.222    4.0      1.375  0.176       5.41        2.13e-2   0.07e-2
11.0     2.222    4.0      1.500  0.052       5.82        5.28e-3   0.18e-3
11.0     2.222    4.0      1.625  -0.084      6.34        1.37e-3   0.07e-3
11.0     2.222    4.0      1.750  -0.234      7.03        3.56e-4   0.23e-4
11.0     2.222    4.0      1.875  -0.398      7.99        6.98e-5   0.73e-5
11.0     2.222    4.0      2.000  -0.576      9.37        1.54e-5   0.52e-5
11.0     2.222    5.0      1.030   0.741       5.62        2.61e-1   0.05e-1
11.0     2.222    5.0      1.125   0.676       5.80        1.08e-1   0.01e-1
11.0     2.222    5.0      1.251  0.598       6.03        3.20e-2   0.06e-2
11.0     2.222    5.0      1.375  0.511       6.30        1.05e-2   0.02e-2
11.0     2.222    5.0      1.500  0.414       6.63        3.92e-3   0.13e-3
11.0     2.222    5.0      1.625  0.308       7.05        1.49e-3   0.07e-3
11.0     2.222    5.0      1.750  0.193       7.56        4.68e-4   0.29e-4
11.0     2.222    5.0      1.875  0.067       8.20        1.13e-4   0.11e-4
11.0     2.222    6.0      1.250  0.871       6.98        2.29e-2   0.06e-2
11.0     2.222    6.0      1.376  0.798       7.24        7.42e-3   0.32e-3
11.0     2.222    6.0      1.500  0.719       7.54        2.70e-3   0.11e-3
11.0     2.222    6.0      1.625  0.633       7.89        8.74e-4   0.44e-4
11.0     2.222    6.0      1.750  0.538       8.32        2.56e-4   0.18e-4
11.0     2.222    6.0      1.875  0.436       8.84        6.74e-5   1.10e-5
11.0     2.222    6.0      2.000  0.327       9.47        2.56e-5   0.07e-5
11.0     2.222    7.0      1.500  0.994       8.47        1.59e-3   0.07e-3
11.0     2.222    7.0      1.625  0.920       8.80        3.95e-4   0.18e-4
11.0     2.222    7.0      1.751  0.840       9.18        1.17e-4   0.07e-4
11.0     2.222    7.0      1.875  0.754       9.63        3.00e-5   0.30e-5
11.0     2.222    8.0      1.625  1.186       9.74        1.59e-4   0.09e-4
11.0     2.222    8.0      1.750  1.117       10.09       4.73e-5   0.40e-5
11.0     2.222    8.0      1.825  1.042       10.50       1.13e-5   0.38e-5
15.0     2.610    1.0      0.500  -0.249      1.18        8.50e+1   0.07e+1
15.0     2.610    1.0      0.625  -0.502      1.32        2.72e+1   0.06e+1
15.0     2.610    1.0      0.750  -0.854      1.59        7.51e+0   0.09e+0
15.0     2.610    1.0      0.875  -1.379      2.27        8.59e-1   0.13e-1
15.0     2.610    1.0      0.927  -1.703      3.10        1.70e-1   0.21e-1
15.0     2.610    2.0      0.500  0.147       2.15        4.46e+1   0.66e+1
15.0     2.610    2.0      0.625  0.038       2.25        1.95e+1   0.03e+1
15.0     2.610    2.0      0.750  -0.097      2.38        7.16e+0   0.14e+0
15.0     2.610    2.0      0.875  -0.242      2.56        2.63e+0   0.05e+0
15.0     2.610    2.0      1.000  -0.458      2.01        8.15e-1   0.16e-1
15.0     2.610    2.0      1.125  -0.690      3.19        2.19e-1   0.05e-1
15.0     2.610    2.0      1.250  -0.963      3.79        4.97e-2   0.19e-2
15.0     2.610    2.0      1.375  -1.285      4.85        6.70e-3   0.67e-3
15.0     2.610    2.0      1.500  -1.668      7.31        6.65e-4   2.01e-4
15.0     2.610    3.0      0.625  0.319       3.23        1.27e+1   0.02e+1
15.0     2.610    3.0      0.750  0.231       3.35        5.44e+0   0.05e+0
15.0     2.610    3.0      0.875  0.128       3.49        2.13e+0   0.02e+0
15.0     2.610    3.0      1.000  0.006       3.68        8.02e-1   0.17e-1
15.0     2.610    3.0      1.125  -0.134      3.92        2.71e-1   0.03e-1
15.0     2.610    3.0      1.219  -0.252      4.15        1.18e-1   0.02e-1
15.0     2.610    3.0      1.250  -0.294      4.24        8.83e-2   0.22e-2
15.0     2.610    3.0      1.375  -0.474      4.67        2.74e-2   0.08e-2
15.0     2.610    3.0      1.500  -0.676      5.27        7.23e-3   0.40e-3
15.0     2.610    3.0      1.625  -0.901      6.15        1.81e-3   0.13e-3
15.0     2.610    3.0      1.750  -1.153      7.56        2.63e-4   0.52e-4
15.0     2.610    3.0      1.875  -1.433      10.14       9.29e-5   2.81e-5
15.0     2.610    4.0      0.875  0.403       4.47        1.04e+0   0.02e+0
15.0     2.610    4.0      1.000  0.314       4.63        6.75e-1   0.07e-1
15.0     2.610    4.0      1.125  0.212       4.84        2.47e-1   0.04e-1
15.0     2.610    4.0      1.250  0.097       5.09        8.44e-2   0.16e-2
15.0     2.610    4.0      1.375  -0.031      5.41        2.96e-2   0.06e-2
15.0     2.610    4.0      1.500  -0.174      5.82        1.04e-2   0.04e-2
15.0     2.610    4.0      1.625  -0.331      6.34        3.15e-3   0.12e-3
15.0     2.610    4.0      1.750  -0.503      7.03        8.90e-4   0.45e-4
15.0     2.610    4.0      1.875  -0.691      7.99        2.16e-4   0.15e-4
15.0     2.610    4.0      2.000  -0.896      9.37        2.57e-5   0.86e-5
15.0     2.610    5.0      1.012  0.559       5.63        5.26e-1   0.09e-1
15.0     2.610    5.0      1.125  0.486       5.80        2.09e-1   0.04e-1
15.0     2.610    5.0      1.250  0.396       6.02        7.87e-2   0.28e-2
15.0     2.610    5.0      1.375  0.295       6.30        2.79e-2   0.12e-2
15.0     2.610    5.0      1.500  0.184       6.63        1.00e-2   0.04e-2
15.0     2.610    5.0      1.625  0.062       7.05        3.20e-3   0.16e-3
15.0     2.610    5.0      1.750  -0.070      7.55        1.29e-3   0.09e-3
15.0     2.610    5.0      1.875  -0.214      8.20        3.81e-4   0.34e-4
15.0     2.610    5.0      2.000  -0.369      8.03        8.40e-5   1.32e-5
15.0     2.610    6.0      1.250  0.651       6.98        6.11e-2   0.09e-2
15.0     2.610    6.0      1.375  0.568       7.24        2.33e-2   0.05e-2
15.0     2.610    6.0      1.500  0.477       7.54        9.22e-3   0.38e-3
15.0     2.610    6.0      1.625  0.377       7.89        3.21e-3   0.12e-3
15.0     2.610    6.0      1.750  0.269       0.32        1.12e-3   0.06e-3
15.0     2.610    6.0      1.875  0.151       8.84        3.76e-4   0.26e-4
15.0     2.610    6.0      2.000  0.025       0.47        1.23e-4   0.16e-4
15.0     2.610    7.0      1.500  0.734       0.47        6.54e-3   0.25e-3
15.0     2.610    7.0      1.625  0.649       8.80        2.62e-3   0.13e-3
15.0     2.610    7.0      1.750  0.557       9.18        9.51e-4   0.63e-4
15.0     2.610    7.0      1.875  0.459       9.63        3.38e-4   0.35e-4
15.0     2.610    7.0      2.000  0.352       10.17       1.04e-4   0.20e-4
15.0     2.610    8.0      1.625  0.856       9.74        2.08e-3   0.07e-3
15.0     2.610    8.0      1.750  0.816       10.09       7.24e-4   0.46e-4
15.0     2.610    8.0      1.876  0.730       10.50       2.71e-4   0.19e-4
15.0     2.610    8.0      2.000  0.638       10.98       7.36e-5   1.21e-5
15.0     2.610    8.0      2.125  0.540       11.54       1.78e-5   0.41e-5
19.0     2.947    1.0      0.500  -0.317      1.18        9.87e+1   0.11e+1
19.0     2.947    1.0      0.625  -0.599      1.32        3.12e+1   0.02e+1
19.0     2.947    1.0      0.750  -0.992      1.59        8.70e+0   0.12e+0
19.0     2.947    1.0      0.875  -1.577      2.27        1.09e+0   0.02e+0
19.0     2.947    2.0      0.625  -0.035      2.25        2.20e+1   0.03e+1
19.0     2.947    2.0      0.750  -0.186      2.38        8.24e+0   0.15e+0
19.0     2.947    2.0      0.875  -0.370      2.56        3.17e+0   0.06e+0
19.0     2.947    2.0      1.000  -0.589      2.81        1.02e+0   0.02e+0
19.0     2.947    2.0      1.125  -0.848      3.19        2.78e-1   0.06e-1
19.0     2.947    2.0      1.250  -1.152      3.79        6.22e-2   0.24e-2
19.0     2.947    2.0      1.375  -1.511      4.85        9.12e-3   0.81e-3
19.0     2.947    2.0      1.500  -1.938      7.31        1.23e-3   0.28e-3
19.0     2.947    3.0      0.750  0.141       3.34        6.94e+0   0.16e+0
19.0     2.947    3.0      0.875  0.025       3.49        2.55e+0   0.03e+0
19.0     2.947    3.0      1.000  -0.110      3.68        9.77e-1   0.20e-1
19.0     2.947    3.0      1.125  -0.267      3.92        3.30e-1   0.07e-1
19.0     2.947    3.0      1.250  -0.444      4.24        1.13e-1   0.03e-1
19.0     2.947    3.0      1.375  -0.645      4.67        3.57e-2   0.08e-2
19.0     2.947    3.0      1.500  -0.871      5.27        9.88e-3   0.47e-3
19.0     2.947    3.0      1.625  -1.122      6.15        2.15e-3   0.09e-3
19.0     2.947    3.0      1.750  -1.403      7.56        4.70e-4   0.42e-4
19.0     2.947    3.0      1.875  -1.715      10.15       7.30e-5   1.08e-5
19.0     2.947    3.0      2.000  -2.064      16.42       2.47e-5   1.24e-5
19.0     2.947    4.0      0.875  0.294       4.47        2.26e+0   0.02e+0
19.0     2.947    4.0      1.000  0.194       4.63        9.04e-1   0.13e-1
19.0     2.947    4.0      1.125  0.081       4.84        3.20e-1   0.03e-1
19.0     2.947    4.0      1.250  -0.048      5.09        1.13e-1   0.02e-1
19.0     2.947    4.0      1.375  -0.191      5.41        4.28e-2   0.10e-2
19.0     2.947    4.0      1.500  -0.350      5.82        1.52e-2   0.03e-2
19.0     2.947    4.0      1.625  -0.524      6.34        5.15e-3   0.17e-3
19.0     2.947    4.0      1.750  -0.717      7.03        1.55e-3   0.09e-3
19.0     2.947    4.0      1.875  -0.926      7.99        3.90e-4   0.44e-4
19.0     2.947    4.0      2.000  -1.154      9.37        9.25e-5   1.85e-5
19.0     2.947    4.0      2.125  -1.403      11.54       2.04e-5   0.47e-5
19.0     2.947    5.0      1.125  0.347       5.00        2.91e-1   0.04e-1
19.0     2.947    5.0      1.250  0.246       6.03        1.10e-1   0.02e-1
19.0     2.947    5.0      1.375  0.134       6.30        4.17e-2   0.18e-2
19.0     2.947    5.0      1.500  0.010       6.64        1.69e-2   0.18e-2
19.0     2.947    5.0      1.625  -0.125      7.05        5.96e-3   0.18e-3
19.0     2.947    5.0      1.750  -0.273      7.56        2.12e-3   0.16e-3
19.0     2.947    5.0      1.875  -0.434      8.20        5.97e-4   0.28e-4
19.0     2.947    5.0      2.000  -0.647      9.03        1.72e-4   0.17e-4
19.0     2.947    5.0      2.125  -0.794      10.14       6.27e-5   0.92e-5
19.0     2.947    5.0      2.250  -0.995      11.67       1.58e-5   0.48e-5
19.0     2.947    5.0      2.375  -1.209      13.93       6.62e-6   3.32e-6
19.0     2.947    6.0      1.375  0.399       7.24        3.78e-2   0.06e-2
19.0     2.947    6.0      1.500  0.297       7.54        1.56e-2   0.04e-2
19.0     2.947    6.0      1.625  0.186       7.89        5.91e-3   0.27e-3
19.0     2.947    6.0      1.750  0.066       8.32        2.22e-3   0.07e-3
19.0     2.947    6.0      1.875  -0.065      8.84        7.77e-4   0.52e-4
19.0     2.947    6.0      2.000  -0.206      9.47        3.31e-4   0.32e-4
19.0     2.947    6.0      2.125  -0.357      10.26       8.68e-5   1.46e-5
19.0     2.947    6.0      2.250  -0.518      11.27       3.47e-5   0.85e-5
19.0     2.947    7.0      1.500  0.546       8.47        1.32e-2   0.04e-2
19.0     2.947    7.0      1.625  0.451       8.80        5.41e-3   0.28e-3
19.0     2.947    7.0      1.750  0.349       9.18        2.08e-3   0.14e-3
19.0     2.947    7.0      1.875  0.238       9.63        9.98e-4   0.75e-4
19.0     2.947    7.0      2.000  0.119       10.17       3.09e-4   0.26e-4
19.0     2.947    7.0      2.125  -0.007      10.82       7.96e-5   1.79e-5
19.0     2.947    7.0      2.250  -0.143      11.60       2.00e-5   0.52e-5
19.0     2.947    7.0      2.375  -0.288      12.58       1.03e-5   0.39e-5
19.0     2.947    8.0      1.627  0.686       9.74        4.56e-3   0.19e-3
19.0     2.947    8.0      1.750  0.599       10.09       2.03e-3   0.17e-3
19.0     2.947    8.0      1.876  0.502       10.50       7.86e-4   0.47e-4
19.0     2.947    8.0      2.001  0.400       10.98       2.65e-4   0.21e-4
19.0     2.947    8.0      2.125  0.290       11.54       9.58e-5   1.12e-5
19.0     2.947    8.0      2.250  0.172       12.21       3.40e-5   1.08e-5        
19.0     2.947    8.0      2.375  0.048       13.01       9.14e-6   3.47e-6        
19.0     2.947    8.0      2.500  -0.094      13.98       5.16e-6   1.46e-6        
