0.080 1.184 + 0.307  2.76 0.99  7.99                                                                  1.065
                                              0.0063           44. 62
                                        0, 86                                    92
                               -
                                 i. 06
         1.211 +0.139
0.125                   2.60            0.89                          1.096
                                              0.0074 . 6.77    44.46          254
         1.241 + 0. 113          1.11
0. 174                  2.44                                          1.098
                                        0.91  0.0074   5.78    44. 87         374
         1.154 +0.101
0.225                            1.16
                        2.28                           4.92
                                        0.93  0.0068                  1.147
                                                               44. 59         356
         1.072 ~ 0.092           1.19
0.273                                                  4.45
                                        0.94
                        2'. 20                                        1.200
                                              0.0056           46. 15         322
                                       '0. 95
                                 1.23
         0.658 + 0.074
0.325                                                  3.94
                        2. 08                                         1.118
                                              0.0077           46.82          249
         0.619 + 0.070           1.24
                        2.09
0.374                                                  3.91
                                        0.95  0.0072                        .
                                                               46.37    160   193
                                                                      1
                                                             .
         0.632 +0.071            1.23
0.425                   2. 10                                         1.159
                                                       3.94
                                              0.0089
                                        0.95                   46. 64         174
         0.569 + 0.067
0.476                            1.22
                        2. 12                          4.04
                                              0.0103
                                        0.95                          1.189
                                                               46. 17         141
0.523                            1.20
         0.345 + 0.048                                 4.33
                        2.20                                          1.166
                                        0.94  0.0097           45.34          101
                                                       4. 17
                                        0.95
         0.389 + 0.048
0.576                   2. 15    1.20                                 1.162
                                                               46. 11
                                              0.0089                          105
                                 1.20
         0.271 +0.040   2. 18                          4.28
                                        0.94
0.625                                                                 1.165
                                              0.0098           45.80            90
       .
                                 1.20
0.676                                                  4.26
                                        0.94
         0.312 + 0.038                                                1.129
                                              0.0088           45. 83
                        2'. 18                                                  94
                                       '0. 95                         1.120
                                                       4. 10
                        2. 14
0.722    0.227 + 0.030           1.21         0.0083           45.88            80
0.775                   2. 14
         0.260 + 0.030           1.22                  4.08           1.091
                                              0.0102           45. 88
                                        0..95                                   99
         0.351 + 0.040
0.824                            1.22   0.95           4.05
                        2. 14                                         1.144
                                              0.0089           45.70          113
         0.261 + 0.033           1.2.1
0.875                   2. 14                          4.09    46.09,
                                        0.95                          1.204
                                              0.0097                             84
0.921                            1.21
                        2. 16
         0.269+ 0.036                   0.94                          1.262
                                                       4. 16
                                              0.0088           45.71             75
                                                                               .
         1.014 + 0. 108          1.22
0.985                   2. 12                          3..98
                                        0.95                          1.515
                                              0.0091           45.85          190
         1.526 + 0. 150
1.012                            1.21
                        2. 12                          4.00
                                        0.95                          1.515
                                              0.0096           46. 19         296
