  6  12   0.160  36.000   0.013  4.1060e+05  1.8320e+05 Barreau:1983ht 
  6  12   0.160  36.000   0.018  4.0900e+05  1.4750e+05 Barreau:1983ht 
  6  12   0.160  36.000   0.022  7.9080e+05  1.4650e+05 Barreau:1983ht 
  6  12   0.160  36.000   0.028  5.4210e+05  1.2300e+05 Barreau:1983ht 
  6  12   0.161  60.000   0.008  1.4680e+05  1.9250e+04 Barreau:1983ht 
  6  12   0.161  60.000   0.013  8.1090e+04  1.0790e+04 Barreau:1983ht 
  6  12   0.161  60.000   0.018  9.6280e+04  9.2500e+03 Barreau:1983ht 
  6  12   0.161  60.000   0.023  1.4710e+05  9.3300e+03 Barreau:1983ht 
  6  12   0.161  60.000   0.028  1.3280e+05  8.3500e+03 Barreau:1983ht 
  6  12   0.161  60.000   0.033  1.0100e+05  7.3500e+03 Barreau:1983ht 
  6  12   0.161  60.000   0.038  8.4780e+04  6.8000e+03 Barreau:1983ht 
  6  12   0.161  60.000   0.043  7.1350e+04  6.3800e+03 Barreau:1983ht 
  6  12   0.161  60.000   0.048  5.8670e+04  6.0400e+03 Barreau:1983ht 
  6  12   0.200  36.000   0.018  4.3560e+05  7.8200e+04 Barreau:1983ht 
  6  12   0.200  36.000   0.022  6.0110e+05  7.5400e+04 Barreau:1983ht 
  6  12   0.200  36.000   0.028  6.5010e+05  7.0570e+04 Barreau:1983ht 
  6  12   0.200  36.000   0.033  4.5580e+05  5.8990e+04 Barreau:1983ht 
  6  12   0.200  36.000   0.037  3.7560e+05  5.3380e+04 Barreau:1983ht 
  6  12   0.200  36.000   0.043  2.7620e+05  4.7410e+04 Barreau:1983ht 
  6  12   0.200  36.000   0.048  2.0030e+05  4.2920e+04 Barreau:1983ht 
  6  12   0.200  60.000   0.007  1.6400e+05  1.2880e+04 Barreau:1983ht 
  6  12   0.200  60.000   0.013  8.4410e+04  5.9900e+03 Barreau:1983ht 
  6  12   0.200  60.000   0.018  5.1280e+04  4.2700e+03 Barreau:1983ht 
  6  12   0.200  60.000   0.022  7.7990e+04  4.7600e+03 Barreau:1983ht 
  6  12   0.200  60.000   0.028  8.2410e+04  4.7000e+03 Barreau:1983ht 
  6  12   0.200  60.000   0.033  7.4080e+04  4.3500e+03 Barreau:1983ht 
  6  12   0.200  60.000   0.037  6.8520e+04  4.1700e+03 Barreau:1983ht 
  6  12   0.200  60.000   0.043  6.4950e+04  4.0700e+03 Barreau:1983ht 
  6  12   0.200  60.000   0.048  5.6440e+04  3.8400e+03 Barreau:1983ht 
  6  12   0.200  60.000   0.052  4.7050e+04  3.6400e+03 Barreau:1983ht 
  6  12   0.200  60.000   0.058  3.9000e+04  3.5700e+03 Barreau:1983ht 
  6  12   0.200  60.000   0.062  3.1660e+04  3.3800e+03 Barreau:1983ht 
  6  12   0.200  60.000   0.068  2.6050e+04  3.2000e+03 Barreau:1983ht 
  6  12   0.240  36.000   0.013  3.6130e+05  5.0450e+04 Barreau:1983ht 
  6  12   0.240  36.000   0.018  3.0410e+05  4.1200e+04 Barreau:1983ht 
  6  12   0.240  36.000   0.022  4.9720e+05  4.3530e+04 Barreau:1983ht 
  6  12   0.240  36.000   0.028  4.6210e+05  3.9490e+04 Barreau:1983ht 
  6  12   0.240  36.000   0.033  3.6150e+05  3.4100e+04 Barreau:1983ht 
  6  12   0.240  36.000   0.037  2.9120e+05  3.0190e+04 Barreau:1983ht 
  6  12   0.240  36.000   0.043  2.6000e+05  2.8030e+04 Barreau:1983ht 
  6  12   0.240  36.000   0.048  2.0660e+05  2.5240e+04 Barreau:1983ht 
  6  12   0.240  36.000   0.052  1.9790e+05  2.4360e+04 Barreau:1983ht 
  6  12   0.240  36.000   0.058  1.3830e+05  1.9810e+04 Barreau:1983ht 
  6  12   0.240  36.000   0.062  1.0220e+05  1.8420e+04 Barreau:1983ht 
  6  12   0.240  60.000   0.003  2.7070e+05  7.1800e+03 Barreau:1983ht 
  6  12   0.240  60.000   0.008  1.0670e+05  4.1200e+03 Barreau:1983ht 
  6  12   0.240  60.000   0.013  6.0580e+04  1.8000e+03 Barreau:1983ht 
  6  12   0.240  60.000   0.018  3.3090e+04  1.3200e+03 Barreau:1983ht 
  6  12   0.240  60.000   0.023  4.3270e+04  1.4000e+03 Barreau:1983ht 
  6  12   0.240  60.000   0.028  4.5830e+04  1.3700e+03 Barreau:1983ht 
  6  12   0.240  60.000   0.033  4.8900e+04  1.4000e+03 Barreau:1983ht 
  6  12   0.240  60.000   0.038  4.7980e+04  1.4000e+03 Barreau:1983ht 
  6  12   0.240  60.000   0.043  4.8650e+04  1.4400e+03 Barreau:1983ht 
  6  12   0.240  60.000   0.048  4.6260e+04  1.4200e+03 Barreau:1983ht 
  6  12   0.240  60.000   0.053  4.3750e+04  1.4100e+03 Barreau:1983ht 
  6  12   0.240  60.000   0.058  3.9630e+04  1.3900e+03 Barreau:1983ht 
  6  12   0.240  60.000   0.063  3.3680e+04  1.3100e+03 Barreau:1983ht 
  6  12   0.240  60.000   0.068  2.9580e+04  1.2500e+03 Barreau:1983ht 
  6  12   0.240  60.000   0.073  2.4830e+04  1.2200e+03 Barreau:1983ht 
  6  12   0.240  60.000   0.078  1.9880e+04  1.1600e+03 Barreau:1983ht 
  6  12   0.240  60.000   0.083  1.6970e+04  1.1100e+03 Barreau:1983ht 
  6  12   0.240  60.000   0.088  1.4830e+04  1.1100e+03 Barreau:1983ht 
  6  12   0.240  60.000   0.093  1.2020e+04  1.0900e+03 Barreau:1983ht 
  6  12   0.240  60.000   0.098  1.0710e+04  1.1000e+03 Barreau:1983ht 
  6  12   0.240  60.000   0.103  9.6500e+03  1.1400e+03 Barreau:1983ht 
  6  12   0.240  60.000   0.108  7.1400e+03  1.1200e+03 Barreau:1983ht 
  6  12   0.280  60.000   0.003  4.8190e+04  1.1800e+03 Barreau:1983ht 
  6  12   0.280  60.000   0.008  5.6900e+04  1.6500e+03 Barreau:1983ht 
  6  12   0.280  60.000   0.013  3.9620e+04  8.1000e+02 Barreau:1983ht 
  6  12   0.280  60.000   0.018  2.1640e+04  5.3000e+02 Barreau:1983ht 
  6  12   0.280  60.000   0.023  2.6140e+04  5.8000e+02 Barreau:1983ht 
  6  12   0.280  60.000   0.028  2.6300e+04  5.7000e+02 Barreau:1983ht 
  6  12   0.280  60.000   0.033  3.1910e+04  6.5000e+02 Barreau:1983ht 
  6  12   0.280  60.000   0.038  3.4420e+04  7.1000e+02 Barreau:1983ht 
  6  12   0.280  60.000   0.043  3.6160e+04  7.4000e+02 Barreau:1983ht 
  6  12   0.280  60.000   0.048  3.8100e+04  7.9000e+02 Barreau:1983ht 
  6  12   0.280  60.000   0.053  3.8150e+04  8.1000e+02 Barreau:1983ht 
  6  12   0.280  60.000   0.058  3.6760e+04  8.1000e+02 Barreau:1983ht 
  6  12   0.280  60.000   0.063  3.4670e+04  8.0000e+02 Barreau:1983ht 
  6  12   0.280  60.000   0.068  3.1680e+04  7.8000e+02 Barreau:1983ht 
  6  12   0.280  60.000   0.073  2.8410e+04  7.4000e+02 Barreau:1983ht 
  6  12   0.280  60.000   0.078  2.4830e+04  7.0000e+02 Barreau:1983ht 
  6  12   0.280  60.000   0.083  2.1360e+04  6.6000e+02 Barreau:1983ht 
  6  12   0.280  60.000   0.088  1.8460e+04  6.3000e+02 Barreau:1983ht 
  6  12   0.280  60.000   0.093  1.5560e+04  5.9000e+02 Barreau:1983ht 
  6  12   0.280  60.000   0.098  1.3460e+04  5.7000e+02 Barreau:1983ht 
  6  12   0.280  60.000   0.103  1.1320e+04  5.5000e+02 Barreau:1983ht 
  6  12   0.280  60.000   0.108  1.0140e+04  5.5000e+02 Barreau:1983ht 
  6  12   0.280  60.000   0.113  8.6400e+03  5.4000e+02 Barreau:1983ht 
  6  12   0.280  60.000   0.118  7.6600e+03  5.4000e+02 Barreau:1983ht 
  6  12   0.280  60.000   0.123  6.4900e+03  5.4000e+02 Barreau:1983ht 
  6  12   0.280  60.000   0.128  5.8400e+03  5.5000e+02 Barreau:1983ht 
  6  12   0.280  60.000   0.133  5.3700e+03  5.7000e+02 Barreau:1983ht 
  6  12   0.280  60.000   0.138  4.9300e+03  6.0000e+02 Barreau:1983ht 
  6  12   0.320  36.000   0.013  2.8410e+05  1.7800e+04 Barreau:1983ht 
  6  12   0.320  36.000   0.018  1.5420e+05  1.1790e+04 Barreau:1983ht 
  6  12   0.320  36.000   0.022  1.8710e+05  1.1970e+04 Barreau:1983ht 
  6  12   0.320  36.000   0.028  2.6020e+05  1.3810e+04 Barreau:1983ht 
  6  12   0.320  36.000   0.033  2.2770e+05  1.2390e+04 Barreau:1983ht 
  6  12   0.320  36.000   0.037  2.0430e+05  1.1440e+04 Barreau:1983ht 
  6  12   0.320  36.000   0.043  1.8800e+05  1.0770e+04 Barreau:1983ht 
  6  12   0.320  36.000   0.048  1.7590e+05  1.0270e+04 Barreau:1983ht 
  6  12   0.320  36.000   0.052  1.5170e+05  9.4100e+03 Barreau:1983ht 
  6  12   0.320  36.000   0.058  1.3370e+05  8.7700e+03 Barreau:1983ht 
  6  12   0.320  36.000   0.062  1.0750e+05  7.8600e+03 Barreau:1983ht 
  6  12   0.320  36.000   0.068  9.1440e+04  7.2700e+03 Barreau:1983ht 
  6  12   0.320  36.000   0.072  7.8750e+04  6.8000e+03 Barreau:1983ht 
  6  12   0.320  36.000   0.077  6.1850e+04  6.1900e+03 Barreau:1983ht 
  6  12   0.320  36.000   0.083  5.1520e+04  5.8100e+03 Barreau:1983ht 
  6  12   0.320  36.000   0.087  4.3880e+04  5.5200e+03 Barreau:1983ht 
  6  12   0.320  36.000   0.092  3.2750e+04  4.7900e+03 Barreau:1983ht 
  6  12   0.320  60.000   0.003  4.6900e+03  1.6000e+02 Barreau:1983ht 
  6  12   0.320  60.000   0.008  3.0210e+04  7.8000e+02 Barreau:1983ht 
  6  12   0.320  60.000   0.013  2.3290e+04  4.3000e+02 Barreau:1983ht 
  6  12   0.320  60.000   0.018  1.6330e+04  3.2000e+02 Barreau:1983ht 
  6  12   0.320  60.000   0.023  1.8660e+04  3.6000e+02 Barreau:1983ht 
  6  12   0.320  60.000   0.028  1.7660e+04  3.5000e+02 Barreau:1983ht 
  6  12   0.320  60.000   0.033  2.0770e+04  4.0000e+02 Barreau:1983ht 
  6  12   0.320  60.000   0.038  2.1380e+04  4.1000e+02 Barreau:1983ht 
  6  12   0.320  60.000   0.043  2.3300e+04  4.4000e+02 Barreau:1983ht 
  6  12   0.320  60.000   0.048  2.4740e+04  4.7000e+02 Barreau:1983ht 
  6  12   0.320  60.000   0.053  2.5830e+04  4.9000e+02 Barreau:1983ht 
  6  12   0.320  60.000   0.058  2.6260e+04  5.1000e+02 Barreau:1983ht 
  6  12   0.320  60.000   0.063  2.6370e+04  5.3000e+02 Barreau:1983ht 
  6  12   0.320  60.000   0.068  2.5960e+04  5.4000e+02 Barreau:1983ht 
  6  12   0.320  60.000   0.073  2.4810e+04  5.4000e+02 Barreau:1983ht 
  6  12   0.320  60.000   0.078  2.2320e+04  5.1000e+02 Barreau:1983ht 
  6  12   0.320  60.000   0.083  2.0460e+04  4.9000e+02 Barreau:1983ht 
  6  12   0.320  60.000   0.088  1.8140e+04  4.6000e+02 Barreau:1983ht 
  6  12   0.320  60.000   0.093  1.5960e+04  4.4000e+02 Barreau:1983ht 
  6  12   0.320  60.000   0.098  1.4210e+04  4.2000e+02 Barreau:1983ht 
  6  12   0.320  60.000   0.103  1.2220e+04  4.0000e+02 Barreau:1983ht 
  6  12   0.320  60.000   0.108  1.0730e+04  3.8000e+02 Barreau:1983ht 
  6  12   0.320  60.000   0.113  9.3200e+03  3.7000e+02 Barreau:1983ht 
  6  12   0.320  60.000   0.118  8.1500e+03  3.5000e+02 Barreau:1983ht 
  6  12   0.320  60.000   0.123  7.1400e+03  3.4000e+02 Barreau:1983ht 
  6  12   0.320  60.000   0.128  6.1800e+03  3.3000e+02 Barreau:1983ht 
  6  12   0.320  60.000   0.133  5.6800e+03  3.2000e+02 Barreau:1983ht 
  6  12   0.320  60.000   0.138  5.2600e+03  3.2000e+02 Barreau:1983ht 
  6  12   0.320  60.000   0.143  4.6000e+03  3.2000e+02 Barreau:1983ht 
  6  12   0.320  60.000   0.148  4.1800e+03  3.3000e+02 Barreau:1983ht 
  6  12   0.320  60.000   0.153  3.8100e+03  3.4000e+02 Barreau:1983ht 
  6  12   0.320  60.000   0.158  3.3900e+03  3.5000e+02 Barreau:1983ht 
  6  12   0.320  60.000   0.163  3.0500e+03  3.6000e+02 Barreau:1983ht 
  6  12   0.320  60.000   0.168  2.8600e+03  3.9000e+02 Barreau:1983ht 
  6  12   0.361  60.000   0.003  2.0000e+02  8.0000e+01 Barreau:1983ht 
  6  12   0.361  60.000   0.008  8.0100e+03  2.7000e+02 Barreau:1983ht 
  6  12   0.361  60.000   0.013  8.5300e+03  2.1000e+02 Barreau:1983ht 
  6  12   0.361  60.000   0.018  8.8100e+03  1.6000e+02 Barreau:1983ht 
  6  12   0.361  60.000   0.023  9.2000e+03  1.9000e+02 Barreau:1983ht 
  6  12   0.361  60.000   0.028  9.2400e+03  1.7000e+02 Barreau:1983ht 
  6  12   0.361  60.000   0.033  1.0600e+04  1.9000e+02 Barreau:1983ht 
  6  12   0.361  60.000   0.038  1.1880e+04  2.1000e+02 Barreau:1983ht 
  6  12   0.361  60.000   0.043  1.3230e+04  2.3000e+02 Barreau:1983ht 
  6  12   0.361  60.000   0.048  1.4690e+04  2.6000e+02 Barreau:1983ht 
  6  12   0.361  60.000   0.053  1.6020e+04  2.8000e+02 Barreau:1983ht 
  6  12   0.361  60.000   0.058  1.7330e+04  3.0000e+02 Barreau:1983ht 
  6  12   0.361  60.000   0.063  1.8280e+04  3.2000e+02 Barreau:1983ht 
  6  12   0.361  60.000   0.068  1.9050e+04  3.3000e+02 Barreau:1983ht 
  6  12   0.361  60.000   0.073  1.9330e+04  3.5000e+02 Barreau:1983ht 
  6  12   0.361  60.000   0.078  1.9400e+04  3.6000e+02 Barreau:1983ht 
  6  12   0.361  60.000   0.083  1.8910e+04  3.6000e+02 Barreau:1983ht 
  6  12   0.361  60.000   0.088  1.7980e+04  3.5000e+02 Barreau:1983ht 
  6  12   0.361  60.000   0.093  1.7180e+04  3.4000e+02 Barreau:1983ht 
  6  12   0.361  60.000   0.098  1.5760e+04  3.3000e+02 Barreau:1983ht 
  6  12   0.361  60.000   0.103  1.4450e+04  3.2000e+02 Barreau:1983ht 
  6  12   0.361  60.000   0.108  1.2910e+04  3.0000e+02 Barreau:1983ht 
  6  12   0.361  60.000   0.113  1.1670e+04  2.9000e+02 Barreau:1983ht 
  6  12   0.361  60.000   0.118  1.0250e+04  2.7000e+02 Barreau:1983ht 
  6  12   0.361  60.000   0.123  9.0500e+03  2.5000e+02 Barreau:1983ht 
  6  12   0.361  60.000   0.128  8.0700e+03  2.4000e+02 Barreau:1983ht 
  6  12   0.361  60.000   0.133  7.0500e+03  2.3000e+02 Barreau:1983ht 
  6  12   0.361  60.000   0.138  6.3500e+03  2.2000e+02 Barreau:1983ht 
  6  12   0.361  60.000   0.143  5.5600e+03  2.1000e+02 Barreau:1983ht 
  6  12   0.361  60.000   0.148  5.0200e+03  2.1000e+02 Barreau:1983ht 
  6  12   0.361  60.000   0.153  4.6700e+03  2.1000e+02 Barreau:1983ht 
  6  12   0.361  60.000   0.158  4.2300e+03  2.0000e+02 Barreau:1983ht 
  6  12   0.361  60.000   0.163  3.8100e+03  2.0000e+02 Barreau:1983ht 
  6  12   0.361  60.000   0.168  3.7100e+03  2.1000e+02 Barreau:1983ht 
  6  12   0.361  60.000   0.173  3.4200e+03  2.1000e+02 Barreau:1983ht 
  6  12   0.361  60.000   0.178  3.3300e+03  2.2000e+02 Barreau:1983ht 
  6  12   0.361  60.000   0.183  3.2000e+03  2.3000e+02 Barreau:1983ht 
  6  12   0.361  60.000   0.188  3.1800e+03  2.5000e+02 Barreau:1983ht 
  6  12   0.361  60.000   0.193  3.2200e+03  2.6000e+02 Barreau:1983ht 
  6  12   0.361  60.000   0.198  3.2400e+03  2.8000e+02 Barreau:1983ht 
  6  12   0.361  60.000   0.203  3.3300e+03  3.0000e+02 Barreau:1983ht 
  6  12   0.361  60.000   0.208  3.4000e+03  3.3000e+02 Barreau:1983ht 
  6  12   0.361  60.000   0.213  3.5900e+03  3.6000e+02 Barreau:1983ht 
  6  12   0.361  60.000   0.218  3.8700e+03  3.9000e+02 Barreau:1983ht 
  6  12   0.361  60.000   0.223  4.0600e+03  4.3000e+02 Barreau:1983ht 
  6  12   0.361  60.000   0.228  4.2900e+03  4.8000e+02 Barreau:1983ht 
  6  12   0.400  36.000   0.013  1.8100e+05  7.5500e+03 Barreau:1983ht 
  6  12   0.400  36.000   0.018  1.2450e+05  5.7000e+03 Barreau:1983ht 
  6  12   0.400  36.000   0.022  1.1090e+05  5.2600e+03 Barreau:1983ht 
  6  12   0.400  36.000   0.028  1.2570e+05  5.6500e+03 Barreau:1983ht 
  6  12   0.400  36.000   0.033  1.3790e+05  5.9900e+03 Barreau:1983ht 
  6  12   0.400  36.000   0.037  1.3980e+05  6.0600e+03 Barreau:1983ht 
  6  12   0.400  36.000   0.043  1.3240e+05  5.8700e+03 Barreau:1983ht 
  6  12   0.400  36.000   0.048  1.3420e+05  5.5100e+03 Barreau:1983ht 
  6  12   0.400  36.000   0.052  1.2990e+05  5.4000e+03 Barreau:1983ht 
  6  12   0.400  36.000   0.058  1.2290e+05  5.1900e+03 Barreau:1983ht 
  6  12   0.400  36.000   0.062  1.1540e+05  4.9800e+03 Barreau:1983ht 
  6  12   0.400  36.000   0.068  9.6580e+04  4.4400e+03 Barreau:1983ht 
  6  12   0.400  36.000   0.072  8.9120e+04  4.2200e+03 Barreau:1983ht 
  6  12   0.400  36.000   0.077  7.7230e+04  3.8500e+03 Barreau:1983ht 
  6  12   0.400  36.000   0.083  6.3340e+04  3.4300e+03 Barreau:1983ht 
  6  12   0.400  36.000   0.087  5.6660e+04  3.2100e+03 Barreau:1983ht 
  6  12   0.400  36.000   0.092  4.8490e+04  2.9500e+03 Barreau:1983ht 
  6  12   0.400  36.000   0.098  4.1300e+04  2.7200e+03 Barreau:1983ht 
  6  12   0.400  36.000   0.102  3.4030e+04  2.4900e+03 Barreau:1983ht 
  6  12   0.400  36.000   0.107  3.0360e+04  2.3700e+03 Barreau:1983ht 
  6  12   0.400  36.000   0.113  2.4060e+04  2.1700e+03 Barreau:1983ht 
  6  12   0.400  36.000   0.117  2.1810e+04  1.9700e+03 Barreau:1983ht 
  6  12   0.400  36.000   0.122  1.9590e+04  2.0600e+03 Barreau:1983ht 
  6  12   0.400  36.000   0.128  1.6400e+04  1.9600e+03 Barreau:1983ht 
  6  12   0.400  36.000   0.133  1.5700e+04  1.9600e+03 Barreau:1983ht 
  6  12   0.400  36.000   0.138  1.3260e+04  1.9000e+03 Barreau:1983ht 
  6  12   0.400  36.000   0.142  1.2450e+04  1.9000e+03 Barreau:1983ht 
  6  12   0.400  36.000   0.147  1.3530e+04  1.9600e+03 Barreau:1983ht 
  6  12   0.400  36.000   0.152  1.1870e+04  1.9400e+03 Barreau:1983ht 
  6  12   0.400  36.000   0.158  1.0200e+04  1.9200e+03 Barreau:1983ht 
  6  12   0.401  60.000   0.009  1.0500e+03  4.0000e+01 Barreau:1983ht 
  6  12   0.401  60.000   0.013  4.4400e+03  1.0000e+02 Barreau:1983ht 
  6  12   0.401  60.000   0.018  4.7100e+03  1.0000e+02 Barreau:1983ht 
  6  12   0.401  60.000   0.024  4.2000e+03  9.0000e+01 Barreau:1983ht 
  6  12   0.401  60.000   0.029  6.1500e+03  1.2000e+02 Barreau:1983ht 
  6  12   0.401  60.000   0.034  5.8300e+03  1.1000e+02 Barreau:1983ht 
  6  12   0.401  60.000   0.038  6.9400e+03  1.3000e+02 Barreau:1983ht 
  6  12   0.401  60.000   0.043  7.8800e+03  1.4000e+02 Barreau:1983ht 
  6  12   0.401  60.000   0.049  8.9100e+03  1.6000e+02 Barreau:1983ht 
  6  12   0.401  60.000   0.053  1.0170e+04  1.8000e+02 Barreau:1983ht 
  6  12   0.401  60.000   0.059  1.0980e+04  1.9000e+02 Barreau:1983ht 
  6  12   0.401  60.000   0.064  1.1980e+04  2.0000e+02 Barreau:1983ht 
  6  12   0.401  60.000   0.069  1.2940e+04  2.2000e+02 Barreau:1983ht 
  6  12   0.401  60.000   0.073  1.3590e+04  2.4000e+02 Barreau:1983ht 
  6  12   0.401  60.000   0.079  1.3680e+04  2.5000e+02 Barreau:1983ht 
  6  12   0.401  60.000   0.084  1.4260e+04  2.7000e+02 Barreau:1983ht 
  6  12   0.401  60.000   0.088  1.4610e+04  2.7000e+02 Barreau:1983ht 
  6  12   0.401  60.000   0.093  1.4300e+04  2.7000e+02 Barreau:1983ht 
  6  12   0.401  60.000   0.099  1.3830e+04  2.8000e+02 Barreau:1983ht 
  6  12   0.401  60.000   0.103  1.3420e+04  2.8000e+02 Barreau:1983ht 
  6  12   0.401  60.000   0.108  1.2540e+04  2.7000e+02 Barreau:1983ht 
  6  12   0.401  60.000   0.114  1.2050e+04  2.6000e+02 Barreau:1983ht 
  6  12   0.401  60.000   0.118  1.1140e+04  2.4000e+02 Barreau:1983ht 
  6  12   0.401  60.000   0.123  1.0350e+04  2.3000e+02 Barreau:1983ht 
  6  12   0.401  60.000   0.129  9.1100e+03  2.2000e+02 Barreau:1983ht 
  6  12   0.401  60.000   0.134  8.2800e+03  2.1000e+02 Barreau:1983ht 
  6  12   0.401  60.000   0.139  7.5300e+03  2.0000e+02 Barreau:1983ht 
  6  12   0.401  60.000   0.143  6.8000e+03  1.9000e+02 Barreau:1983ht 
  6  12   0.401  60.000   0.148  6.2700e+03  1.8000e+02 Barreau:1983ht 
  6  12   0.401  60.000   0.153  5.6400e+03  1.7000e+02 Barreau:1983ht 
  6  12   0.401  60.000   0.159  5.1400e+03  1.6000e+02 Barreau:1983ht 
  6  12   0.401  60.000   0.164  4.7400e+03  1.6000e+02 Barreau:1983ht 
  6  12   0.401  60.000   0.169  4.4100e+03  1.5000e+02 Barreau:1983ht 
  6  12   0.401  60.000   0.173  4.1500e+03  1.5000e+02 Barreau:1983ht 
  6  12   0.401  60.000   0.178  3.8400e+03  1.5000e+02 Barreau:1983ht 
  6  12   0.401  60.000   0.183  3.6900e+03  1.5000e+02 Barreau:1983ht 
  6  12   0.401  60.000   0.189  3.5200e+03  1.5000e+02 Barreau:1983ht 
  6  12   0.401  60.000   0.194  3.4500e+03  1.5000e+02 Barreau:1983ht 
  6  12   0.401  60.000   0.199  3.4300e+03  1.5000e+02 Barreau:1983ht 
  6  12   0.401  60.000   0.203  3.4500e+03  1.6000e+02 Barreau:1983ht 
  6  12   0.401  60.000   0.208  3.4200e+03  1.7000e+02 Barreau:1983ht 
  6  12   0.401  60.000   0.213  3.4900e+03  1.8000e+02 Barreau:1983ht 
  6  12   0.401  60.000   0.218  3.6500e+03  1.9000e+02 Barreau:1983ht 
  6  12   0.401  60.000   0.224  3.7700e+03  2.1000e+02 Barreau:1983ht 
  6  12   0.401  60.000   0.229  3.8800e+03  2.2000e+02 Barreau:1983ht 
  6  12   0.401  60.000   0.234  4.0400e+03  2.4000e+02 Barreau:1983ht 
  6  12   0.401  60.000   0.238  4.2300e+03  2.6000e+02 Barreau:1983ht 
  6  12   0.401  60.000   0.243  4.4200e+03  2.8000e+02 Barreau:1983ht 
  6  12   0.401  60.000   0.248  4.5700e+03  3.1000e+02 Barreau:1983ht 
  6  12   0.401  60.000   0.254  4.7800e+03  3.4000e+02 Barreau:1983ht 
  6  12   0.401  60.000   0.259  5.0800e+03  3.7000e+02 Barreau:1983ht 
  6  12   0.401  60.000   0.264  5.1700e+03  4.1000e+02 Barreau:1983ht 
  6  12   0.401  60.000   0.269  5.1100e+03  4.4000e+02 Barreau:1983ht 
  6  12   0.440  60.000   0.007  8.3000e+02  3.0000e+01 Barreau:1983ht 
  6  12   0.440  60.000   0.013  1.2100e+03  4.0000e+01 Barreau:1983ht 
  6  12   0.440  60.000   0.018  1.3200e+03  3.0000e+01 Barreau:1983ht 
  6  12   0.440  60.000   0.022  1.7700e+03  3.0000e+01 Barreau:1983ht 
  6  12   0.440  60.000   0.028  2.9600e+03  5.0000e+01 Barreau:1983ht 
  6  12   0.440  60.000   0.033  3.1400e+03  6.0000e+01 Barreau:1983ht 
  6  12   0.440  60.000   0.037  3.6400e+03  6.0000e+01 Barreau:1983ht 
  6  12   0.440  60.000   0.043  4.3600e+03  7.0000e+01 Barreau:1983ht 
  6  12   0.440  60.000   0.048  4.9400e+03  8.0000e+01 Barreau:1983ht 
  6  12   0.440  60.000   0.052  5.8000e+03  9.0000e+01 Barreau:1983ht 
  6  12   0.440  60.000   0.058  6.5300e+03  1.0000e+02 Barreau:1983ht 
  6  12   0.440  60.000   0.062  7.4400e+03  1.2000e+02 Barreau:1983ht 
  6  12   0.440  60.000   0.068  8.0900e+03  1.3000e+02 Barreau:1983ht 
  6  12   0.440  60.000   0.072  8.9200e+03  1.4000e+02 Barreau:1983ht 
  6  12   0.440  60.000   0.077  9.4700e+03  1.5000e+02 Barreau:1983ht 
  6  12   0.440  60.000   0.083  9.9500e+03  1.6000e+02 Barreau:1983ht 
  6  12   0.440  60.000   0.087  1.0260e+04  1.7000e+02 Barreau:1983ht 
  6  12   0.440  60.000   0.092  1.0760e+04  1.8000e+02 Barreau:1983ht 
  6  12   0.440  60.000   0.098  1.0920e+04  1.9000e+02 Barreau:1983ht 
  6  12   0.440  60.000   0.102  1.1230e+04  2.0000e+02 Barreau:1983ht 
  6  12   0.440  60.000   0.107  1.1070e+04  2.0000e+02 Barreau:1983ht 
  6  12   0.440  60.000   0.113  1.0810e+04  2.0000e+02 Barreau:1983ht 
  6  12   0.440  60.000   0.117  1.0590e+04  2.0000e+02 Barreau:1983ht 
  6  12   0.440  60.000   0.122  1.0170e+04  2.1000e+02 Barreau:1983ht 
  6  12   0.440  60.000   0.128  9.6400e+03  2.0000e+02 Barreau:1983ht 
  6  12   0.440  60.000   0.133  8.8100e+03  2.0000e+02 Barreau:1983ht 
  6  12   0.440  60.000   0.138  8.3800e+03  2.0000e+02 Barreau:1983ht 
  6  12   0.440  60.000   0.142  7.5600e+03  1.9000e+02 Barreau:1983ht 
  6  12   0.440  60.000   0.147  7.0100e+03  1.8000e+02 Barreau:1983ht 
  6  12   0.440  60.000   0.152  6.2900e+03  1.6000e+02 Barreau:1983ht 
  6  12   0.440  60.000   0.158  5.2900e+03  1.5000e+02 Barreau:1983ht 
  6  12   0.440  60.000   0.163  5.3600e+03  2.0000e+02 Barreau:1983ht 
  6  12   0.440  60.000   0.168  4.7300e+03  1.5000e+02 Barreau:1983ht 
  6  12   0.440  60.000   0.172  4.4100e+03  1.3000e+02 Barreau:1983ht 
  6  12   0.440  60.000   0.177  3.9000e+03  1.3000e+02 Barreau:1983ht 
  6  12   0.440  60.000   0.182  3.5500e+03  1.2000e+02 Barreau:1983ht 
  6  12   0.440  60.000   0.188  3.5500e+03  1.2000e+02 Barreau:1983ht 
  6  12   0.440  60.000   0.193  3.2500e+03  1.1000e+02 Barreau:1983ht 
  6  12   0.440  60.000   0.198  3.3800e+03  1.1000e+02 Barreau:1983ht 
  6  12   0.440  60.000   0.203  3.2800e+03  1.1000e+02 Barreau:1983ht 
  6  12   0.440  60.000   0.207  3.1600e+03  1.1000e+02 Barreau:1983ht 
  6  12   0.440  60.000   0.212  3.2000e+03  1.1000e+02 Barreau:1983ht 
  6  12   0.440  60.000   0.217  3.2300e+03  1.2000e+02 Barreau:1983ht 
  6  12   0.440  60.000   0.223  3.2500e+03  1.2000e+02 Barreau:1983ht 
  6  12   0.440  60.000   0.228  3.2800e+03  1.2000e+02 Barreau:1983ht 
  6  12   0.440  60.000   0.233  3.3800e+03  1.3000e+02 Barreau:1983ht 
  6  12   0.440  60.000   0.237  3.4900e+03  1.4000e+02 Barreau:1983ht 
  6  12   0.440  60.000   0.242  3.6800e+03  1.5000e+02 Barreau:1983ht 
  6  12   0.440  60.000   0.247  3.7600e+03  1.5000e+02 Barreau:1983ht 
  6  12   0.440  60.000   0.253  3.9000e+03  1.6000e+02 Barreau:1983ht 
  6  12   0.440  60.000   0.258  3.9900e+03  1.8000e+02 Barreau:1983ht 
  6  12   0.440  60.000   0.263  4.1000e+03  1.9000e+02 Barreau:1983ht 
  6  12   0.440  60.000   0.268  4.2600e+03  2.0000e+02 Barreau:1983ht 
  6  12   0.440  60.000   0.273  4.3800e+03  2.2000e+02 Barreau:1983ht 
  6  12   0.440  60.000   0.278  4.5400e+03  2.4000e+02 Barreau:1983ht 
  6  12   0.480  36.000   0.013  1.0170e+05  3.3800e+03 Barreau:1983ht 
  6  12   0.480  36.000   0.018  8.2540e+04  2.8800e+03 Barreau:1983ht 
  6  12   0.480  36.000   0.022  6.2480e+04  2.3800e+03 Barreau:1983ht 
  6  12   0.480  36.000   0.028  6.0700e+04  2.3600e+03 Barreau:1983ht 
  6  12   0.480  36.000   0.033  7.4870e+04  2.7900e+03 Barreau:1983ht 
  6  12   0.480  36.000   0.037  7.6930e+04  2.8800e+03 Barreau:1983ht 
  6  12   0.480  36.000   0.043  8.2520e+04  2.8200e+03 Barreau:1983ht 
  6  12   0.480  36.000   0.048  8.6860e+04  2.9700e+03 Barreau:1983ht 
  6  12   0.480  36.000   0.052  9.0870e+04  3.1300e+03 Barreau:1983ht 
  6  12   0.480  36.000   0.058  9.0590e+04  3.1800e+03 Barreau:1983ht 
  6  12   0.480  36.000   0.062  8.8260e+04  3.1500e+03 Barreau:1983ht 
  6  12   0.480  36.000   0.068  8.6560e+04  3.1300e+03 Barreau:1983ht 
  6  12   0.480  36.000   0.072  8.0110e+04  2.9700e+03 Barreau:1983ht 
  6  12   0.480  36.000   0.077  7.4390e+04  2.8200e+03 Barreau:1983ht 
  6  12   0.480  36.000   0.083  6.8270e+04  2.6600e+03 Barreau:1983ht 
  6  12   0.480  36.000   0.087  6.2230e+04  2.4900e+03 Barreau:1983ht 
  6  12   0.480  36.000   0.092  5.5530e+04  2.2900e+03 Barreau:1983ht 
  6  12   0.480  36.000   0.098  4.8520e+04  2.0900e+03 Barreau:1983ht 
  6  12   0.480  36.000   0.102  4.2720e+04  1.9100e+03 Barreau:1983ht 
  6  12   0.480  36.000   0.107  3.6610e+04  1.7300e+03 Barreau:1983ht 
  6  12   0.480  36.000   0.113  3.2870e+04  1.6100e+03 Barreau:1983ht 
  6  12   0.480  36.000   0.117  2.8140e+04  1.4600e+03 Barreau:1983ht 
  6  12   0.480  36.000   0.122  2.4910e+04  1.3600e+03 Barreau:1983ht 
  6  12   0.480  36.000   0.128  2.2050e+04  1.2400e+03 Barreau:1983ht 
  6  12   0.480  36.000   0.133  1.9570e+04  1.1600e+03 Barreau:1983ht 
  6  12   0.480  36.000   0.138  1.7090e+04  1.2300e+03 Barreau:1983ht 
  6  12   0.480  36.000   0.142  1.4850e+04  1.1500e+03 Barreau:1983ht 
  6  12   0.480  36.000   0.147  1.4320e+04  1.1300e+03 Barreau:1983ht 
  6  12   0.480  36.000   0.152  1.2820e+04  1.0900e+03 Barreau:1983ht 
  6  12   0.480  36.000   0.158  1.1860e+04  1.0600e+03 Barreau:1983ht 
  6  12   0.480  36.000   0.163  1.1580e+04  1.0500e+03 Barreau:1983ht 
  6  12   0.480  36.000   0.168  1.1460e+04  1.0500e+03 Barreau:1983ht 
  6  12   0.480  36.000   0.172  1.1510e+04  1.0600e+03 Barreau:1983ht 
  6  12   0.480  36.000   0.177  1.1320e+04  1.0600e+03 Barreau:1983ht 
  6  12   0.480  36.000   0.182  1.0280e+04  1.0400e+03 Barreau:1983ht 
  6  12   0.480  36.000   0.188  9.8700e+03  1.0400e+03 Barreau:1983ht 
  6  12   0.480  36.000   0.193  9.1000e+03  1.0300e+03 Barreau:1983ht 
  6  12   0.480  36.000   0.198  9.8700e+03  9.6000e+02 Barreau:1983ht 
  6  12   0.480  36.000   0.203  1.0450e+04  9.9000e+02 Barreau:1983ht 
  6  12   0.480  36.000   0.207  1.1760e+04  1.1300e+03 Barreau:1983ht 
  6  12   0.480  36.000   0.212  1.2070e+04  1.1700e+03 Barreau:1983ht 
  6  12   0.480  36.000   0.217  1.2000e+04  1.1900e+03 Barreau:1983ht 
  6  12   0.480  36.000   0.223  1.2410e+04  1.2400e+03 Barreau:1983ht 
  6  12   0.480  36.000   0.228  1.3280e+04  1.3000e+03 Barreau:1983ht 
  6  12   0.480  36.000   0.233  1.3460e+04  1.3500e+03 Barreau:1983ht 
  6  12   0.480  36.000   0.237  1.3960e+04  1.4100e+03 Barreau:1983ht 
  6  12   0.480  36.000   0.242  1.3920e+04  1.4500e+03 Barreau:1983ht 
  6  12   0.480  36.000   0.247  1.4660e+04  1.5200e+03 Barreau:1983ht 
  6  12   0.480  36.000   0.253  1.5660e+04  1.6100e+03 Barreau:1983ht 
  6  12   0.480  36.000   0.258  1.4070e+04  1.6100e+03 Barreau:1983ht 
  6  12   0.480  36.000   0.263  1.5270e+04  1.7100e+03 Barreau:1983ht 
  6  12   0.480  36.000   0.268  1.4210e+04  1.7400e+03 Barreau:1983ht 
  6  12   0.480  36.000   0.273  1.6380e+04  1.9800e+03 Barreau:1983ht 
  6  12   0.480  36.000   0.278  1.6540e+04  1.9700e+03 Barreau:1983ht 
  6  12   0.480  36.000   0.282  1.6230e+04  2.0400e+03 Barreau:1983ht 
  6  12   0.480  36.000   0.287  1.6310e+04  2.1400e+03 Barreau:1983ht 
  6  12   0.480  36.000   0.292  1.6800e+04  2.2600e+03 Barreau:1983ht 
  6  12   0.480  36.000   0.297  1.5240e+04  2.2400e+03 Barreau:1983ht 
  6  12   0.480  36.000   0.302  1.6810e+04  2.4200e+03 Barreau:1983ht 
  6  12   0.480  36.000   0.307  1.9220e+04  2.7200e+03 Barreau:1983ht 
  6  12   0.480  60.000   0.012  3.8000e+02  1.0000e+01 Barreau:1983ht 
  6  12   0.480  60.000   0.017  3.5000e+02  2.0000e+01 Barreau:1983ht 
  6  12   0.480  60.000   0.022  4.9000e+02  2.0000e+01 Barreau:1983ht 
  6  12   0.480  60.000   0.027  1.2600e+03  3.0000e+01 Barreau:1983ht 
  6  12   0.480  60.000   0.032  1.7000e+03  3.0000e+01 Barreau:1983ht 
  6  12   0.480  60.000   0.037  1.7700e+03  4.0000e+01 Barreau:1983ht 
  6  12   0.480  60.000   0.042  2.2500e+03  4.0000e+01 Barreau:1983ht 
  6  12   0.480  60.000   0.047  2.6000e+03  5.0000e+01 Barreau:1983ht 
  6  12   0.480  60.000   0.052  3.1400e+03  6.0000e+01 Barreau:1983ht 
  6  12   0.480  60.000   0.057  3.6000e+03  6.0000e+01 Barreau:1983ht 
  6  12   0.480  60.000   0.062  4.1500e+03  7.0000e+01 Barreau:1983ht 
  6  12   0.480  60.000   0.067  4.7800e+03  8.0000e+01 Barreau:1983ht 
  6  12   0.480  60.000   0.072  5.2700e+03  9.0000e+01 Barreau:1983ht 
  6  12   0.480  60.000   0.077  5.7400e+03  1.0000e+02 Barreau:1983ht 
  6  12   0.480  60.000   0.082  6.2600e+03  1.0000e+02 Barreau:1983ht 
  6  12   0.480  60.000   0.087  6.6600e+03  1.1000e+02 Barreau:1983ht 
  6  12   0.480  60.000   0.092  6.9900e+03  1.2000e+02 Barreau:1983ht 
  6  12   0.480  60.000   0.097  7.5100e+03  1.3000e+02 Barreau:1983ht 
  6  12   0.480  60.000   0.102  7.6900e+03  1.3000e+02 Barreau:1983ht 
  6  12   0.480  60.000   0.107  7.8900e+03  1.4000e+02 Barreau:1983ht 
  6  12   0.480  60.000   0.112  8.1900e+03  1.4000e+02 Barreau:1983ht 
  6  12   0.480  60.000   0.117  8.0100e+03  1.5000e+02 Barreau:1983ht 
  6  12   0.480  60.000   0.122  8.1200e+03  1.5000e+02 Barreau:1983ht 
  6  12   0.480  60.000   0.127  8.1500e+03  1.5000e+02 Barreau:1983ht 
  6  12   0.480  60.000   0.132  7.9300e+03  1.5000e+02 Barreau:1983ht 
  6  12   0.480  60.000   0.137  7.6500e+03  1.5000e+02 Barreau:1983ht 
  6  12   0.480  60.000   0.142  7.1400e+03  1.5000e+02 Barreau:1983ht 
  6  12   0.480  60.000   0.147  6.6400e+03  1.4000e+02 Barreau:1983ht 
  6  12   0.480  60.000   0.152  6.2900e+03  1.4000e+02 Barreau:1983ht 
  6  12   0.480  60.000   0.157  5.8600e+03  1.4000e+02 Barreau:1983ht 
  6  12   0.480  60.000   0.162  5.5000e+03  1.3000e+02 Barreau:1983ht 
  6  12   0.480  60.000   0.167  5.1700e+03  1.2000e+02 Barreau:1983ht 
  6  12   0.480  60.000   0.172  4.6800e+03  1.1000e+02 Barreau:1983ht 
  6  12   0.480  60.000   0.177  4.3300e+03  1.1000e+02 Barreau:1983ht 
  6  12   0.480  60.000   0.182  3.9900e+03  1.1000e+02 Barreau:1983ht 
  6  12   0.480  60.000   0.187  3.6800e+03  1.0000e+02 Barreau:1983ht 
  6  12   0.480  60.000   0.192  3.4100e+03  1.0000e+02 Barreau:1983ht 
  6  12   0.480  60.000   0.197  3.2600e+03  9.0000e+01 Barreau:1983ht 
  6  12   0.480  60.000   0.202  3.1000e+03  9.0000e+01 Barreau:1983ht 
  6  12   0.480  60.000   0.207  2.9600e+03  9.0000e+01 Barreau:1983ht 
  6  12   0.480  60.000   0.212  2.8500e+03  9.0000e+01 Barreau:1983ht 
  6  12   0.480  60.000   0.217  2.7600e+03  9.0000e+01 Barreau:1983ht 
  6  12   0.480  60.000   0.222  2.6900e+03  9.0000e+01 Barreau:1983ht 
  6  12   0.480  60.000   0.227  2.7100e+03  9.0000e+01 Barreau:1983ht 
  6  12   0.480  60.000   0.232  2.7000e+03  9.0000e+01 Barreau:1983ht 
  6  12   0.480  60.000   0.237  2.7900e+03  9.0000e+01 Barreau:1983ht 
  6  12   0.480  60.000   0.242  2.7700e+03  1.0000e+02 Barreau:1983ht 
  6  12   0.480  60.000   0.247  2.9400e+03  1.0000e+02 Barreau:1983ht 
  6  12   0.480  60.000   0.252  3.0700e+03  1.1000e+02 Barreau:1983ht 
  6  12   0.480  60.000   0.257  3.1800e+03  1.1000e+02 Barreau:1983ht 
  6  12   0.480  60.000   0.262  3.2100e+03  1.2000e+02 Barreau:1983ht 
  6  12   0.480  60.000   0.267  3.3000e+03  1.2000e+02 Barreau:1983ht 
  6  12   0.480  60.000   0.272  3.3300e+03  1.4000e+02 Barreau:1983ht 
  6  12   0.480  60.000   0.277  3.4700e+03  1.4000e+02 Barreau:1983ht 
  6  12   0.480  60.000   0.282  3.6500e+03  1.4000e+02 Barreau:1983ht 
  6  12   0.480  60.000   0.287  3.7000e+03  1.5000e+02 Barreau:1983ht 
  6  12   0.480  60.000   0.292  3.8200e+03  1.7000e+02 Barreau:1983ht 
  6  12   0.480  60.000   0.297  4.0400e+03  1.7000e+02 Barreau:1983ht 
  6  12   0.480  60.000   0.302  4.0000e+03  1.8000e+02 Barreau:1983ht 
  6  12   0.480  60.000   0.307  4.1100e+03  1.9000e+02 Barreau:1983ht 
  6  12   0.480  60.000   0.312  4.3400e+03  2.1000e+02 Barreau:1983ht 
  6  12   0.480  60.000   0.317  4.3800e+03  2.2000e+02 Barreau:1983ht 
  6  12   0.480  60.000   0.322  4.2600e+03  2.4000e+02 Barreau:1983ht 
  6  12   0.480  60.000   0.327  4.4500e+03  2.6000e+02 Barreau:1983ht 
  6  12   0.480  60.000   0.332  4.5500e+03  2.9000e+02 Barreau:1983ht 
  6  12   0.480  60.000   0.337  4.5300e+03  3.1000e+02 Barreau:1983ht 
  6  12   0.480  60.000   0.342  4.6200e+03  4.0000e+02 Barreau:1983ht 
  6  12   0.519  60.000   0.011  2.5000e+02  2.0000e+01 Barreau:1983ht 
  6  12   0.519  60.000   0.021  9.0000e+01  1.0000e+01 Barreau:1983ht 
  6  12   0.519  60.000   0.031  8.2000e+02  3.0000e+01 Barreau:1983ht 
  6  12   0.519  60.000   0.041  1.0400e+03  4.0000e+01 Barreau:1983ht 
  6  12   0.519  60.000   0.051  1.5900e+03  4.0000e+01 Barreau:1983ht 
  6  12   0.519  60.000   0.061  2.3000e+03  5.0000e+01 Barreau:1983ht 
  6  12   0.519  60.000   0.071  3.1300e+03  7.0000e+01 Barreau:1983ht 
  6  12   0.519  60.000   0.081  3.8300e+03  8.0000e+01 Barreau:1983ht 
  6  12   0.519  60.000   0.091  4.6600e+03  9.0000e+01 Barreau:1983ht 
  6  12   0.519  60.000   0.101  5.3000e+03  1.0000e+02 Barreau:1983ht 
  6  12   0.519  60.000   0.111  5.9800e+03  1.2000e+02 Barreau:1983ht 
  6  12   0.519  60.000   0.121  6.2800e+03  1.2000e+02 Barreau:1983ht 
  6  12   0.519  60.000   0.131  6.4000e+03  1.2000e+02 Barreau:1983ht 
  6  12   0.519  60.000   0.141  6.4400e+03  1.3000e+02 Barreau:1983ht 
  6  12   0.519  60.000   0.151  6.0600e+03  1.3000e+02 Barreau:1983ht 
  6  12   0.519  60.000   0.161  5.4900e+03  1.2000e+02 Barreau:1983ht 
  6  12   0.519  60.000   0.171  4.9100e+03  1.2000e+02 Barreau:1983ht 
  6  12   0.519  60.000   0.181  4.2800e+03  1.1000e+02 Barreau:1983ht 
  6  12   0.519  60.000   0.191  3.5300e+03  1.0000e+02 Barreau:1983ht 
  6  12   0.519  60.000   0.201  3.1900e+03  1.0000e+02 Barreau:1983ht 
  6  12   0.519  60.000   0.211  2.8800e+03  9.0000e+01 Barreau:1983ht 
  6  12   0.519  60.000   0.221  2.5100e+03  8.0000e+01 Barreau:1983ht 
  6  12   0.519  60.000   0.231  2.3600e+03  8.0000e+01 Barreau:1983ht 
  6  12   0.519  60.000   0.241  2.3100e+03  8.0000e+01 Barreau:1983ht 
  6  12   0.519  60.000   0.251  2.4300e+03  8.0000e+01 Barreau:1983ht 
  6  12   0.519  60.000   0.261  2.6200e+03  9.0000e+01 Barreau:1983ht 
  6  12   0.519  60.000   0.271  2.6500e+03  1.0000e+02 Barreau:1983ht 
  6  12   0.519  60.000   0.281  3.0900e+03  1.0000e+02 Barreau:1983ht 
  6  12   0.519  60.000   0.291  3.2000e+03  1.1000e+02 Barreau:1983ht 
  6  12   0.519  60.000   0.301  3.4700e+03  1.2000e+02 Barreau:1983ht 
  6  12   0.519  60.000   0.311  3.5600e+03  1.2000e+02 Barreau:1983ht 
  6  12   0.519  60.000   0.321  3.8100e+03  1.4000e+02 Barreau:1983ht 
  6  12   0.519  60.000   0.331  3.8500e+03  1.5000e+02 Barreau:1983ht 
  6  12   0.519  60.000   0.341  3.8400e+03  1.7000e+02 Barreau:1983ht 
  6  12   0.519  60.000   0.351  4.1300e+03  2.0000e+02 Barreau:1983ht 
  6  12   0.519  60.000   0.361  4.0000e+03  2.3000e+02 Barreau:1983ht 
  6  12   0.519  60.000   0.371  3.9200e+03  2.7000e+02 Barreau:1983ht 
  6  12   0.560  36.000   0.013  5.2550e+04  1.6500e+03 Barreau:1983ht 
  6  12   0.560  36.000   0.022  3.0650e+04  1.0900e+03 Barreau:1983ht 
  6  12   0.560  36.000   0.033  3.5030e+04  1.2500e+03 Barreau:1983ht 
  6  12   0.560  36.000   0.043  4.4090e+04  1.5500e+03 Barreau:1983ht 
  6  12   0.560  36.000   0.052  5.1190e+04  2.0000e+03 Barreau:1983ht 
  6  12   0.560  36.000   0.062  5.5510e+04  2.1700e+03 Barreau:1983ht 
  6  12   0.560  36.000   0.072  5.8570e+04  2.3000e+03 Barreau:1983ht 
  6  12   0.560  36.000   0.083  5.5270e+04  2.2500e+03 Barreau:1983ht 
  6  12   0.560  36.000   0.092  5.3500e+04  2.2200e+03 Barreau:1983ht 
  6  12   0.560  36.000   0.102  4.5030e+04  2.0000e+03 Barreau:1983ht 
  6  12   0.560  36.000   0.113  3.7340e+04  1.7700e+03 Barreau:1983ht 
  6  12   0.560  36.000   0.122  3.0420e+04  1.3500e+03 Barreau:1983ht 
  6  12   0.560  36.000   0.133  2.3200e+04  1.1300e+03 Barreau:1983ht 
  6  12   0.560  36.000   0.142  1.8790e+04  1.0400e+03 Barreau:1983ht 
  6  12   0.560  36.000   0.152  1.5700e+04  9.4000e+02 Barreau:1983ht 
  6  12   0.560  36.000   0.163  1.2760e+04  8.4000e+02 Barreau:1983ht 
  6  12   0.560  36.000   0.172  1.0740e+04  7.6000e+02 Barreau:1983ht 
  6  12   0.560  36.000   0.182  9.1500e+03  7.1000e+02 Barreau:1983ht 
  6  12   0.560  36.000   0.193  9.9900e+03  7.3000e+02 Barreau:1983ht 
  6  12   0.560  36.000   0.203  9.5600e+03  7.2000e+02 Barreau:1983ht 
  6  12   0.560  36.000   0.212  9.8300e+03  6.3000e+02 Barreau:1983ht 
  6  12   0.560  36.000   0.223  9.7600e+03  6.7000e+02 Barreau:1983ht 
  6  12   0.560  36.000   0.233  1.0560e+04  7.1000e+02 Barreau:1983ht 
  6  12   0.560  36.000   0.242  1.0890e+04  7.4000e+02 Barreau:1983ht 
  6  12   0.560  36.000   0.253  1.2560e+04  8.1000e+02 Barreau:1983ht 
  6  12   0.560  36.000   0.263  1.1700e+04  8.2000e+02 Barreau:1983ht 
  6  12   0.560  36.000   0.273  1.3180e+04  9.0000e+02 Barreau:1983ht 
  6  12   0.560  36.000   0.282  1.4010e+04  9.2000e+02 Barreau:1983ht 
  6  12   0.560  36.000   0.292  1.4230e+04  1.0500e+03 Barreau:1983ht 
  6  12   0.560  36.000   0.302  1.3360e+04  1.0800e+03 Barreau:1983ht 
  6  12   0.560  36.000   0.312  1.4040e+04  1.1600e+03 Barreau:1983ht 
  6  12   0.560  36.000   0.323  1.3960e+04  1.2300e+03 Barreau:1983ht 
  6  12   0.560  36.000   0.333  1.4960e+04  1.3500e+03 Barreau:1983ht 
  6  12   0.560  36.000   0.343  1.4280e+04  1.4600e+03 Barreau:1983ht 
  6  12   0.560  36.000   0.352  1.4780e+04  1.5900e+03 Barreau:1983ht 
  6  12   0.560  36.000   0.362  1.3780e+04  1.6800e+03 Barreau:1983ht 
  6  12   0.560  36.000   0.372  1.4170e+04  1.8600e+03 Barreau:1983ht 
  6  12   0.560  36.000   0.383  1.2780e+04  1.9200e+03 Barreau:1983ht 
  6  12   0.560  60.000   0.013  3.0000e+01  1.0000e+01 Barreau:1983ht 
  6  12   0.560  60.000   0.022  3.0000e+01  1.0000e+01 Barreau:1983ht 
  6  12   0.560  60.000   0.033  3.2000e+02  2.0000e+01 Barreau:1983ht 
  6  12   0.560  60.000   0.043  4.8000e+02  2.0000e+01 Barreau:1983ht 
  6  12   0.560  60.000   0.052  7.5000e+02  4.0000e+01 Barreau:1983ht 
  6  12   0.560  60.000   0.062  1.1700e+03  6.0000e+01 Barreau:1983ht 
  6  12   0.560  60.000   0.072  1.6200e+03  7.0000e+01 Barreau:1983ht 
  6  12   0.560  60.000   0.083  2.2100e+03  9.0000e+01 Barreau:1983ht 
  6  12   0.560  60.000   0.092  2.7800e+03  1.1000e+02 Barreau:1983ht 
  6  12   0.560  60.000   0.102  3.4300e+03  1.4000e+02 Barreau:1983ht 
  6  12   0.560  60.000   0.113  3.9300e+03  1.5000e+02 Barreau:1983ht 
  6  12   0.560  60.000   0.122  4.5400e+03  1.6000e+02 Barreau:1983ht 
  6  12   0.560  60.000   0.133  4.7600e+03  1.7000e+02 Barreau:1983ht 
  6  12   0.560  60.000   0.142  4.9600e+03  1.9000e+02 Barreau:1983ht 
  6  12   0.560  60.000   0.152  4.9500e+03  1.9000e+02 Barreau:1983ht 
  6  12   0.560  60.000   0.163  4.8200e+03  1.9000e+02 Barreau:1983ht 
  6  12   0.560  60.000   0.172  4.6700e+03  1.9000e+02 Barreau:1983ht 
  6  12   0.560  60.000   0.182  4.2600e+03  1.8000e+02 Barreau:1983ht 
  6  12   0.560  60.000   0.193  3.9700e+03  1.7000e+02 Barreau:1983ht 
  6  12   0.560  60.000   0.203  3.5100e+03  1.6000e+02 Barreau:1983ht 
  6  12   0.560  60.000   0.212  2.9300e+03  1.3000e+02 Barreau:1983ht 
  6  12   0.560  60.000   0.223  2.5600e+03  1.4000e+02 Barreau:1983ht 
  6  12   0.560  60.000   0.233  2.3800e+03  1.3000e+02 Barreau:1983ht 
  6  12   0.560  60.000   0.242  2.1200e+03  1.2000e+02 Barreau:1983ht 
  6  12   0.560  60.000   0.253  2.1000e+03  1.2000e+02 Barreau:1983ht 
  6  12   0.560  60.000   0.263  2.0500e+03  1.2000e+02 Barreau:1983ht 
  6  12   0.560  60.000   0.273  2.2100e+03  1.3000e+02 Barreau:1983ht 
  6  12   0.560  60.000   0.282  2.2400e+03  1.2000e+02 Barreau:1983ht 
  6  12   0.560  60.000   0.292  2.3300e+03  1.4000e+02 Barreau:1983ht 
  6  12   0.560  60.000   0.302  2.5200e+03  1.5000e+02 Barreau:1983ht 
  6  12   0.560  60.000   0.312  2.7600e+03  1.6000e+02 Barreau:1983ht 
  6  12   0.560  60.000   0.323  2.8200e+03  1.7000e+02 Barreau:1983ht 
  6  12   0.560  60.000   0.333  3.1100e+03  1.8000e+02 Barreau:1983ht 
  6  12   0.560  60.000   0.343  3.2400e+03  2.0000e+02 Barreau:1983ht 
  6  12   0.560  60.000   0.352  3.1000e+03  2.1000e+02 Barreau:1983ht 
  6  12   0.560  60.000   0.362  3.4200e+03  2.3000e+02 Barreau:1983ht 
  6  12   0.560  60.000   0.372  3.6300e+03  2.6000e+02 Barreau:1983ht 
  6  12   0.560  60.000   0.383  3.4000e+03  2.6000e+02 Barreau:1983ht 
  6  12   0.560  60.000   0.393  3.3600e+03  3.0000e+02 Barreau:1983ht 
  6  12   0.560  60.000   0.403  3.2800e+03  3.3000e+02 Barreau:1983ht 
  6  12   0.560  60.000   0.412  3.1300e+03  3.6000e+02 Barreau:1983ht 
  6  12   0.560  60.000   0.422  2.8900e+03  4.2000e+02 Barreau:1983ht 
  6  12   0.560  60.000   0.432  2.8600e+03  4.9000e+02 Barreau:1983ht 
  6  12   0.560  60.000   0.443  2.4900e+03  5.9000e+02 Barreau:1983ht 
  6  12   0.560 145.000   0.193  1.0000e+01  2.0000e+00 Barreau:1983ht 
  6  12   0.560 145.000   0.203  1.6000e+01  3.0000e+00 Barreau:1983ht 
  6  12   0.560 145.000   0.212  2.3000e+01  1.0000e+00 Barreau:1983ht 
  6  12   0.560 145.000   0.223  3.4000e+01  2.0000e+00 Barreau:1983ht 
  6  12   0.560 145.000   0.233  4.9000e+01  3.0000e+00 Barreau:1983ht 
  6  12   0.560 145.000   0.242  6.6000e+01  3.0000e+00 Barreau:1983ht 
  6  12   0.560 145.000   0.253  9.2000e+01  4.0000e+00 Barreau:1983ht 
  6  12   0.560 145.000   0.263  1.2300e+02  5.0000e+00 Barreau:1983ht 
  6  12   0.560 145.000   0.273  1.5100e+02  7.0000e+00 Barreau:1983ht 
  6  12   0.560 145.000   0.282  1.7100e+02  7.0000e+00 Barreau:1983ht 
  6  12   0.560 145.000   0.292  1.8500e+02  1.0000e+01 Barreau:1983ht 
  6  12   0.560 145.000   0.302  2.1100e+02  1.1000e+01 Barreau:1983ht 
  6  12   0.560 145.000   0.312  2.2000e+02  1.2000e+01 Barreau:1983ht 
  6  12   0.560 145.000   0.323  2.3400e+02  1.3000e+01 Barreau:1983ht 
  6  12   0.560 145.000   0.333  2.4100e+02  1.3000e+01 Barreau:1983ht 
  6  12   0.560 145.000   0.343  2.3600e+02  1.4000e+01 Barreau:1983ht 
  6  12   0.560 145.000   0.352  2.1700e+02  1.3000e+01 Barreau:1983ht 
  6  12   0.560 145.000   0.362  2.0700e+02  1.4000e+01 Barreau:1983ht 
  6  12   0.560 145.000   0.372  2.0500e+02  1.4000e+01 Barreau:1983ht 
  6  12   0.560 145.000   0.383  2.1500e+02  1.4000e+01 Barreau:1983ht 
  6  12   0.560 145.000   0.393  2.3500e+02  1.7000e+01 Barreau:1983ht 
  6  12   0.560 145.000   0.403  2.5800e+02  1.9000e+01 Barreau:1983ht 
  6  12   0.560 145.000   0.412  2.9000e+02  2.0000e+01 Barreau:1983ht 
  6  12   0.560 145.000   0.422  3.3100e+02  2.5000e+01 Barreau:1983ht 
  6  12   0.560 145.000   0.432  3.6100e+02  2.8000e+01 Barreau:1983ht 
  6  12   0.560 145.000   0.443  4.0600e+02  3.4000e+01 Barreau:1983ht 
  6  12   0.560 145.000   0.453  4.0100e+02  3.7000e+01 Barreau:1983ht 
  6  12   0.560 145.000   0.463  4.2100e+02  4.3000e+01 Barreau:1983ht 
  6  12   0.620  36.000   0.013  1.6870e+04  5.9000e+02 Barreau:1983ht 
  6  12   0.620  36.000   0.022  1.8290e+04  6.6000e+02 Barreau:1983ht 
  6  12   0.620  36.000   0.033  1.8310e+04  6.9000e+02 Barreau:1983ht 
  6  12   0.620  36.000   0.043  2.5880e+04  9.3000e+02 Barreau:1983ht 
  6  12   0.620  36.000   0.052  3.0210e+04  1.0800e+03 Barreau:1983ht 
  6  12   0.620  36.000   0.062  3.5980e+04  1.2700e+03 Barreau:1983ht 
  6  12   0.620  36.000   0.072  4.1130e+04  1.3700e+03 Barreau:1983ht 
  6  12   0.620  36.000   0.083  4.2830e+04  1.4500e+03 Barreau:1983ht 
  6  12   0.620  36.000   0.092  4.2220e+04  1.4600e+03 Barreau:1983ht 
  6  12   0.620  36.000   0.102  3.9590e+04  1.4100e+03 Barreau:1983ht 
  6  12   0.620  36.000   0.113  3.6340e+04  1.3500e+03 Barreau:1983ht 
  6  12   0.620  36.000   0.122  3.0800e+04  1.2000e+03 Barreau:1983ht 
  6  12   0.620  36.000   0.133  2.6490e+04  1.0800e+03 Barreau:1983ht 
  6  12   0.620  36.000   0.142  2.1550e+04  9.3000e+02 Barreau:1983ht 
  6  12   0.620  36.000   0.152  1.7850e+04  8.1000e+02 Barreau:1983ht 
  6  12   0.620  36.000   0.163  1.4580e+04  7.1000e+02 Barreau:1983ht 
  6  12   0.620  36.000   0.172  1.2240e+04  6.3000e+02 Barreau:1983ht 
  6  12   0.620  36.000   0.182  1.0630e+04  5.6000e+02 Barreau:1983ht 
  6  12   0.620  36.000   0.193  9.7600e+03  5.2000e+02 Barreau:1983ht 
  6  12   0.620  36.000   0.203  9.1000e+03  5.7000e+02 Barreau:1983ht 
  6  12   0.620  36.000   0.212  8.3800e+03  5.5000e+02 Barreau:1983ht 
  6  12   0.620  36.000   0.223  8.5400e+03  5.5000e+02 Barreau:1983ht 
  6  12   0.620  36.000   0.233  9.1500e+03  5.8000e+02 Barreau:1983ht 
  6  12   0.620  36.000   0.242  9.7300e+03  5.9000e+02 Barreau:1983ht 
  6  12   0.620  36.000   0.253  9.8800e+03  6.0000e+02 Barreau:1983ht 
  6  12   0.620  36.000   0.263  1.0880e+04  6.4000e+02 Barreau:1983ht 
  6  12   0.620  36.000   0.273  1.1160e+04  6.1000e+02 Barreau:1983ht 
  6  12   0.620  36.000   0.282  1.1500e+04  7.0000e+02 Barreau:1983ht 
  6  12   0.620  36.000   0.292  1.2170e+04  7.4000e+02 Barreau:1983ht 
  6  12   0.620  36.000   0.302  1.2420e+04  7.7000e+02 Barreau:1983ht 
  6  12   0.620  36.000   0.312  1.2290e+04  7.9000e+02 Barreau:1983ht 
  6  12   0.620  36.000   0.323  1.3420e+04  8.5000e+02 Barreau:1983ht 
  6  12   0.620  36.000   0.333  1.3190e+04  8.8000e+02 Barreau:1983ht 
  6  12   0.620  36.000   0.343  1.3440e+04  8.6000e+02 Barreau:1983ht 
  6  12   0.620  36.000   0.352  1.2860e+04  9.7000e+02 Barreau:1983ht 
  6  12   0.620  36.000   0.362  1.2710e+04  1.0100e+03 Barreau:1983ht 
  6  12   0.620  36.000   0.372  1.1580e+04  1.0300e+03 Barreau:1983ht 
  6  12   0.620  36.000   0.383  1.2510e+04  1.1200e+03 Barreau:1983ht 
  6  12   0.620  36.000   0.393  1.2170e+04  1.1800e+03 Barreau:1983ht 
  6  12   0.620  36.000   0.403  1.1130e+04  1.2100e+03 Barreau:1983ht 
  6  12   0.620  36.000   0.412  1.1570e+04  1.3200e+03 Barreau:1983ht 
  6  12   0.620  36.000   0.422  9.9900e+03  1.3700e+03 Barreau:1983ht 
  6  12   0.620  36.000   0.432  9.7200e+03  1.5000e+03 Barreau:1983ht 
  6  12   0.620  36.000   0.443  1.0150e+04  1.6100e+03 Barreau:1983ht 
  6  12   0.620  60.000   0.037  9.0000e+01  1.0000e+01 Barreau:1983ht 
  6  12   0.620  60.000   0.048  1.5000e+02  1.0000e+01 Barreau:1983ht 
  6  12   0.620  60.000   0.058  2.6000e+02  1.0000e+01 Barreau:1983ht 
  6  12   0.620  60.000   0.068  4.3000e+02  2.0000e+01 Barreau:1983ht 
  6  12   0.620  60.000   0.077  6.6000e+02  3.0000e+01 Barreau:1983ht 
  6  12   0.620  60.000   0.087  9.8000e+02  4.0000e+01 Barreau:1983ht 
  6  12   0.620  60.000   0.098  1.3200e+03  5.0000e+01 Barreau:1983ht 
  6  12   0.620  60.000   0.107  1.7000e+03  6.0000e+01 Barreau:1983ht 
  6  12   0.620  60.000   0.117  2.0100e+03  8.0000e+01 Barreau:1983ht 
  6  12   0.620  60.000   0.128  2.4800e+03  1.0000e+02 Barreau:1983ht 
  6  12   0.620  60.000   0.138  2.9100e+03  1.1000e+02 Barreau:1983ht 
  6  12   0.620  60.000   0.147  3.1100e+03  1.2000e+02 Barreau:1983ht 
  6  12   0.620  60.000   0.158  3.3500e+03  1.3000e+02 Barreau:1983ht 
  6  12   0.620  60.000   0.168  3.6700e+03  1.4000e+02 Barreau:1983ht 
  6  12   0.620  60.000   0.177  3.6500e+03  1.5000e+02 Barreau:1983ht 
  6  12   0.620  60.000   0.188  3.5700e+03  1.4000e+02 Barreau:1983ht 
  6  12   0.620  60.000   0.198  3.4900e+03  1.5000e+02 Barreau:1983ht 
  6  12   0.620  60.000   0.207  3.1400e+03  1.4000e+02 Barreau:1983ht 
  6  12   0.620  60.000   0.217  2.8400e+03  1.3000e+02 Barreau:1983ht 
  6  12   0.620  60.000   0.228  2.5100e+03  1.2000e+02 Barreau:1983ht 
  6  12   0.620  60.000   0.237  2.3800e+03  1.2000e+02 Barreau:1983ht 
  6  12   0.620  60.000   0.247  2.1600e+03  1.1000e+02 Barreau:1983ht 
  6  12   0.620  60.000   0.258  1.9700e+03  1.0000e+02 Barreau:1983ht 
  6  12   0.620  60.000   0.268  1.8700e+03  9.0000e+01 Barreau:1983ht 
  6  12   0.620  60.000   0.278  1.6700e+03  1.0000e+02 Barreau:1983ht 
  6  12   0.620  60.000   0.287  1.6700e+03  1.0000e+02 Barreau:1983ht 
  6  12   0.620  60.000   0.297  1.7900e+03  1.0000e+02 Barreau:1983ht 
  6  12   0.620  60.000   0.307  1.8300e+03  1.0000e+02 Barreau:1983ht 
  6  12   0.620  60.000   0.318  1.8900e+03  1.1000e+02 Barreau:1983ht 
  6  12   0.620  60.000   0.328  2.1500e+03  1.2000e+02 Barreau:1983ht 
  6  12   0.620  60.000   0.338  2.2700e+03  1.1000e+02 Barreau:1983ht 
  6  12   0.620  60.000   0.347  2.3200e+03  1.3000e+02 Barreau:1983ht 
  6  12   0.620  60.000   0.357  2.3700e+03  1.3000e+02 Barreau:1983ht 
  6  12   0.620  60.000   0.367  2.5800e+03  1.4000e+02 Barreau:1983ht 
  6  12   0.620  60.000   0.378  2.6400e+03  1.5000e+02 Barreau:1983ht 
  6  12   0.620  60.000   0.388  2.8000e+03  1.6000e+02 Barreau:1983ht 
  6  12   0.620  60.000   0.398  2.6800e+03  1.7000e+02 Barreau:1983ht 
  6  12   0.620  60.000   0.407  2.7500e+03  1.8000e+02 Barreau:1983ht 
  6  12   0.620  60.000   0.417  2.5900e+03  1.9000e+02 Barreau:1983ht 
  6  12   0.620  60.000   0.427  2.6900e+03  2.0000e+02 Barreau:1983ht 
  6  12   0.620  60.000   0.438  2.6800e+03  2.1000e+02 Barreau:1983ht 
  6  12   0.620  60.000   0.448  2.4300e+03  2.7000e+02 Barreau:1983ht 
  6  12   0.620  60.000   0.458  2.1800e+03  2.9000e+02 Barreau:1983ht 
  6  12   0.620  60.000   0.468  2.3000e+03  3.2000e+02 Barreau:1983ht 
  6  12   0.620  60.000   0.477  2.0000e+03  3.1000e+02 Barreau:1983ht 
  6  12   0.620  60.000   0.487  2.1700e+03  3.7000e+02 Barreau:1983ht 
  6  12   0.620  60.000   0.497  1.8900e+03  4.3000e+02 Barreau:1983ht 
  6  12   0.680  36.000   0.013  3.7700e+03  2.4000e+02 Barreau:1983ht 
  6  12   0.680  36.000   0.022  8.2000e+03  3.9000e+02 Barreau:1983ht 
  6  12   0.680  36.000   0.033  1.1500e+04  5.0000e+02 Barreau:1983ht 
  6  12   0.680  36.000   0.043  1.4740e+04  6.1000e+02 Barreau:1983ht 
  6  12   0.680  36.000   0.052  1.8490e+04  7.4000e+02 Barreau:1983ht 
  6  12   0.680  36.000   0.062  2.3630e+04  9.1000e+02 Barreau:1983ht 
  6  12   0.680  36.000   0.072  2.6870e+04  1.0200e+03 Barreau:1983ht 
  6  12   0.680  36.000   0.083  2.9420e+04  1.1200e+03 Barreau:1983ht 
  6  12   0.680  36.000   0.092  3.1890e+04  1.2100e+03 Barreau:1983ht 
  6  12   0.680  36.000   0.102  3.1620e+04  1.2300e+03 Barreau:1983ht 
  6  12   0.680  36.000   0.113  3.0230e+04  1.2000e+03 Barreau:1983ht 
  6  12   0.680  36.000   0.122  2.8090e+04  1.1500e+03 Barreau:1983ht 
  6  12   0.680  36.000   0.133  2.6550e+04  1.0400e+03 Barreau:1983ht 
  6  12   0.680  36.000   0.142  2.2520e+04  9.3000e+02 Barreau:1983ht 
  6  12   0.680  36.000   0.152  1.9110e+04  8.3000e+02 Barreau:1983ht 
  6  12   0.680  36.000   0.163  1.6730e+04  7.6000e+02 Barreau:1983ht 
  6  12   0.680  36.000   0.172  1.2990e+04  6.5000e+02 Barreau:1983ht 
  6  12   0.680  36.000   0.182  1.1710e+04  6.0000e+02 Barreau:1983ht 
  6  12   0.680  36.000   0.193  1.0240e+04  5.5000e+02 Barreau:1983ht 
  6  12   0.680  36.000   0.203  9.2600e+03  5.1000e+02 Barreau:1983ht 
  6  12   0.680  36.000   0.212  8.3800e+03  4.8000e+02 Barreau:1983ht 
  6  12   0.680  36.000   0.223  7.4600e+03  4.5000e+02 Barreau:1983ht 
  6  12   0.680  36.000   0.233  8.0100e+03  4.6000e+02 Barreau:1983ht 
  6  12   0.680  36.000   0.242  7.9400e+03  4.1000e+02 Barreau:1983ht 
  6  12   0.680  36.000   0.253  8.2600e+03  4.2000e+02 Barreau:1983ht 
  6  12   0.680  36.000   0.263  8.3800e+03  4.7000e+02 Barreau:1983ht 
  6  12   0.680  36.000   0.273  9.1700e+03  5.0000e+02 Barreau:1983ht 
  6  12   0.680  36.000   0.282  9.6800e+03  5.2000e+02 Barreau:1983ht 
  6  12   0.680  36.000   0.292  1.0210e+04  5.4000e+02 Barreau:1983ht 
  6  12   0.680  36.000   0.302  1.0200e+04  5.5000e+02 Barreau:1983ht 
  6  12   0.680  36.000   0.312  1.0870e+04  5.8000e+02 Barreau:1983ht 
  6  12   0.680  36.000   0.323  1.0930e+04  5.9000e+02 Barreau:1983ht 
  6  12   0.680  36.000   0.333  1.1280e+04  5.7000e+02 Barreau:1983ht 
  6  12   0.680  36.000   0.343  1.1430e+04  6.4000e+02 Barreau:1983ht 
  6  12   0.680  36.000   0.352  1.1700e+04  6.7000e+02 Barreau:1983ht 
  6  12   0.680  36.000   0.362  1.1680e+04  6.8000e+02 Barreau:1983ht 
  6  12   0.680  36.000   0.372  1.1920e+04  7.1000e+02 Barreau:1983ht 
  6  12   0.680  36.000   0.383  1.0860e+04  7.0000e+02 Barreau:1983ht 
  6  12   0.680  36.000   0.393  1.0860e+04  7.2000e+02 Barreau:1983ht 
  6  12   0.680  36.000   0.403  9.4600e+03  7.1000e+02 Barreau:1983ht 
  6  12   0.680  36.000   0.412  9.5000e+03  7.4000e+02 Barreau:1983ht 
  6  12   0.680  36.000   0.422  9.0600e+03  7.7000e+02 Barreau:1983ht 
  6  12   0.680  36.000   0.432  8.5500e+03  7.9000e+02 Barreau:1983ht 
  6  12   0.680  36.000   0.443  8.3500e+03  8.4000e+02 Barreau:1983ht 
  6  12   0.680  36.000   0.453  8.3900e+03  8.4000e+02 Barreau:1983ht 
  6  12   0.680  36.000   0.463  7.6500e+03  9.3000e+02 Barreau:1983ht 
  6  12   0.680  36.000   0.472  7.2000e+03  1.0000e+03 Barreau:1983ht 
  6  12   0.680  36.000   0.482  7.2000e+03  1.0900e+03 Barreau:1983ht 
  6  12   0.680  36.000   0.492  7.0900e+03  1.2100e+03 Barreau:1983ht 
  6  12   0.680  36.000   0.502  7.0500e+03  1.4000e+03 Barreau:1983ht 
  6  12   0.680  60.000   0.048  5.0000e+01  1.0000e+01 Barreau:1983ht 
  6  12   0.680  60.000   0.058  4.0000e+01  1.0000e+01 Barreau:1983ht 
  6  12   0.680  60.000   0.068  1.2000e+02  1.0000e+01 Barreau:1983ht 
  6  12   0.680  60.000   0.077  1.6000e+02  2.0000e+01 Barreau:1983ht 
  6  12   0.680  60.000   0.087  3.1000e+02  2.0000e+01 Barreau:1983ht 
  6  12   0.680  60.000   0.098  4.5000e+02  3.0000e+01 Barreau:1983ht 
  6  12   0.680  60.000   0.107  6.1000e+02  4.0000e+01 Barreau:1983ht 
  6  12   0.680  60.000   0.117  7.7000e+02  4.0000e+01 Barreau:1983ht 
  6  12   0.680  60.000   0.128  1.0200e+03  1.0000e+02 Barreau:1983ht 
  6  12   0.680  60.000   0.138  1.2200e+03  5.0000e+01 Barreau:1983ht 
  6  12   0.680  60.000   0.147  1.5700e+03  6.0000e+01 Barreau:1983ht 
  6  12   0.680  60.000   0.158  1.8300e+03  7.0000e+01 Barreau:1983ht 
  6  12   0.680  60.000   0.168  1.9900e+03  8.0000e+01 Barreau:1983ht 
  6  12   0.680  60.000   0.177  2.2400e+03  9.0000e+01 Barreau:1983ht 
  6  12   0.680  60.000   0.188  2.4000e+03  1.0000e+02 Barreau:1983ht 
  6  12   0.680  60.000   0.198  2.5100e+03  1.0000e+02 Barreau:1983ht 
  6  12   0.680  60.000   0.207  2.4500e+03  1.0000e+02 Barreau:1983ht 
  6  12   0.680  60.000   0.217  2.5300e+03  1.0000e+02 Barreau:1983ht 
  6  12   0.680  60.000   0.228  2.4300e+03  1.0000e+02 Barreau:1983ht 
  6  12   0.680  60.000   0.237  2.2900e+03  1.0000e+02 Barreau:1983ht 
  6  12   0.680  60.000   0.247  2.1300e+03  9.0000e+01 Barreau:1983ht 
  6  12   0.680  60.000   0.258  1.9500e+03  9.0000e+01 Barreau:1983ht 
  6  12   0.680  60.000   0.268  1.6200e+03  8.0000e+01 Barreau:1983ht 
  6  12   0.680  60.000   0.278  1.6000e+03  8.0000e+01 Barreau:1983ht 
  6  12   0.680  60.000   0.287  1.4700e+03  8.0000e+01 Barreau:1983ht 
  6  12   0.680  60.000   0.297  1.4400e+03  7.0000e+01 Barreau:1983ht 
  6  12   0.680  60.000   0.307  1.3900e+03  7.0000e+01 Barreau:1983ht 
  6  12   0.680  60.000   0.318  1.5100e+03  8.0000e+01 Barreau:1983ht 
  6  12   0.680  60.000   0.328  1.4300e+03  7.0000e+01 Barreau:1983ht 
  6  12   0.680  60.000   0.338  1.4600e+03  8.0000e+01 Barreau:1983ht 
  6  12   0.680  60.000   0.347  1.5400e+03  8.0000e+01 Barreau:1983ht 
  6  12   0.680  60.000   0.357  1.6500e+03  9.0000e+01 Barreau:1983ht 
  6  12   0.680  60.000   0.367  1.7400e+03  9.0000e+01 Barreau:1983ht 
  6  12   0.680  60.000   0.378  1.7800e+03  1.0000e+02 Barreau:1983ht 
  6  12   0.680  60.000   0.388  1.9900e+03  1.0000e+02 Barreau:1983ht 
  6  12   0.680  60.000   0.398  1.9800e+03  1.0000e+02 Barreau:1983ht 
  6  12   0.680  60.000   0.407  1.9900e+03  1.1000e+02 Barreau:1983ht 
  6  12   0.680  60.000   0.417  2.0500e+03  1.2000e+02 Barreau:1983ht 
  6  12   0.680  60.000   0.427  2.2200e+03  1.2000e+02 Barreau:1983ht 
  6  12   0.680  60.000   0.438  2.0000e+03  1.2000e+02 Barreau:1983ht 
  6  12   0.680  60.000   0.448  2.2500e+03  1.3000e+02 Barreau:1983ht 
  6  12   0.680  60.000   0.458  2.0800e+03  1.4000e+02 Barreau:1983ht 
  6  12   0.680  60.000   0.468  2.1400e+03  1.5000e+02 Barreau:1983ht 
  6  12   0.680  60.000   0.477  1.9500e+03  1.5000e+02 Barreau:1983ht 
  6  12   0.680  60.000   0.487  2.0300e+03  1.7000e+02 Barreau:1983ht 
  6  12   0.680  60.000   0.497  1.7400e+03  1.6000e+02 Barreau:1983ht 
  6  12   0.680  60.000   0.507  1.7400e+03  1.8000e+02 Barreau:1983ht 
  6  12   0.680  60.000   0.517  1.6800e+03  2.0000e+02 Barreau:1983ht 
  6  12   0.680  60.000   0.527  1.5800e+03  2.3000e+02 Barreau:1983ht 
  6  12   0.680  60.000   0.537  1.4800e+03  2.5000e+02 Barreau:1983ht 
  6  12   0.680  60.000   0.547  1.4800e+03  3.0000e+02 Barreau:1983ht 
