overall   0.118 0.097 2.51 -0.229 0.018 0.024  0.017 0.018 0.001 -0.010 0.018 0.001
0.00-0.03 0.019 0.069 1.72 -0.225 0.039 0.010  0.048 0.039 0.003  0.003 0.039 0.003
0.03-0.06 0.044 0.088 2.25 -0.242 0.039 0.014  0.019 0.039 0.005  0.026 0.038 0.001
0.06-0.10 0.079 0.099 2.49 -0.177 0.043 0.012 -0.023 0.043 0.004 -0.002 0.043 0.005
0.10-0.20 0.143 0.109 2.76 -0.253 0.037 0.010  0.010 0.037 0.002 -0.008 0.037 0.006
0.20-0.35 0.261 0.119 3.23 -0.287 0.050 0.006  0.105 0.051 0.002 -0.047 0.051 0.005
0.35-0.70 0.463 0.122 3.73 -0.173 0.072 0.016 -0.107 0.073 0.023 -0.111 0.074 0.028
0.03-0.06 0.099 0.049 1.34 -0.249 0.038 0.079  0.035 0.038 0.004 -0.044 0.039 0.011
0.06-0.08 0.093 0.070 1.79 -0.228 0.037 0.049  0.013 0.038 0.002  0.023 0.037 0.012
0.08-0.10 0.106 0.089 2.30 -0.250 0.043 0.033  0.047 0.043 0.004  0.032 0.043 0.007
0.10-0.13 0.122 0.114 2.94 -0.237 0.045 0.030 -0.003 0.045 0.006 -0.027 0.045 0.010
0.13-0.20 0.160 0.157 4.06 -0.224 0.048 0.013  0.033 0.048 0.006 -0.050 0.047 0.006
0.20-0.35 0.233 0.244 6.13 -0.077 0.085 0.022 -0.141 0.085 0.012 -0.023 0.080 0.007
1.00-1.40 0.078 0.055 1.20 -0.218 0.038 0.063  0.029 0.038 0.002 -0.023 0.038 0.012
1.40-1.80 0.092 0.069 1.59 -0.257 0.042 0.064  0.040 0.042 0.006  0.011 0.042 0.004
1.80-2.40 0.106 0.085 2.08 -0.233 0.041 0.042  0.016 0.041 0.004 -0.010 0.040 0.007
2.40-3.20 0.127 0.105 2.77 -0.302 0.044 0.044  0.087 0.044 0.006  0.031 0.044 0.005
3.20-4.50 0.152 0.134 3.77 -0.160 0.048 0.032 -0.057 0.048 0.005 -0.061 0.048 0.004
4.50-10.0 0.220 0.199 5.79 -0.169 0.057 0.008 -0.065 0.057 0.005 -0.017 0.056 0.013
