overall   0.119 0.097 2.51 -0.021 0.003 0.010 0.041 0.005 0.002 -0.003 0.005 0.014 -0.002 0.005 0.003
0.00-0.03 0.019 0.069 1.72 -0.017 0.007 0.007 0.005 0.010 0.003 -0.023 0.010 0.001 -0.013 0.010 0.004
0.03-0.06 0.044 0.088 2.25 -0.005 0.007 0.006 0.007 0.010 0.014 -0.003 0.010 0.007  0.005 0.010 0.004
0.06-0.10 0.079 0.099 2.49 -0.012 0.008 0.006 0.028 0.011 0.013  0.013 0.011 0.013 -0.023 0.011 0.003
0.10-0.20 0.143 0.109 2.76 -0.016 0.007 0.009 0.052 0.009 0.015 -0.008 0.009 0.025  0.006 0.009 0.001
0.20-0.35 0.261 0.119 3.23 -0.040 0.009 0.002 0.108 0.013 0.030 -0.003 0.013 0.040  0.012 0.013 0.001
0.35-0.70 0.462 0.122 3.73 -0.072 0.014 0.004 0.134 0.021 0.062  0.049 0.019 0.040  0.030 0.019 0.017
0.03-0.06 0.099 0.049 1.34 -0.045 0.007 0.014 0.016 0.011 0.014 -0.017 0.010 0.013  0.004 0.009 0.003
0.06-0.08 0.093 0.070 1.79 -0.035 0.007 0.013 0.028 0.009 0.015 -0.019 0.009 0.009 -0.012 0.009 0.005
0.08-0.10 0.106 0.089 2.30 -0.017 0.008 0.017 0.044 0.011 0.019  0.005 0.011 0.016 -0.009 0.011 0.002
0.10-0.13 0.122 0.114 2.94 -0.007 0.008 0.015 0.030 0.012 0.002 -0.001 0.012 0.006 -0.009 0.011 0.009
0.13-0.20 0.160 0.157 4.06 -0.006 0.009 0.007 0.049 0.013 0.030 -0.001 0.012 0.001  0.002 0.012 0.005
0.20-0.35 0.233 0.244 6.13  0.019 0.016 0.027 0.050 0.022 0.018  0.051 0.022 0.027  0.006 0.021 0.008
1.00-1.40 0.078 0.055 1.20 -0.048 0.007 0.024 0.029 0.010 0.030 -0.008 0.009 0.011  0.005 0.009 0.004
1.40-1.80 0.092 0.069 1.59 -0.022 0.008 0.022 0.041 0.011 0.021 -0.020 0.011 0.012 -0.004 0.011 0.002
1.80-2.40 0.106 0.085 2.08 -0.028 0.007 0.022 0.031 0.010 0.018 -0.012 0.010 0.013 -0.000 0.010 0.004
2.40-3.20 0.127 0.105 2.77 -0.017 0.008 0.019 0.059 0.012 0.019  0.014 0.011 0.013 -0.010 0.011 0.009
3.20-4.50 0.152 0.134 3.77  0.011 0.009 0.013 0.037 0.013 0.002 -0.008 0.013 0.015 -0.012 0.012 0.001
4.50-10.0 0.220 0.199 5.79  0.006 0.011 0.013 0.038 0.015 0.038  0.036 0.015 0.002  0.005 0.015 0.004
