           -t     xB     Q2    ALU_int sin(p)     ALU_dvcs sin(phi)    ALU_int sin(2phi)
overall    0.117  0.097  2.52 -0.222 0.023 0.022  0.005  0.023 0.003   0.005  0.023  0.003
t
0.00 0.03  0.018  0.068  1.72 -0.217 0.051 0.010  0.031  0.051 0.003   -0.032 0.051  0.003 
0.03 0.06  0.043  0.088  2.26 -0.222 0.052 0.014  -0.024 0.052 0.006   0.062  0.052  0.002
0.06 0.10  0.078  0.099  2.51 -0.163 0.057 0.012  -0.010 0.056 0.005   0.039  0.056  0.006
0.10 0.20  0.142  0.110  2.79 -0.246 0.049 0.011  0.007  0.049 0.003   0.007  0.049  0.008
0.20 0.35  0.260  0.121  3.27 -0.297 0.066 0.006  0.086  0.066 0.003   -0.035 0.066  0.008 
0.35 0.70  0.460  0.125  3.82 -0.189 0.095 0.015  -0.111 0.095 0.024   -0.056 0.096  0.029 
xb
0.03 0.06  0.095  0.049  1.34 -0.237 0.050 0.076  0.002  0.050 0.005   -0.064 0.051  0.010 
0.06 0.08  0.091  0.069  1.80 -0.235 0.050 0.047  0.010  0.050 0.004   0.024  0.049  0.012
0.08 0.10  0.104  0.089  2.30 -0.263 0.057 0.033  0.069  0.056 0.004   0.028  0.056  0.007
0.10 0.13  0.121  0.113  2.93 -0.223 0.059 0.030  -0.015 0.058 0.007   -0.012 0.059  0.010 
0.13 0.20  0.159  0.157  4.06 -0.216 0.063 0.013  0.014  0.063 0.006   0.046  0.061  0.010
0.20 0.35  0.231  0.244  6.14 -0.113 0.110 0.021  -0.111 0.110 0.017   0.046  0.102  0.015
Q2
1.00 1.40  0.076  0.054  1.20 -0.193 0.051 0.061  -0.001 0.051 0.002   -0.020 0.051  0.010 
1.40 1.80  0.089  0.069  1.59 -0.311 0.055 0.062  0.047  0.055 0.011   -0.021 0.054  0.005 
1.80 2.40  0.104  0.085  2.08 -0.224 0.051 0.042  0.014  0.051 0.005   0.015  0.053  0.008
2.40 3.20  0.126  0.105  2.77 -0.219 0.054 0.044  0.010  0.054 0.007   0.028  0.049  0.006
3.20 4.50  0.151  0.134  3.76 -0.180 0.063 0.031  -0.025 0.062 0.006   -0.016 0.062  0.008 
4.50 10.0  0.218  0.200  5.82 -0.200 0.074 0.004  -0.036 0.074 0.007   0.069  0.071  0.013
