F2 deuterium data from Simona Malace
JLab experiment E00106
PhD thesis, Hampton University, December 2006
                                                                                
= 0.0000   normalisation factor

     x         Q^2         F2d          i        stat        syst       dummy      dummy    
  0.4831      3.5853      0.2890      1.00      0.0038      0.0074     1.0000      1.0000   
  0.4904      3.6240      0.2854      2.00      0.0037      0.0073     1.0000      1.0000   
  0.4978      3.6628      0.2726      3.00      0.0036      0.0069     1.0000      1.0000   
  0.5052      3.7015      0.2644      4.00      0.0035      0.0067     1.0000      1.0000   
  0.5127      3.7403      0.2542      5.00      0.0034      0.0065     1.0000      1.0000   
  0.5202      3.7791      0.2417      6.00      0.0033      0.0061     1.0000      1.0000   
  0.5278      3.8178      0.2339      7.00      0.0032      0.0060     1.0000      1.0000   
  0.5355      3.8566      0.2294      8.00      0.0032      0.0058     1.0000      1.0000   
  0.5433      3.8953      0.2131      9.00      0.0030      0.0054     1.0000      1.0000   
  0.5511      3.9341      0.2019      10.00     0.0029      0.0051     1.0000      1.0000   
  0.5590      3.9729      0.1976      11.00     0.0029      0.0050     1.0000      1.0000   
  0.5669      4.0116      0.1944      12.00     0.0029      0.0049     1.0000      1.0000   
  0.5750      4.0504      0.1810      13.00     0.0027      0.0046     1.0000      1.0000   
  0.5830      4.0891      0.1778      14.00     0.0027      0.0045     1.0000      1.0000   
  0.5912      4.1279      0.1672      15.00     0.0026      0.0043     1.0000      1.0000   
  0.5995      4.1667      0.1589      16.00     0.0025      0.0040     1.0000      1.0000   
  0.6000      4.1691      0.1629      17.00     0.0016      0.0041     1.0000      1.0000   
  0.6097      4.2142      0.1574      18.00     0.0016      0.0040     1.0000      1.0000   
  0.6195      4.2593      0.1448      19.00     0.0014      0.0037     1.0000      1.0000   
  0.6294      4.3043      0.1379      20.00     0.0014      0.0035     1.0000      1.0000   
  0.6393      4.3494      0.1292      21.00     0.0013      0.0033     1.0000      1.0000   
  0.6495      4.3945      0.1217      22.00     0.0013      0.0031     1.0000      1.0000   
  0.6597      4.4395      0.1161      23.00     0.0012      0.0030     1.0000      1.0000   
  0.6700      4.4846      0.1090      24.00     0.0012      0.0028     1.0000      1.0000   
  0.6804      4.5297      0.1012      25.00     0.0011      0.0026     1.0000      1.0000   
  0.6910      4.5748      0.0921      26.00     0.0011      0.0023     1.0000      1.0000   
  0.7017      4.6198      0.0881      27.00     0.0010      0.0022     1.0000      1.0000   
  0.7125      4.6649      0.0805      28.00     0.0010      0.0020     1.0000      1.0000   
  0.7234      4.7100      0.0735      29.00     0.0009      0.0019     1.0000      1.0000   
  0.7344      4.7550      0.0685      30.00     0.0009      0.0017     1.0000      1.0000   
  0.7456      4.8001      0.0629      31.00     0.0008      0.0016     1.0000      1.0000   
  0.7568      4.8452      0.0584      32.00     0.0008      0.0015     1.0000      1.0000   
  0.7575      4.8476      0.0601      33.00     0.0006      0.0015     1.0000      1.0000   
  0.7707      4.9000      0.0540      34.00     0.0006      0.0014     1.0000      1.0000   
  0.7842      4.9524      0.0496      35.00     0.0005      0.0013     1.0000      1.0000   
  0.7979      5.0048      0.0428      36.00     0.0005      0.0011     1.0000      1.0000   
  0.8117      5.0572      0.0373      37.00     0.0004      0.0010     1.0000      1.0000   
  0.8257      5.1096      0.0333      38.00     0.0004      0.0009     1.0000      1.0000   
  0.8400      5.1620      0.0281      39.00     0.0004      0.0007     1.0000      1.0000   
  0.8544      5.2144      0.0234      40.00     0.0003      0.0006     1.0000      1.0000   
  0.8690      5.2668      0.0197      41.00     0.0003      0.0005     1.0000      1.0000   
  0.8838      5.3192      0.0160      42.00     0.0003      0.0004     1.0000      1.0000   
  0.8989      5.3717      0.0135      43.00     0.0002      0.0004     1.0000      1.0000   
  0.9141      5.4241      0.0115      44.00     0.0002      0.0003     1.0000      1.0000   
  0.9296      5.4765      0.0097      45.00     0.0002      0.0003     1.0000      1.0000   
  0.9453      5.5289      0.0072      46.00     0.0002      0.0003     1.0000      1.0000   
  0.5300      3.9954      0.2297      47.00     0.0038      0.0058     1.0000      1.0000   
  0.5379      4.0386      0.2234      48.00     0.0038      0.0057     1.0000      1.0000   
  0.5458      4.0817      0.2136      49.00     0.0036      0.0054     1.0000      1.0000   
  0.5538      4.1249      0.2039      50.00     0.0035      0.0052     1.0000      1.0000   
  0.5619      4.1681      0.1949      51.00     0.0034      0.0050     1.0000      1.0000   
  0.5700      4.2113      0.1907      52.00     0.0033      0.0049     1.0000      1.0000   
  0.5782      4.2545      0.1728      53.00     0.0032      0.0044     1.0000      1.0000   
  0.5865      4.2977      0.1685      54.00     0.0031      0.0043     1.0000      1.0000   
  0.5948      4.3409      0.1613      55.00     0.0030      0.0041     1.0000      1.0000   
  0.6032      4.3841      0.1571      56.00     0.0030      0.0040     1.0000      1.0000   
  0.6117      4.4273      0.1447      57.00     0.0029      0.0037     1.0000      1.0000   
  0.6203      4.4705      0.1372      58.00     0.0028      0.0035     1.0000      1.0000   
  0.6289      4.5137      0.1335      59.00     0.0027      0.0034     1.0000      1.0000   
  0.6376      4.5569      0.1253      60.00     0.0027      0.0032     1.0000      1.0000   
  0.6463      4.6001      0.1207      61.00     0.0026      0.0031     1.0000      1.0000   
  0.6552      4.6433      0.1098      62.00     0.0024      0.0028     1.0000      1.0000   
  0.6556      4.6455      0.1128      63.00     0.0014      0.0029     1.0000      1.0000   
  0.6660      4.6957      0.1078      64.00     0.0013      0.0027     1.0000      1.0000   
  0.6765      4.7460      0.1018      65.00     0.0012      0.0026     1.0000      1.0000   
  0.6871      4.7962      0.0970      66.00     0.0012      0.0025     1.0000      1.0000   
  0.6978      4.8464      0.0895      67.00     0.0012      0.0023     1.0000      1.0000   
  0.7086      4.8966      0.0841      68.00     0.0011      0.0021     1.0000      1.0000   
  0.7195      4.9468      0.0746      69.00     0.0010      0.0019     1.0000      1.0000   
  0.7305      4.9971      0.0698      70.00     0.0010      0.0018     1.0000      1.0000   
  0.7416      5.0473      0.0613      71.00     0.0009      0.0016     1.0000      1.0000   
  0.7529      5.0975      0.0560      72.00     0.0009      0.0014     1.0000      1.0000   
  0.7643      5.1477      0.0528      73.00     0.0008      0.0013     1.0000      1.0000   
  0.7757      5.1980      0.0481      74.00     0.0008      0.0012     1.0000      1.0000   
  0.7873      5.2482      0.0430      75.00     0.0008      0.0011     1.0000      1.0000   
  0.7991      5.2984      0.0402      76.00     0.0007      0.0010     1.0000      1.0000   
  0.8109      5.3486      0.0364      77.00     0.0007      0.0009     1.0000      1.0000   
  0.8229      5.3988      0.0322      78.00     0.0006      0.0008     1.0000      1.0000   
  0.8236      5.4018      0.0328      79.00     0.0004      0.0008     1.0000      1.0000   
  0.8377      5.4602      0.0263      80.00     0.0004      0.0007     1.0000      1.0000   
  0.8520      5.5186      0.0238      81.00     0.0004      0.0006     1.0000      1.0000   
  0.8664      5.5770      0.0193      82.00     0.0003      0.0005     1.0000      1.0000   
  0.8811      5.6354      0.0163      83.00     0.0003      0.0004     1.0000      1.0000   
  0.8959      5.6938      0.0123      84.00     0.0003      0.0003     1.0000      1.0000   
  0.9109      5.7522      0.0107      85.00     0.0003      0.0003     1.0000      1.0000   
  0.9262      5.8106      0.0095      86.00     0.0002      0.0003     1.0000      1.0000   
  0.9416      5.8690      0.0076      87.00     0.0002      0.0003     1.0000      1.0000   
  0.9572      5.9274      0.0059      88.00     0.0002      0.0003     1.0000      1.0000   
  0.5472      4.2816      0.2115      89.00     0.0036      0.0054     1.0000      1.0000   
  0.5551      4.3279      0.2017      90.00     0.0035      0.0051     1.0000      1.0000   
  0.5630      4.3742      0.1947      91.00     0.0034      0.0050     1.0000      1.0000   
  0.5709      4.4205      0.1832      92.00     0.0033      0.0047     1.0000      1.0000   
  0.5789      4.4668      0.1761      93.00     0.0032      0.0045     1.0000      1.0000   
  0.5869      4.5131      0.1671      94.00     0.0031      0.0043     1.0000      1.0000   
  0.5951      4.5593      0.1620      95.00     0.0030      0.0041     1.0000      1.0000   
  0.6032      4.6056      0.1548      96.00     0.0030      0.0039     1.0000      1.0000   
  0.6114      4.6519      0.1481      97.00     0.0029      0.0038     1.0000      1.0000   
  0.6197      4.6982      0.1306      98.00     0.0027      0.0033     1.0000      1.0000   
  0.6281      4.7445      0.1285      99.00     0.0027      0.0033     1.0000      1.0000   
  0.6365      4.7908      0.1263     100.00     0.0027      0.0032     1.0000      1.0000   
  0.6449      4.8371      0.1177     101.00     0.0026      0.0030     1.0000      1.0000   
  0.6535      4.8834      0.1136     102.00     0.0025      0.0029     1.0000      1.0000   
  0.6620      4.9296      0.1033     103.00     0.0023      0.0026     1.0000      1.0000   
  0.6707      4.9759      0.1019     104.00     0.0023      0.0026     1.0000      1.0000   
  0.6712      4.9786      0.1031     105.00     0.0014      0.0026     1.0000      1.0000   
  0.6813      5.0324      0.0960     106.00     0.0014      0.0024     1.0000      1.0000   
  0.6916      5.0862      0.0902     107.00     0.0013      0.0023     1.0000      1.0000   
  0.7019      5.1401      0.0854     108.00     0.0012      0.0022     1.0000      1.0000   
  0.7123      5.1939      0.0808     109.00     0.0012      0.0021     1.0000      1.0000   
  0.7228      5.2477      0.0727     110.00     0.0011      0.0018     1.0000      1.0000   
  0.7334      5.3015      0.0678     111.00     0.0011      0.0017     1.0000      1.0000   
  0.7440      5.3554      0.0619     112.00     0.0010      0.0016     1.0000      1.0000   
  0.7548      5.4092      0.0553     113.00     0.0010      0.0014     1.0000      1.0000   
  0.7657      5.4630      0.0491     114.00     0.0009      0.0012     1.0000      1.0000   
  0.7766      5.5168      0.0440     115.00     0.0008      0.0011     1.0000      1.0000   
  0.7877      5.5706      0.0430     116.00     0.0009      0.0011     1.0000      1.0000   
  0.7988      5.6245      0.0403     117.00     0.0008      0.0010     1.0000      1.0000   
  0.8101      5.6783      0.0354     118.00     0.0008      0.0009     1.0000      1.0000   
  0.8214      5.7321      0.0322     119.00     0.0007      0.0008     1.0000      1.0000   
  0.8329      5.7859      0.0270     120.00     0.0006      0.0007     1.0000      1.0000   
  0.8336      5.7893      0.0282     121.00     0.0008      0.0007     1.0000      1.0000   
  0.8471      5.8519      0.0252     122.00     0.0007      0.0006     1.0000      1.0000   
  0.8607      5.9144      0.0205     123.00     0.0006      0.0005     1.0000      1.0000   
  0.8744      5.9770      0.0163     124.00     0.0006      0.0004     1.0000      1.0000   
  0.8883      6.0396      0.0144     125.00     0.0005      0.0004     1.0000      1.0000   
  0.9024      6.1022      0.0116     126.00     0.0005      0.0003     1.0000      1.0000   
  0.9166      6.1648      0.0111     127.00     0.0005      0.0003     1.0000      1.0000   
  0.9310      6.2274      0.0096     128.00     0.0005      0.0003     1.0000      1.0000   
  0.9455      6.2900      0.0070     129.00     0.0004      0.0003     1.0000      1.0000   
  0.9602      6.3525      0.0035     130.00     0.0004      0.0002     1.0000      1.0000   
  0.6032      5.0149      0.1467     131.00     0.0022      0.0037     1.0000      1.0000   
  0.6113      5.0691      0.1362     132.00     0.0021      0.0035     1.0000      1.0000   
  0.6195      5.1233      0.1305     133.00     0.0021      0.0033     1.0000      1.0000   
  0.6277      5.1775      0.1249     134.00     0.0020      0.0032     1.0000      1.0000   
  0.6359      5.2318      0.1189     135.00     0.0019      0.0030     1.0000      1.0000   
  0.6442      5.2860      0.1066     136.00     0.0018      0.0027     1.0000      1.0000   
  0.6526      5.3402      0.1024     137.00     0.0018      0.0026     1.0000      1.0000   
  0.6609      5.3944      0.0999     138.00     0.0017      0.0025     1.0000      1.0000   
  0.6694      5.4486      0.0935     139.00     0.0017      0.0024     1.0000      1.0000   
  0.6778      5.5028      0.0883     140.00     0.0017      0.0022     1.0000      1.0000   
  0.6864      5.5571      0.0821     141.00     0.0016      0.0021     1.0000      1.0000   
  0.6949      5.6113      0.0781     142.00     0.0016      0.0020     1.0000      1.0000   
  0.7035      5.6655      0.0736     143.00     0.0015      0.0019     1.0000      1.0000   
  0.7122      5.7197      0.0694     144.00     0.0015      0.0018     1.0000      1.0000   
  0.7209      5.7739      0.0678     145.00     0.0014      0.0017     1.0000      1.0000   
  0.7296      5.8281      0.0629     146.00     0.0013      0.0016     1.0000      1.0000   
  0.7302      5.8317      0.0658     147.00     0.0008      0.0017     1.0000      1.0000   
  0.7404      5.8948      0.0594     148.00     0.0007      0.0015     1.0000      1.0000   
  0.7507      5.9578      0.0541     149.00     0.0007      0.0014     1.0000      1.0000   
  0.7611      6.0209      0.0506     150.00     0.0006      0.0013     1.0000      1.0000   
  0.7715      6.0839      0.0450     151.00     0.0006      0.0011     1.0000      1.0000   
  0.7820      6.1469      0.0403     152.00     0.0006      0.0010     1.0000      1.0000   
  0.7926      6.2100      0.0365     153.00     0.0005      0.0009     1.0000      1.0000   
  0.8032      6.2730      0.0316     154.00     0.0005      0.0008     1.0000      1.0000   
  0.8139      6.3361      0.0295     155.00     0.0005      0.0008     1.0000      1.0000   
  0.8223      6.3849      0.0298     156.00     0.0005      0.0008     1.0000      1.0000   
  0.8247      6.3991      0.0276     157.00     0.0005      0.0007     1.0000      1.0000   
  0.8341      6.4540      0.0263     158.00     0.0005      0.0007     1.0000      1.0000   
  0.8355      6.4622      0.0244     159.00     0.0005      0.0006     1.0000      1.0000   
  0.8461      6.5230      0.0219     160.00     0.0005      0.0006     1.0000      1.0000   
  0.8465      6.5252      0.0215     161.00     0.0004      0.0006     1.0000      1.0000   
  0.8574      6.5883      0.0196     162.00     0.0004      0.0005     1.0000      1.0000   
  0.8581      6.5920      0.0196     163.00     0.0004      0.0005     1.0000      1.0000   
  0.8685      6.6513      0.0163     164.00     0.0004      0.0004     1.0000      1.0000   
  0.8702      6.6610      0.0169     165.00     0.0004      0.0004     1.0000      1.0000   
  0.8796      6.7144      0.0142     166.00     0.0004      0.0004     1.0000      1.0000   
  0.8824      6.7301      0.0141     167.00     0.0004      0.0004     1.0000      1.0000   
  0.8908      6.7774      0.0122     168.00     0.0003      0.0003     1.0000      1.0000   
  0.8947      6.7991      0.0123     169.00     0.0003      0.0003     1.0000      1.0000   
  0.9071      6.8681      0.0105     170.00     0.0003      0.0003     1.0000      1.0000   
  0.9196      6.9371      0.0090     171.00     0.0003      0.0003     1.0000      1.0000   
  0.9321      7.0062      0.0089     172.00     0.0003      0.0003     1.0000      1.0000   
  0.9448      7.0752      0.0072     173.00     0.0003      0.0003     1.0000      1.0000   
  0.9575      7.1442      0.0039     174.00     0.0003      0.0002     1.0000      1.0000   
  0.5156      4.5251      0.2595     175.00     0.0064      0.0066     1.0000      1.0000   
  0.5222      4.5740      0.2312     176.00     0.0061      0.0059     1.0000      1.0000   
  0.5288      4.6229      0.2375     177.00     0.0060      0.0060     1.0000      1.0000   
  0.5354      4.6718      0.2225     178.00     0.0058      0.0057     1.0000      1.0000   
  0.5420      4.7208      0.2055     179.00     0.0055      0.0052     1.0000      1.0000   
  0.5487      4.7697      0.2091     180.00     0.0055      0.0053     1.0000      1.0000   
  0.5554      4.8186      0.2011     181.00     0.0055      0.0051     1.0000      1.0000   
  0.5621      4.8675      0.1915     182.00     0.0052      0.0049     1.0000      1.0000   
  0.5689      4.9164      0.1892     183.00     0.0051      0.0048     1.0000      1.0000   
  0.5756      4.9654      0.1733     184.00     0.0050      0.0044     1.0000      1.0000   
  0.5824      5.0143      0.1573     185.00     0.0047      0.0040     1.0000      1.0000   
  0.5893      5.0632      0.1611     186.00     0.0048      0.0041     1.0000      1.0000   
  0.5961      5.1121      0.1547     187.00     0.0047      0.0039     1.0000      1.0000   
  0.6030      5.1610      0.1524     188.00     0.0047      0.0039     1.0000      1.0000   
  0.6099      5.2100      0.1463     189.00     0.0045      0.0037     1.0000      1.0000   
  0.6168      5.2589      0.1419     190.00     0.0044      0.0036     1.0000      1.0000   
  0.6173      5.2622      0.1402     191.00     0.0026      0.0036     1.0000      1.0000   
  0.6254      5.3190      0.1306     192.00     0.0025      0.0033     1.0000      1.0000   
  0.6335      5.3759      0.1250     193.00     0.0024      0.0032     1.0000      1.0000   
  0.6417      5.4328      0.1159     194.00     0.0023      0.0030     1.0000      1.0000   
  0.6499      5.4897      0.1089     195.00     0.0022      0.0028     1.0000      1.0000   
  0.6582      5.5466      0.1017     196.00     0.0021      0.0026     1.0000      1.0000   
  0.6665      5.6035      0.0979     197.00     0.0021      0.0025     1.0000      1.0000   
  0.6748      5.6604      0.0873     198.00     0.0020      0.0022     1.0000      1.0000   
  0.6831      5.7173      0.0810     199.00     0.0019      0.0021     1.0000      1.0000   
  0.6915      5.7741      0.0812     200.00     0.0019      0.0021     1.0000      1.0000   
  0.7000      5.8310      0.0753     201.00     0.0018      0.0019     1.0000      1.0000   
  0.7085      5.8879      0.0702     202.00     0.0018      0.0018     1.0000      1.0000   
  0.7170      5.9448      0.0690     203.00     0.0017      0.0018     1.0000      1.0000   
  0.7256      6.0017      0.0667     204.00     0.0018      0.0017     1.0000      1.0000   
  0.7342      6.0586      0.0593     205.00     0.0016      0.0015     1.0000      1.0000   
  0.7356      6.0684      0.0607     206.00     0.0008      0.0015     1.0000      1.0000   
  0.7428      6.1155      0.0567     207.00     0.0016      0.0014     1.0000      1.0000   
  0.7456      6.1340      0.0577     208.00     0.0008      0.0015     1.0000      1.0000   
  0.7556      6.1996      0.0516     209.00     0.0007      0.0013     1.0000      1.0000   
  0.7657      6.2652      0.0472     210.00     0.0007      0.0012     1.0000      1.0000   
  0.7759      6.3308      0.0434     211.00     0.0006      0.0011     1.0000      1.0000   
  0.7861      6.3964      0.0391     212.00     0.0006      0.0010     1.0000      1.0000   
  0.7963      6.4620      0.0351     213.00     0.0006      0.0009     1.0000      1.0000   
  0.8066      6.5276      0.0321     214.00     0.0006      0.0008     1.0000      1.0000   
  0.8170      6.5932      0.0290     215.00     0.0005      0.0007     1.0000      1.0000   
  0.8274      6.6588      0.0273     216.00     0.0005      0.0007     1.0000      1.0000   
  0.8282      6.6636      0.0267     217.00     0.0005      0.0007     1.0000      1.0000   
  0.8379      6.7244      0.0239     218.00     0.0005      0.0006     1.0000      1.0000   
  0.8398      6.7356      0.0241     219.00     0.0005      0.0006     1.0000      1.0000   
  0.8485      6.7900      0.0202     220.00     0.0005      0.0005     1.0000      1.0000   
  0.8513      6.8077      0.0199     221.00     0.0004      0.0005     1.0000      1.0000   
  0.8591      6.8556      0.0180     222.00     0.0005      0.0005     1.0000      1.0000   
  0.8630      6.8797      0.0180     223.00     0.0004      0.0005     1.0000      1.0000   
  0.8697      6.9212      0.0161     224.00     0.0004      0.0004     1.0000      1.0000   
  0.8748      6.9518      0.0149     225.00     0.0003      0.0004     1.0000      1.0000   
  0.8804      6.9868      0.0142     226.00     0.0004      0.0004     1.0000      1.0000   
  0.8866      7.0238      0.0124     227.00     0.0003      0.0003     1.0000      1.0000   
  0.8912      7.0524      0.0125     228.00     0.0003      0.0003     1.0000      1.0000   
  0.8984      7.0958      0.0110     229.00     0.0003      0.0003     1.0000      1.0000   
  0.9104      7.1679      0.0093     230.00     0.0003      0.0003     1.0000      1.0000   
  0.9224      7.2399      0.0070     231.00     0.0003      0.0002     1.0000      1.0000   
  0.9345      7.3120      0.0087     232.00     0.0003      0.0003     1.0000      1.0000   
  0.9467      7.3840      0.0083     233.00     0.0003      0.0003     1.0000      1.0000   
  0.6032      5.3830      0.1477     234.00     0.0041      0.0038     1.0000      1.0000   
  0.6108      5.4412      0.1366     235.00     0.0038      0.0035     1.0000      1.0000   
  0.6183      5.4994      0.1373     236.00     0.0038      0.0035     1.0000      1.0000   
  0.6259      5.5576      0.1255     237.00     0.0035      0.0032     1.0000      1.0000   
  0.6336      5.6158      0.1251     238.00     0.0035      0.0032     1.0000      1.0000   
  0.6412      5.6740      0.1159     239.00     0.0034      0.0030     1.0000      1.0000   
  0.6489      5.7322      0.1062     240.00     0.0033      0.0027     1.0000      1.0000   
  0.6566      5.7904      0.0994     241.00     0.0031      0.0025     1.0000      1.0000   
  0.6644      5.8486      0.0926     242.00     0.0030      0.0024     1.0000      1.0000   
  0.6721      5.9068      0.0961     243.00     0.0031      0.0025     1.0000      1.0000   
  0.6799      5.9650      0.0853     244.00     0.0028      0.0022     1.0000      1.0000   
  0.6877      6.0232      0.0851     245.00     0.0028      0.0022     1.0000      1.0000   
  0.6956      6.0814      0.0779     246.00     0.0028      0.0020     1.0000      1.0000   
  0.7004      6.1174      0.0736     247.00     0.0019      0.0019     1.0000      1.0000   
  0.7034      6.1396      0.0760     248.00     0.0026      0.0019     1.0000      1.0000   
  0.7094      6.1835      0.0708     249.00     0.0018      0.0018     1.0000      1.0000   
  0.7113      6.1978      0.0774     250.00     0.0026      0.0020     1.0000      1.0000   
  0.7184      6.2496      0.0677     251.00     0.0018      0.0017     1.0000      1.0000   
  0.7193      6.2560      0.0694     252.00     0.0025      0.0018     1.0000      1.0000   
  0.7274      6.3158      0.0637     253.00     0.0017      0.0016     1.0000      1.0000   
  0.7365      6.3819      0.0556     254.00     0.0015      0.0014     1.0000      1.0000   
  0.7456      6.4480      0.0537     255.00     0.0015      0.0014     1.0000      1.0000   
  0.7548      6.5142      0.0478     256.00     0.0015      0.0012     1.0000      1.0000   
  0.7640      6.5803      0.0437     257.00     0.0014      0.0011     1.0000      1.0000   
  0.7732      6.6464      0.0406     258.00     0.0014      0.0010     1.0000      1.0000   
  0.7824      6.7126      0.0375     259.00     0.0013      0.0010     1.0000      1.0000   
  0.7917      6.7787      0.0350     260.00     0.0012      0.0009     1.0000      1.0000   
  0.8011      6.8448      0.0327     261.00     0.0012      0.0008     1.0000      1.0000   
  0.8104      6.9110      0.0312     262.00     0.0012      0.0008     1.0000      1.0000   
  0.8198      6.9771      0.0281     263.00     0.0011      0.0007     1.0000      1.0000   
  0.8293      7.0432      0.0281     264.00     0.0012      0.0007     1.0000      1.0000   
  0.8388      7.1094      0.0262     265.00     0.0012      0.0007     1.0000      1.0000   
