      x          Q**2         F2(N)/F2(P)        errors
               (GeV**2)                      stat.      sys.

    0.030                        0.906       0.028      0.089   
    0.050                        0.899       0.029      0.089 
    0.080                        0.862       0.021      0.069 
    0.125                        0.874       0.025      0.067 
    0.175                        0.797       0.027      0.082  
    0.250                        0.696       0.023      0.065  
    0.350                        0.613       0.032      0.056  
    0.450                        0.509       0.041      0.056    
    0.550                        0.483       0.067      0.057  
    0.650                        0.386       0.109      0.072 

    0.030         7.00           0.952       0.062      0.124  
    0.030         9.00           0.889       0.045      0.082  
    0.030        11.50           0.897       0.045      0.074  
    0.050         9.00           0.812       0.078      0.117  
    0.050        11.50           0.964       0.053      0.099  
    0.050        15.00           0.869       0.057      0.079  
    0.050        20.00           0.896       0.050      0.076  
    0.080        11.50           0.741       0.054      0.092  
    0.080        15.00           0.880       0.046      0.079  
    0.080        20.00           0.870       0.037      0.063  
    0.080        27.00           0.894       0.046      0.062  
    0.080        36.00           0.892       0.064      0.061  
    0.125        11.50           0.799       0.151      0.110  
    0.125        15.00           0.905       0.071      0.087  
    0.125        20.00           0.831       0.059      0.068  
    0.125        27.00           0.891       0.047      0.062  
    0.125        36.00           0.919       0.053      0.062  
    0.125        48.00           0.818       0.059      0.058  
    0.175        11.50           0.780       0.119      0.115  
    0.175        15.00           0.737       0.077      0.092  
    0.175        20.00           0.800       0.074      0.087  
    0.175        27.00           0.769       0.062      0.076  
    0.175        36.00           0.913       0.059      0.081  
    0.175        48.00           0.754       0.064      0.073  
    0.175        65.00           0.735       0.075      0.072  
    0.250        11.50           0.592       0.110      0.110  
    0.250        15.00           0.630       0.075      0.090  
    0.250        20.00           0.626       0.062      0.075  
    0.250        27.00           0.661       0.051      0.063  
    0.250        36.00           0.854       0.068      0.063  
    0.250        48.00           0.737       0.059      0.056   
    0.250        65.00           0.715       0.056      0.055   
    0.250        90.00           0.633       0.081      0.052   
    0.350        20.00           0.522       0.078      0.061   
    0.350        27.00           0.610       0.069      0.057   
    0.350        36.00           0.704       0.071      0.057   
    0.350        48.00           0.620       0.080      0.053   
    0.350        65.00           0.590       0.081      0.051   
    0.350        90.00           0.686       0.220      0.054   
    0.350       125.00           0.531       0.133      0.049   
    0.450        20.00           0.356       0.114      0.070   
    0.450        27.00           0.288       0.102      0.062   
    0.450        36.00           0.399       0.080      0.053   
    0.450        48.00           0.621       0.098      0.056   
    0.450        65.00           0.805       0.154      0.058   
    0.450        90.00           0.635       0.115      0.053   
    0.450       125.00           0.554       0.153      0.050   
    0.550        27.00           0.375       0.207      0.083   
    0.550        36.00           0.249       0.120      0.056   
    0.550        48.00           0.703       0.251      0.060   
    0.550        65.00           0.463       0.125      0.048   
    0.550        90.00           0.473       0.153      0.047   
    0.550       125.00           0.995       0.284      0.064   
    0.550       170.00           0.837       0.449      0.059   
    0.650        36.00           0.418       0.271      0.132   
    0.650        48.00           0.444       0.369      0.096   
    0.650        65.00           0.574       0.234      0.056   
    0.650        90.00           0.253       0.193      0.040   
    0.650       125.00           0.152       0.236      0.037   
    0.650       170.00           0.736       0.642      0.059    
