<title> HEPDATA DIS Structure Function Review </title>
<body bgcoloR=#FFFFFF>
<pre>
EXPeriment      = CERN-NA-2                      
REACtion        = muon proton --> muon X                                  
Collaboration   = EMC              
Authors         = Aubert et al         
                  Bazizi et al 
References      = Nucl. Phys. B259 (1985) 189
                  CERN-PPE/90-175 (1990)         
Additional info : The combined energy proton structure functions as measured 
                  by the EMC Collaboration in muon-proton deep inelastic 
                  scattering.


   x       Q**2      F2           errors           F2          errors 
         (GeV**2)    R=0.0     stat.     sys.      R=QCD    stat.     sys.

 0.0175    2.5                                     0.2899   0.0072    0.0176  
 0.0175    5.5                                     0.3427   0.0114    0.0181  
 0.0175    7.0                                     0.3607   0.0099    0.0138  
 0.030     3.5       0.3039    0.0057    0.0172    0.3130   0.0059    0.0168  
 0.030     4.5       0.3092    0.0058    0.0145    0.3287   0.0062    0.0130  
 0.030     5.5       0.3313    0.0082    0.0153    0.3513   0.0081    0.0175  
 0.030     7.0       0.3113    0.0063    0.0157    0.3442   0.0043    0.0156  
 0.030     9.0       0.3410    0.0060    0.0154    0.3719   0.0049    0.0147  
 0.030    11.5       0.3487    0.0064    0.0156    0.3943   0.0066    0.0165  
 0.050     4.5       0.3090    0.0101    0.0180    0.3111   0.0102    0.0184  
 0.050     5.5       0.3149    0.0084    0.0138    0.3205   0.0085    0.0137  
 0.050     7.0       0.3447    0.0066    0.0124    0.3577   0.0068    0.0111  
 0.050     9.0       0.3435    0.0070    0.0177    0.3584   0.0066    0.0134  
 0.050    11.5       0.3389    0.0054    0.0147    0.3533   0.0064    0.0098  
 0.050    15.0       0.3556    0.0092    0.0153    0.3839   0.0055    0.0128  
 0.050    20.0       0.3782    0.0076    0.0165    0.4151   0.0069    0.0123  
 0.080     5.5       0.3359    0.0088    0.0185    0.3344   0.0088    0.0189  
 0.080     7.0       0.3402    0.0068    0.0139    0.3409   0.0068    0.0141  
 0.080     9.0       0.3412    0.0072    0.0108    0.3446   0.0066    0.0126  
 0.080    11.5       0.3518    0.0056    0.0160    0.3554   0.0053    0.0121  
 0.080    15.0       0.3587    0.0054    0.0131    0.3617   0.0044    0.0123  
 0.080    20.0       0.3457    0.0043    0.0100    0.3606   0.0041    0.0116  
 0.080    27.0       0.3595    0.0068    0.0112    0.3871   0.0053    0.0116  
 0.080    36.0       0.3739    0.0088    0.0134    0.4047   0.0103    0.0112  
 0.125     7.0       0.3355    0.0075    0.0169    0.3326   0.0073    0.0174  
 0.125     9.0       0.3323    0.0086    0.0118    0.3313   0.0078    0.0156  
 0.125    11.5       0.3433    0.0250    0.0162    0.3397   0.0068    0.0135  
 0.125    15.0       0.3279    0.0081    0.0123    0.3332   0.0058    0.0106  
 0.125    20.0       0.3400    0.0082    0.0104    0.3399   0.0048    0.0115  
 0.125    27.0       0.3334    0.0053    0.0086    0.3386   0.0049    0.0094  
 0.125    36.0       0.3226    0.0063    0.0089    0.3468   0.0055    0.0085  
 0.125    48.0       0.3466    0.0079    0.0101    0.3505   0.0082    0.0082  
 0.175     7.0       0.3032    0.0093    0.0169    0.3149   0.0077    0.0184  
 0.175     9.0       0.3144    0.0093    0.0130    0.3149   0.0077    0.0184  
 0.175    11.5       0.3229    0.0084    0.0111    0.3208   0.0083    0.0116  
 0.175    15.0       0.3239    0.0067    0.0160    0.3220   0.0066    0.0120  
 0.175    20.0       0.3232    0.0094    0.0140    0.3225   0.0056    0.0116  
 0.175    27.0       0.3098    0.0074    0.0118    0.3098   0.0054    0.0110  
 0.175    36.0       0.3062    0.0054    0.0114    0.3145   0.0061    0.0080  
 0.175    48.0       0.3160    0.0082    0.0115    0.3133   0.0071    0.0074  
 0.175    65.0       0.3080    0.0089    0.0120    0.3168   0.0102    0.0075  
 0.250     7.0       0.2996    0.0087    0.0177    0.2961   0.0086    0.0184  
 0.250     9.0       0.2880    0.0078    0.0128    0.2847   0.0077    0.0134  
 0.250    11.5       0.2972    0.0070    0.0108    0.2904   0.0061    0.0150  
 0.250    15.0       0.2751    0.0064    0.0137    0.2764   0.0051    0.0110  
 0.250    20.0       0.2793    0.0071    0.0115    0.2821   0.0050    0.0084  
 0.250    27.0       0.2844    0.0051    0.0086    0.2792   0.0042    0.0099  
 0.250    36.0       0.2541    0.0069    0.0068    0.2610   0.0043    0.0071  
 0.250    48.0       0.2598    0.0063    0.0061    0.2676   0.0055    0.0062  
 0.250    65.0       0.2579    0.0051    0.0060    0.2621   0.0056    0.0061  
 0.250    90.0       0.2642    0.0093    0.0066    0.2672   0.0110    0.0065  
 0.350     9.0       0.2163    0.0086    0.0096    0.2128   0.0085    0.0100  
 0.350    11.5       0.2264    0.0075    0.0096    0.2225   0.0073    0.0100  
 0.350    15.0       0.2158    0.0069    0.0090    0.2195   0.0058    0.0087  
 0.350    20.0       0.2182    0.0062    0.0058    0.2141   0.0052    0.0061  
 0.350    27.0       0.2169    0.0050    0.0053    0.2127   0.0048    0.0063  
 0.350    36.0       0.2042    0.0050    0.0043    0.1983   0.0043    0.0051  
 0.350    48.0       0.1939    0.0069    0.0044    0.1984   0.0050    0.0049  
 0.350    65.0       0.1971    0.0072    0.0042    0.1987   0.0051    0.0043  
 0.350    90.0       0.1751    0.0217    0.0039    0.1848   0.0075    0.0047  
 0.350   125.0       0.2035    0.0122    0.0053    0.2035   0.0150    0.0055  
 0.450    11.5       0.1392    0.0068    0.0060    0.1364   0.0065    0.0061  
 0.450    15.0       0.1446    0.0077    0.0041    0.1501   0.0066    0.0062  
 0.450    20.0       0.1528    0.0059    0.0057    0.1496   0.0047    0.0074  
 0.450    27.0       0.1575    0.0081    0.0069    0.1348   0.0048    0.0060  
 0.450    36.0       0.1472    0.0049    0.0045    0.1400   0.0050    0.0047  
 0.450    48.0       0.1302    0.0049    0.0035    0.1323   0.0045    0.0035  
 0.450    65.0       0.1245    0.0089    0.0026    0.1249   0.0047    0.0028  
 0.450    90.0       0.1182    0.0050    0.0024    0.1190   0.0052    0.0026  
 0.450   125.0       0.1151    0.0071    0.0025    0.1149   0.0089    0.0031  
 0.550    11.5       0.0935    0.0068    0.0064    0.0919   0.0066    0.0064  
 0.550    15.0       0.0861    0.0066    0.0044    0.0846   0.0064    0.0044  
 0.550    20.0       0.0731    0.0059    0.0032    0.0770   0.0046    0.0055  
 0.550    27.0       0.0802    0.0107    0.0039    0.0862   0.0037    0.0068  
 0.550    36.0       0.0850    0.0059    0.0039    0.0811   0.0039    0.0048  
 0.550    48.0       0.0673    0.0090    0.0028    0.0717   0.0037    0.0029  
 0.550    65.0       0.0757    0.0040    0.0022    0.0748   0.0037    0.0023  
 0.550    90.0       0.0648    0.0043    0.0016    0.0652   0.0039    0.0016  
 0.550   125.0       0.0612    0.0066    0.0013    0.0618   0.0063    0.0017  
 0.550   170.0       0.0550    0.0100    0.0013    0.0566   0.0109    0.0016  
 0.650    20.0       0.0434    0.0048    0.0030    0.0427   0.0048    0.0030  
 0.650    27.0       0.0371    0.0052    0.0021    0.0381   0.0042    0.0059  
 0.650    36.0       0.0438    0.0073    0.0020    0.0414   0.0037    0.0052  
 0.650    48.0       0.0343    0.0082    0.0012    0.0354   0.0032    0.0027  
 0.650    65.0       0.0356    0.0039    0.0016    0.0315   0.0030    0.0018  
 0.650    90.0       0.0390    0.0040    0.0015    0.0386   0.0039    0.0015  
 0.650   125.0       0.0359    0.0044    0.0011    0.0324   0.0041    0.0010  
 0.650   170.0       0.0230    0.0064    0.0007    0.0243   0.0058    0.0007  
 0.750    27.0       0.0198    0.0040    0.0018    0.0194   0.0039    0.0018  
 0.750    36.0       0.0127    0.0041    0.0010    0.0125   0.0040    0.0010  
 0.750    48.0       0.0190    0.0063    0.0012    0.0159   0.0040    0.0025  
 0.750    65.0       0.0108    0.0070    0.0005    0.0123   0.0043    0.0013  
 0.750    90.0       0.0115    0.0052    0.0006    0.0103   0.0039    0.0007  
 0.750   125.0       0.0076    0.0060    0.0004    0.0079   0.0042    0.0004  
 0.750   170.0       0.0107    0.0043    0.0004    0.0095   0.0039    0.0004  
