 13  27  1.9680   55.21    0.8680   1.844e+01  1.134e+00 Bosted:1992fy 
 13  27  1.9680   55.21    0.8960   2.533e+01  9.990e-01 Bosted:1992fy 
 13  27  1.9680   55.21    0.9240   3.024e+01  1.080e+00 Bosted:1992fy 
 13  27  1.9680   55.21    0.9520   3.564e+01  2.430e+00 Bosted:1992fy 
 13  27  1.9680   55.21    0.9800   4.104e+01  3.510e+00 Bosted:1992fy 
 13  27  1.9680   55.21    1.0080   4.995e+01  2.970e+00 Bosted:1992fy 
 13  27  1.9680   55.21    1.0360   5.103e+01  4.590e+00 Bosted:1992fy 
 13  27  2.4070   41.11    0.8250   2.122e+01  2.997e+00 Bosted:1992fy 
 13  27  2.4070   41.11    0.8570   3.024e+01  3.240e+00 Bosted:1992fy 
 13  27  2.4070   41.11    0.8900   4.509e+01  1.890e+00 Bosted:1992fy 
 13  27  2.4070   41.11    0.9230   5.724e+01  1.890e+00 Bosted:1992fy 
 13  27  2.4070   41.11    0.9550   6.831e+01  1.890e+00 Bosted:1992fy 
 13  27  2.4070   41.11    0.9880   7.263e+01  3.510e+00 Bosted:1992fy 
 13  27  2.4070   41.11    1.0210   8.721e+01  3.240e+00 Bosted:1992fy 
 13  27  2.4070   41.11    1.0530   9.477e+01  2.970e+00 Bosted:1992fy 
 13  27  2.4070   41.11    1.0860   1.002e+02  3.510e+00 Bosted:1992fy 
 13  27  2.4070   58.88    1.3040   5.292e+00  4.860e-01 Bosted:1992fy 
 13  27  2.4070   58.88    1.3320   6.777e+00  4.320e-01 Bosted:1992fy 
 13  27  2.4070   58.88    1.3610   8.127e+00  5.670e-01 Bosted:1992fy 
 13  27  2.4070   58.88    1.3890   1.080e+01  1.107e+00 Bosted:1992fy 
 13  27  2.4070   58.88    1.4180   1.274e+01  8.910e-01 Bosted:1992fy 
 13  27  2.4070   58.88    1.4460   1.739e+01  1.269e+00 Bosted:1992fy 
 13  27  2.8370   44.99    1.2300   4.725e+00  6.750e-01 Bosted:1992fy 
 13  27  2.8370   44.99    1.2640   8.559e+00  7.020e-01 Bosted:1992fy 
 13  27  2.8370   44.99    1.2980   9.909e+00  5.400e-01 Bosted:1992fy 
 13  27  2.8370   44.99    1.3320   1.309e+01  7.020e-01 Bosted:1992fy 
 13  27  2.8370   44.99    1.3660   1.555e+01  9.180e-01 Bosted:1992fy 
 13  27  2.8370   44.99    1.4000   1.574e+01  1.647e+00 Bosted:1992fy 
 13  27  2.8370   44.99    1.4340   2.141e+01  1.296e+00 Bosted:1992fy 
 13  27  2.8370   44.99    1.4680   2.678e+01  1.404e+00 Bosted:1992fy 
 13  27  2.8370   44.99    1.5020   3.024e+01  2.430e+00 Bosted:1992fy 
 13  27  2.8370   61.20    1.6820   1.709e+00  5.427e-01 Bosted:1992fy 
 13  27  2.8370   61.20    1.7070   1.777e+00  2.295e-01 Bosted:1992fy 
 13  27  2.8370   61.20    1.7320   2.546e+00  2.700e-01 Bosted:1992fy 
 13  27  2.8370   61.20    1.7570   3.240e+00  3.510e-01 Bosted:1992fy 
 13  27  2.8370   61.20    1.7820   2.673e+00  6.075e-01 Bosted:1992fy 
 13  27  2.8370   61.20    1.8070   4.239e+00  5.130e-01 Bosted:1992fy 
 13  27  2.8370   61.20    1.8310   4.914e+00  5.400e-01 Bosted:1992fy 
 13  27  2.8370   61.20    1.8560   5.481e+00  8.910e-01 Bosted:1992fy 
 13  27  3.4000   34.69    1.2540   1.550e+01  2.241e+00 Bosted:1992fy 
 13  27  3.4000   34.69    1.2930   1.901e+01  1.188e+00 Bosted:1992fy 
 13  27  3.4000   34.69    1.3320   2.462e+01  1.242e+00 Bosted:1992fy 
 13  27  3.4000   34.69    1.3710   2.376e+01  1.269e+00 Bosted:1992fy 
 13  27  3.4000   34.69    1.4100   3.240e+01  2.700e+00 Bosted:1992fy 
 13  27  3.4000   44.48    1.7000   3.699e+00  5.940e-01 Bosted:1992fy 
 13  27  3.4000   44.48    1.7320   3.753e+00  5.400e-01 Bosted:1992fy 
 13  27  3.4000   44.48    1.7630   5.238e+00  6.480e-01 Bosted:1992fy 
 13  27  3.4000   44.48    1.7950   6.291e+00  1.161e+00 Bosted:1992fy 
 13  27  3.4000   57.57    2.1110   1.058e+00  2.241e-01 Bosted:1992fy 
 13  27  3.4000   57.57    2.1400   1.069e+00  2.106e-01 Bosted:1992fy 
 13  27  3.4000   57.57    2.1700   1.955e+00  3.564e-01 Bosted:1992fy 
 13  27  3.9560   28.41    1.2470   1.852e+01  3.159e+00 Bosted:1992fy 
 13  27  3.9560   28.41    1.2900   2.727e+01  2.700e+00 Bosted:1992fy 
 13  27  3.9560   28.41    1.3320   3.375e+01  2.700e+00 Bosted:1992fy 
 13  27  3.9560   28.41    1.3750   3.645e+01  2.970e+00 Bosted:1992fy 
 13  27  3.9560   28.41    1.4170   3.807e+01  4.050e+00 Bosted:1992fy 
 13  27  3.9560   35.38    1.6600   5.562e+00  1.296e+00 Bosted:1992fy 
 13  27  3.9560   35.38    1.6960   5.130e+00  8.100e-01 Bosted:1992fy 
 13  27  3.9560   35.38    1.7320   7.479e+00  9.450e-01 Bosted:1992fy 
 13  27  3.9560   35.38    1.7680   9.261e+00  1.080e+00 Bosted:1992fy 
 13  27  3.9560   35.38    1.8040   1.158e+01  1.566e+00 Bosted:1992fy 
 13  27  3.9560   43.71    2.0690   1.768e+00  6.804e-01 Bosted:1992fy 
 13  27  3.9560   43.71    2.1060   1.768e+00  3.402e-01 Bosted:1992fy 
 13  27  3.9560   43.71    2.1430   1.498e+00  2.997e-01 Bosted:1992fy 
 13  27  3.9560   43.71    2.1790   2.395e+00  4.347e-01 Bosted:1992fy 
 13  27  3.9560   59.29    2.6460   2.322e-01  8.910e-02 Bosted:1992fy 
 13  27  3.9560   59.29    2.6720   5.049e-01  1.269e-01 Bosted:1992fy 
 13  27  3.9560   59.29    2.6980   6.372e-01  1.620e-01 Bosted:1992fy 
 13  27  4.5070   35.59    2.0600   2.616e+00  9.558e-01 Bosted:1992fy 
 13  27  4.5070   35.59    2.1020   2.638e+00  5.130e-01 Bosted:1992fy 
 13  27  4.5070   35.59    2.1440   3.699e+00  5.940e-01 Bosted:1992fy 
 13  27  4.5070   35.59    2.1860   3.429e+00  6.210e-01 Bosted:1992fy 
 13  27  4.5070   35.59    2.2280   6.480e+00  1.566e+00 Bosted:1992fy 
 13  27  4.5070   45.66    2.6420   4.671e-01  1.674e-01 Bosted:1992fy 
 13  27  4.5070   45.66    2.6740   4.050e-01  1.485e-01 Bosted:1992fy 
 13  27  4.5070   45.66    2.7070   1.067e+00  2.619e-01 Bosted:1992fy 
 13  27  5.5070   15.14    0.7420   2.319e+02  3.267e+01 Bosted:1992fy 
 13  27  5.5070   15.14    0.7860   2.003e+02  2.214e+01 Bosted:1992fy 
 13  27  5.5070   15.14    0.8310   3.402e+02  2.700e+01 Bosted:1992fy 
 13  27  5.5070   15.14    0.8750   3.834e+02  2.700e+01 Bosted:1992fy 
 13  27  5.5070   15.14    0.9190   4.833e+02  2.970e+01 Bosted:1992fy 
 13  27  5.5070   15.14    0.9630   6.021e+02  3.240e+01 Bosted:1992fy 
 13  27  5.5070   15.14    1.0080   6.453e+02  2.970e+01 Bosted:1992fy 
 13  27  5.5070   15.14    1.0520   6.804e+02  3.510e+01 Bosted:1992fy 
 13  27  5.5070   15.14    1.0960   7.101e+02  4.320e+01 Bosted:1992fy 
 13  27  5.5070   15.14    1.1400   8.208e+02  4.860e+01 Bosted:1992fy 
 13  27  5.5070   15.14    1.1850   8.451e+02  5.130e+01 Bosted:1992fy 
 13  27  5.5070   15.14    1.2290   8.667e+02  5.400e+01 Bosted:1992fy 
 13  27  5.5070   15.14    1.2730   9.720e+02  7.560e+01 Bosted:1992fy 
 13  27  5.5070   18.98    1.0410   1.053e+01  2.916e+00 Bosted:1992fy 
 13  27  5.5070   18.98    1.0900   2.144e+01  3.132e+00 Bosted:1992fy 
 13  27  5.5070   18.98    1.1380   2.562e+01  3.213e+00 Bosted:1992fy 
 13  27  5.5070   18.98    1.1870   3.645e+01  2.970e+00 Bosted:1992fy 
 13  27  5.5070   18.98    1.2350   4.725e+01  2.700e+00 Bosted:1992fy 
 13  27  5.5070   18.98    1.2840   7.290e+01  3.240e+00 Bosted:1992fy 
 13  27  5.5070   18.98    1.3320   7.560e+01  3.510e+00 Bosted:1992fy 
 13  27  5.5070   18.98    1.3810   8.262e+01  3.510e+00 Bosted:1992fy 
 13  27  5.5070   18.98    1.4290   1.040e+02  3.780e+00 Bosted:1992fy 
 13  27  5.5070   18.98    1.4780   1.245e+02  4.590e+00 Bosted:1992fy 
 13  27  5.5070   18.98    1.5260   1.285e+02  6.480e+00 Bosted:1992fy 
 13  27  5.5070   18.98    1.5750   1.585e+02  7.560e+00 Bosted:1992fy 
 13  27  5.5070   18.98    1.6230   1.814e+02  9.720e+00 Bosted:1992fy 
 13  27  5.5070   18.98    1.6710   2.176e+02  2.106e+01 Bosted:1992fy 
 13  27  5.5070   22.80    1.6000   1.096e+01  1.728e+00 Bosted:1992fy 
 13  27  5.5070   22.80    1.6440   1.363e+01  1.215e+00 Bosted:1992fy 
 13  27  5.5070   22.80    1.6880   1.631e+01  1.161e+00 Bosted:1992fy 
 13  27  5.5070   22.80    1.7320   2.006e+01  1.242e+00 Bosted:1992fy 
 13  27  5.5070   22.80    1.7760   2.271e+01  1.161e+00 Bosted:1992fy 
 13  27  5.5070   22.80    1.8190   2.589e+01  1.215e+00 Bosted:1992fy 
 13  27  5.5070   22.80    1.8630   2.700e+01  1.350e+00 Bosted:1992fy 
 13  27  5.5070   22.80    1.9070   3.402e+01  1.890e+00 Bosted:1992fy 
 13  27  5.5070   22.80    1.9510   3.996e+01  2.430e+00 Bosted:1992fy 
 13  27  5.5070   22.80    1.9950   4.428e+01  2.970e+00 Bosted:1992fy 
 13  27  5.5070   22.80    2.0390   5.751e+01  6.750e+00 Bosted:1992fy 
 13  27  5.5070   26.82    1.9990   1.936e+00  6.750e-01 Bosted:1992fy 
 13  27  5.5070   26.82    2.0480   3.078e+00  4.050e-01 Bosted:1992fy 
 13  27  5.5070   26.82    2.0970   4.212e+00  4.050e-01 Bosted:1992fy 
 13  27  5.5070   26.82    2.1460   5.967e+00  4.050e-01 Bosted:1992fy 
 13  27  5.5070   26.82    2.1950   7.209e+00  3.510e-01 Bosted:1992fy 
 13  27  5.5070   26.82    2.2440   8.667e+00  4.050e-01 Bosted:1992fy 
 13  27  5.5070   26.82    2.2930   1.115e+01  5.400e-01 Bosted:1992fy 
 13  27  5.5070   26.82    2.3420   1.337e+01  6.480e-01 Bosted:1992fy 
 13  27  5.5070   26.82    2.3910   1.480e+01  1.026e+00 Bosted:1992fy 
 13  27  5.5070   32.83    2.5940   1.021e+00  2.133e-01 Bosted:1992fy 
 13  27  5.5070   32.83    2.6360   1.582e+00  2.295e-01 Bosted:1992fy 
 13  27  5.5070   32.83    2.6770   1.588e+00  2.241e-01 Bosted:1992fy 
 13  27  5.5070   32.83    2.7180   2.241e+00  2.781e-01 Bosted:1992fy 
 13  27  5.5070   32.83    2.7590   2.362e+00  3.699e-01 Bosted:1992fy 
 13  27  9.8000   13.25    1.9000   7.020e+00  2.052e+00 Bosted:1992fy 
 13  27  9.8000   13.25    1.9630   1.590e+01  2.457e+00 Bosted:1992fy 
 13  27  9.8000   13.25    2.0250   1.879e+01  2.457e+00 Bosted:1992fy 
 13  27  9.8000   13.25    2.0880   2.322e+01  2.646e+00 Bosted:1992fy 
 13  27  9.8000   13.25    2.1500   2.889e+01  2.970e+00 Bosted:1992fy 
 13  27  9.8000   13.25    2.2130   3.132e+01  2.970e+00 Bosted:1992fy 
 13  27  9.8000   13.25    2.2750   3.834e+01  3.510e+00 Bosted:1992fy 
 13  27  9.8000   13.25    2.3380   4.725e+01  4.320e+00 Bosted:1992fy 
 13  27  9.8000   13.25    2.4000   5.562e+01  5.670e+00 Bosted:1992fy 
 13  27  9.8000   13.25    2.4630   6.129e+01  1.134e+01 Bosted:1992fy 
 13  27  9.8000   15.37    2.4490   3.537e+00  1.404e+00 Bosted:1992fy 
 13  27  9.8000   15.37    2.5070   4.752e+00  1.026e+00 Bosted:1992fy 
 13  27  9.8000   15.37    2.5650   4.050e+00  8.910e-01 Bosted:1992fy 
 13  27  9.8000   15.37    2.6240   5.373e+00  9.990e-01 Bosted:1992fy 
 13  27  9.8000   15.37    2.6820   7.803e+00  1.188e+00 Bosted:1992fy 
 13  27  9.8000   15.37    2.7400   1.034e+01  1.377e+00 Bosted:1992fy 
 13  27  9.8000   15.37    2.7980   1.841e+01  1.944e+00 Bosted:1992fy 
 13  27  9.8000   15.37    2.8560   1.739e+01  2.106e+00 Bosted:1992fy 
 13  27  9.8000   15.37    2.9150   2.165e+01  2.943e+00 Bosted:1992fy 
 13  27  9.8000   15.37    2.9730   2.117e+01  5.913e+00 Bosted:1992fy 
 13  27  9.8000   17.52    2.9980   7.155e-01  2.700e-01 Bosted:1992fy 
 13  27  9.8000   17.52    3.0520   1.736e+00  3.375e-01 Bosted:1992fy 
 13  27  9.8000   17.52    3.1060   2.357e+00  3.537e-01 Bosted:1992fy 
 13  27  9.8000   17.52    3.1600   3.294e+00  4.050e-01 Bosted:1992fy 
 13  27  9.8000   17.52    3.2130   2.889e+00  3.780e-01 Bosted:1992fy 
 13  27  9.8000   17.52    3.2670   3.429e+00  4.320e-01 Bosted:1992fy 
 13  27  9.8000   17.52    3.3210   4.239e+00  4.860e-01 Bosted:1992fy 
 13  27  9.8000   17.52    3.3750   5.103e+00  5.940e-01 Bosted:1992fy 
 13  27  9.8000   17.52    3.4290   6.318e+00  7.830e-01 Bosted:1992fy 
 13  27  9.8000   17.52    3.4830   7.695e+00  1.404e+00 Bosted:1992fy 
 13  27  9.8000   19.75    3.5970   8.856e-01  2.889e-01 Bosted:1992fy 
 13  27  9.8000   19.75    3.6460   6.750e-01  2.295e-01 Bosted:1992fy 
 13  27  9.8000   19.75    3.6960   1.169e+00  2.916e-01 Bosted:1992fy 
 13  27  9.8000   19.75    3.7450   1.121e+00  2.862e-01 Bosted:1992fy 
 13  27  9.8000   19.75    3.7950   1.833e+00  3.699e-01 Bosted:1992fy 
 13  27  9.8000   19.75    3.8440   1.860e+00  3.915e-01 Bosted:1992fy 
 13  27  9.8000   19.75    3.8940   1.966e+00  4.482e-01 Bosted:1992fy 
 13  27  9.8000   19.75    3.9430   2.700e+00  6.210e-01 Bosted:1992fy 
 13  27  9.8000   19.75    3.9930   3.834e+00  1.188e+00 Bosted:1992fy 
