 13  27  2.8140    8.0    0.0150   3.550e+05  1.029e+05  Rock-pc 
 13  27  2.8140    8.0    0.0450   6.832e+05  4.605e+04  Rock-pc 
 13  27  2.8140    8.0    0.0750   9.419e+05  4.768e+04  Rock-pc 
 13  27  2.8140    8.0    0.1050   1.122e+06  7.053e+04  Rock-pc 
 13  27  2.8140    8.0    0.1350   1.104e+06  7.737e+04  Rock-pc 
 13  27  2.8140    8.0    0.1650   8.027e+05  5.127e+04  Rock-pc 
 13  27  2.8140    8.0    0.1950   5.023e+05  4.454e+04  Rock-pc 
 13  27  2.8140    8.0    0.2250   4.130e+05  2.448e+04  Rock-pc 
 13  27  2.8140    8.0    0.2550   4.292e+05  3.840e+04  Rock-pc 
 13  27  2.8140    8.0    0.2850   3.062e+05  3.642e+04  Rock-pc 
 13  27  3.2580    8.0    0.0170   1.172e+05  1.241e+04  Rock-pc 
 13  27  3.2580    8.0    0.0470   3.097e+05  1.230e+04  Rock-pc 
 13  27  3.2580    8.0    0.0770   4.744e+05  1.438e+04  Rock-pc 
 13  27  3.2580    8.0    0.1070   6.264e+05  2.088e+04  Rock-pc 
 13  27  3.2580    8.0    0.1370   6.368e+05  2.540e+04  Rock-pc 
 13  27  3.2580    8.0    0.1670   6.426e+05  1.868e+04  Rock-pc 
 13  27  3.2580    8.0    0.1970   4.802e+05  1.288e+04  Rock-pc 
 13  27  3.2580    8.0    0.2270   3.515e+05  1.114e+04  Rock-pc 
 13  27  3.2580    8.0    0.2570   3.213e+05  1.032e+04  Rock-pc 
 13  27  3.2580    8.0    0.2870   2.622e+05  1.125e+04  Rock-pc 
 13  27  3.2580    8.0    0.3170   2.761e+05  1.056e+04  Rock-pc 
 13  27  3.2580    8.0    0.3470   2.784e+05  1.102e+04  Rock-pc 
 13  27  3.2580    8.0    0.3770   2.726e+05  1.427e+04  Rock-pc 
 13  27  3.2580    8.0    0.4070   2.935e+05  1.369e+04  Rock-pc 
 13  27  3.2580    8.0    0.4370   3.132e+05  2.575e+04  Rock-pc 
 13  27  3.2580    8.0    0.4670   2.598e+05  1.415e+04  Rock-pc 
 13  27  3.2580    8.0    0.4970   2.169e+05  1.856e+04  Rock-pc 
 13  27  3.2580    8.0    0.5270   2.308e+05  1.960e+04  Rock-pc 
 13  27  3.6510    8.0    0.0240   5.220e+04  5.197e+03  Rock-pc 
 13  27  3.6510    8.0    0.0540   1.601e+05  5.904e+03  Rock-pc 
 13  27  3.6510    8.0    0.0840   2.494e+05  7.494e+03  Rock-pc 
 13  27  3.6510    8.0    0.1140   3.608e+05  9.860e+03  Rock-pc 
 13  27  3.6510    8.0    0.1440   4.385e+05  1.241e+04  Rock-pc 
 13  27  3.6510    8.0    0.1740   4.524e+05  1.264e+04  Rock-pc 
 13  27  3.6510    8.0    0.2040   3.758e+05  1.007e+04  Rock-pc 
 13  27  3.6510    8.0    0.2340   3.028e+05  8.329e+03  Rock-pc 
 13  27  3.6510    8.0    0.2640   2.552e+05  6.937e+03  Rock-pc 
 13  27  3.6510    8.0    0.2940   2.448e+05  6.670e+03  Rock-pc 
 13  27  3.6510    8.0    0.3240   2.053e+05  6.067e+03  Rock-pc 
 13  27  3.6510    8.0    0.3540   2.158e+05  7.772e+03  Rock-pc 
 13  27  3.6510    8.0    0.3840   2.123e+05  1.241e+03  Rock-pc 
 13  27  7.2570    8.0    0.1150   6.392e+01  2.500e+01  Rock-pc 
 13  27  7.2570    8.0    0.1550   1.011e+02  1.196e+01  Rock-pc 
 13  27  7.2570    8.0    0.1950   3.109e+02  1.565e+01  Rock-pc 
 13  27  7.2570    8.0    0.2350   6.761e+02  2.457e+01  Rock-pc 
 13  27  7.2570    8.0    0.2750   1.272e+03  3.489e+01  Rock-pc 
 13  27  7.2570    8.0    0.3150   2.587e+03  5.109e+01  Rock-pc 
 13  27  7.2570    8.0    0.3550   4.511e+03  7.392e+01  Rock-pc 
 13  27  7.2570    8.0    0.3950   7.142e+03  1.337e+02  Rock-pc 
 13  27  7.2570    8.0    0.4350   1.130e+04  4.826e+02  Rock-pc 
 13  27  7.2570    8.0    0.4750   1.304e+04  5.109e+02  Rock-pc 
 13  27  7.2570    8.0    0.5150   1.402e+04  5.696e+02  Rock-pc 
 13  27  7.2570    8.0    0.5550   1.467e+04  6.826e+02  Rock-pc 
 13  27  7.2570    8.0    0.5950   1.391e+04  5.435e+02  Rock-pc 
 13  27  7.2570    8.0    0.6350   1.391e+04  5.392e+02  Rock-pc 
 13  27  7.2570    8.0    0.6750   1.544e+04  6.587e+02  Rock-pc 
 13  27  7.2570    8.0    0.7150   1.413e+04  5.892e+02  Rock-pc 
 13  27  7.2570    8.0    0.7550   1.239e+04  4.815e+02  Rock-pc 
 13  27  7.2570    8.0    0.7950   1.391e+04  6.413e+02  Rock-pc 
 13  27  7.2570    8.0    0.8350   1.565e+04  7.881e+02  Rock-pc 
 13  27  7.2570    8.0    0.8750   1.587e+04  4.739e+02  Rock-pc 
 13  27  7.2570    8.0    0.9150   1.467e+04  4.326e+02  Rock-pc 
 13  27  7.2570    8.0    0.9550   1.457e+04  4.565e+02  Rock-pc 
 13  27  7.2570    8.0    0.9950   1.500e+04  4.239e+02  Rock-pc 
 13  27  7.2570    8.0    1.0350   1.457e+04  3.718e+02  Rock-pc 
 13  27  7.2570    8.0    1.0750   1.380e+04  3.968e+02  Rock-pc 
 13  27  7.2570    8.0    1.1150   1.630e+04  6.011e+02  Rock-pc 
 13  27  7.2570    8.0    1.1550   1.467e+04  5.761e+02  Rock-pc 
 13  27  7.2570    8.0    1.1950   1.370e+04  5.544e+02  Rock-pc 
 13  27  7.2570    8.0    1.2350   1.652e+04  1.272e+02  Rock-pc 
 13  27 10.9500    8.0    0.5750   1.739e+01  1.761e+01  Rock-pc 
 13  27 10.9500    8.0    0.6250   1.696e+01  5.652e+00  Rock-pc 
 13  27 10.9500    8.0    0.6750   2.826e+01  5.544e+00  Rock-pc 
 13  27 10.9500    8.0    0.7250   5.218e+01  5.652e+00  Rock-pc 
 13  27 10.9500    8.0    0.7750   9.457e+01  6.739e+00  Rock-pc 
 13  27 10.9500    8.0    0.8250   1.576e+02  1.033e+01  Rock-pc 
 13  27 10.9500    8.0    0.8750   1.946e+02  1.609e+01  Rock-pc 
 13  27 10.9500    8.0    0.9250   3.294e+02  1.739e+01  Rock-pc 
 13  27 10.9500    8.0    0.9750   4.522e+02  2.391e+01  Rock-pc 
 13  27 10.9500    8.0    1.0250   5.609e+02  2.707e+01  Rock-pc 
 13  27 10.9500    8.0    1.0750   6.881e+02  3.294e+01  Rock-pc 
 13  27 10.9500    8.0    1.1250   8.587e+02  3.185e+01  Rock-pc 
 13  27 10.9500    8.0    1.1750   8.653e+02  3.391e+01  Rock-pc 
 13  27 10.9500    8.0    1.2250   1.011e+03  4.109e+01  Rock-pc 
 13  27 10.9500    8.0    1.2750   1.033e+03  4.891e+01  Rock-pc 
 13  27 10.9500    8.0    1.3250   2.069e+03  5.000e+01  Rock-pc 
 13  27 10.9500    8.0    1.3750   1.239e+03  5.435e+01  Rock-pc 
 13  27 10.9500    8.0    1.4250   1.196e+03  6.957e+01  Rock-pc 
 13  27 10.9500    8.0    1.4750   1.380e+03  1.304e+01  Rock-pc 
 13  27 10.9500    8.0    1.5250   1.696e+03  1.467e+01  Rock-pc 
 13  27 10.9500    8.0    1.5750   1.772e+03  1.370e+01  Rock-pc 
 13  27 10.9500    8.0    1.6250   2.109e+03  1.576e+01  Rock-pc 
 13  27 10.9500    8.0    1.6750   2.141e+03  2.054e+01  Rock-pc 
 13  27 10.9500    8.0    1.7250   1.674e+03  1.902e+01  Rock-pc 
 13  27 10.9500    8.0    1.7750   2.478e+03  1.794e+01  Rock-pc 
 13  27 10.9500    8.0    1.8250   3.120e+03  2.174e+01  Rock-pc 
 13  27 10.9500    8.0    1.8750   3.011e+03  2.631e+01  Rock-pc 
 13  27 10.9500    8.0    1.9250   2.924e+03  2.576e+01  Rock-pc 
 13  27 10.9500    8.0    1.9750   3.022e+03  2.163e+01  Rock-pc 
 13  27 10.9500    8.0    2.0250   2.783e+03  2.044e+01  Rock-pc 
 13  27 10.9500    8.0    2.0750   2.794e+03  2.652e+01  Rock-pc 
 13  27 10.9500    8.0    2.1250   3.218e+03  3.163e+01  Rock-pc 
 13  27 10.9500    8.0    2.1750   3.902e+03  2.663e+01  Rock-pc 
 13  27 10.9500    8.0    2.2250   3.207e+03  2.304e+01  Rock-pc 
 13  27 10.9500    8.0    2.2750   3.924e+03  3.141e+01  Rock-pc 
 13  27 10.9500    8.0    2.3250   3.294e+03  3.859e+01  Rock-pc 
 13  27 10.9500    8.0    2.3750   3.641e+03  4.011e+01  Rock-pc 
 13  27 10.9500    8.0    2.4250   3.468e+03  4.370e+01  Rock-pc 
 13  27 10.9500    8.0    2.4750   3.968e+03  6.000e+01  Rock-pc 
 13  27 14.7000    8.0    1.3000   3.511e+00  2.065e+00  Rock-pc 
 13  27 14.7000    8.0    1.3500   5.109e+00  1.739e+00  Rock-pc 
 13  27 14.7000    8.0    1.4000   3.261e+00  1.739e+00  Rock-pc 
 13  27 14.7000    8.0    1.4500   6.848e+00  1.957e+00  Rock-pc 
 13  27 14.7000    8.0    1.5000   1.087e+01  3.587e+00  Rock-pc 
 13  27 14.7000    8.0    1.5500   1.837e+01  4.892e+00  Rock-pc 
 13  27 14.7000    8.0    1.6000   2.000e+01  5.652e+00  Rock-pc 
 13  27 14.7000    8.0    1.6500   2.272e+01  6.848e+00  Rock-pc 
 13  27 14.7000    8.0    1.7000   4.446e+01  7.718e+00  Rock-pc 
 13  27 14.7000    8.0    1.7500   5.761e+01  9.022e+00  Rock-pc 
 13  27 14.7000    8.0    1.8000   5.000e+01  8.696e+00  Rock-pc 
 13  27 14.7000    8.0    1.8500   6.196e+01  8.696e+00  Rock-pc 
 13  27 14.7000    8.0    1.9000   6.739e+01  9.566e+00  Rock-pc 
 13  27 14.7000    8.0    1.9500   9.348e+01  1.141e+01  Rock-pc 
 13  27 14.7000    8.0    2.0000   1.130e+02  1.185e+01  Rock-pc 
 13  27 14.7000    8.0    2.0500   1.228e+02  1.250e+01  Rock-pc 
 13  27 14.7000    8.0    2.1000   1.011e+02  1.065e+01  Rock-pc 
 13  27 14.7000    8.0    2.1500   1.272e+02  1.261e+01  Rock-pc 
 13  27 14.7000    8.0    2.2000   1.750e+02  1.511e+01  Rock-pc 
 13  27 14.7000    8.0    2.2500   1.815e+02  1.630e+01  Rock-pc 
 13  27 14.7000    8.0    2.3000   2.185e+02  1.761e+01  Rock-pc 
 13  27 14.7000    8.0    2.3500   2.500e+02  1.902e+01  Rock-pc 
 13  27 14.7000    8.0    2.4000   2.728e+02  2.152e+01  Rock-pc 
 13  27 14.7000    8.0    2.4500   3.315e+02  2.348e+01  Rock-pc 
 13  27 14.7000    8.0    2.5000   2.881e+02  2.098e+01  Rock-pc 
 13  27 14.7000    8.0    2.5500   3.174e+02  2.294e+01  Rock-pc 
 13  27 14.7000    8.0    2.6000   3.696e+02  2.341e+01  Rock-pc 
 13  27 14.7000    8.0    2.6500   3.968e+02  2.631e+01  Rock-pc 
 13  27 14.7000    8.0    2.7000   4.250e+02  2.631e+01  Rock-pc 
 13  27 14.7000    8.0    2.7500   5.381e+02  2.761e+01  Rock-pc 
 13  27 14.7000    8.0    2.8000   4.326e+02  2.261e+01  Rock-pc 
 13  27 14.7000    8.0    2.8500   4.978e+02  2.370e+01  Rock-pc 
 13  27 14.7000    8.0    2.9000   5.815e+02  2.696e+01  Rock-pc 
 13  27 14.7000    8.0    2.9500   5.294e+02  2.522e+01  Rock-pc 
 13  27 14.7000    8.0    3.0000   5.478e+02  2.663e+01  Rock-pc 
 13  27 14.7000    8.0    3.0500   5.805e+02  2.935e+01  Rock-pc 
 13  27 14.7000    8.0    3.1000   6.598e+02  3.044e+01  Rock-pc 
 13  27 14.7000    8.0    3.1500   7.163e+02  4.196e+01  Rock-pc 
 13  27 14.7000    8.0    3.2000   7.870e+02  6.087e+01  Rock-pc 
 13  27 14.7000    8.0    3.2500   8.229e+02  1.739e+01  Rock-pc 
