 13  27   2.020  15.022  0.060  4.576e+04  1.098e+03 Day:1993md 
 13  27   2.020  15.022  0.075  6.482e+04  1.290e+03 Day:1993md 
 13  27   2.020  15.022  0.090  8.380e+04  1.487e+03 Day:1993md 
 13  27   2.020  15.022  0.105  1.018e+05  3.190e+03 Day:1993md 
 13  27   2.020  15.022  0.120  1.159e+05  3.356e+03 Day:1993md 
 13  27   2.020  15.022  0.135  1.290e+05  2.668e+03 Day:1993md 
 13  27   2.020  15.022  0.150  1.331e+05  2.695e+03 Day:1993md 
 13  27   2.020  15.022  0.165  1.347e+05  3.888e+03 Day:1993md 
 13  27   2.020  15.022  0.180  1.333e+05  3.709e+03 Day:1993md 
 13  27   2.020  15.022  0.195  1.221e+05  3.459e+03 Day:1993md 
 13  27   2.020  15.022  0.210  1.150e+05  2.514e+03 Day:1993md 
 13  27   2.020  15.022  0.225  1.029e+05  2.378e+03 Day:1993md 
 13  27   2.020  15.022  0.240  9.106e+04  3.047e+03 Day:1993md 
 13  27   2.020  15.022  0.255  8.479e+04  2.924e+03 Day:1993md 
 13  27   2.020  15.022  0.270  7.467e+04  2.701e+03 Day:1993md 
 13  27   2.020  15.022  0.285  7.170e+04  1.933e+03 Day:1993md 
 13  27   2.020  15.022  0.300  6.960e+04  2.649e+03 Day:1993md 
 13  27   2.020  15.022  0.315  6.807e+04  2.557e+03 Day:1993md 
 13  27   2.020  15.022  0.330  6.586e+04  2.529e+03 Day:1993md 
 13  27   2.020  15.022  0.345  6.925e+04  2.664e+03 Day:1993md 
 13  27   2.020  15.022  0.360  7.266e+04  2.802e+03 Day:1993md 
 13  27   2.020  20.016  0.060  6.441e+02  2.823e+01 Day:1993md 
 13  27   2.020  20.016  0.075  1.305e+03  3.941e+01 Day:1993md 
 13  27   2.020  20.016  0.090  2.340e+03  5.251e+01 Day:1993md 
 13  27   2.020  20.016  0.105  3.539e+03  6.319e+01 Day:1993md 
 13  27   2.020  20.016  0.120  5.928e+03  3.451e+02 Day:1993md 
 13  27   2.020  20.016  0.135  8.176e+03  3.911e+02 Day:1993md 
 13  27   2.020  20.016  0.150  1.063e+04  3.434e+02 Day:1993md 
 13  27   2.020  20.016  0.165  1.401e+04  3.885e+02 Day:1993md 
 13  27   2.020  20.016  0.180  1.596e+04  3.621e+02 Day:1993md 
 13  27   2.020  20.016  0.195  1.913e+04  3.958e+02 Day:1993md 
 13  27   2.020  20.016  0.210  2.092e+04  5.430e+02 Day:1993md 
 13  27   2.020  20.016  0.225  2.299e+04  4.881e+02 Day:1993md 
 13  27   2.020  20.016  0.240  2.401e+04  6.206e+02 Day:1993md 
 13  27   2.020  20.016  0.255  2.377e+04  4.815e+02 Day:1993md 
 13  27   2.020  20.016  0.270  2.523e+04  5.901e+02 Day:1993md 
 13  27   2.020  20.016  0.285  2.459e+04  5.742e+02 Day:1993md 
 13  27   2.020  20.016  0.300  2.306e+04  5.562e+02 Day:1993md 
 13  27   2.020  20.016  0.315  2.284e+04  7.020e+02 Day:1993md 
 13  27   2.020  20.016  0.330  2.159e+04  5.030e+02 Day:1993md 
 13  27   2.020  20.016  0.345  2.005e+04  6.831e+02 Day:1993md 
 13  27   2.020  20.016  0.360  1.930e+04  6.583e+02 Day:1993md 
 13  27   2.020  20.016  0.375  1.847e+04  6.264e+02 Day:1993md 
 13  27   2.020  20.016  0.390  1.728e+04  3.954e+02 Day:1993md 
 13  27   2.020  20.016  0.405  1.740e+04  3.968e+02 Day:1993md 
 13  27   2.020  20.016  0.420  1.722e+04  5.068e+02 Day:1993md 
 13  27   2.020  20.016  0.435  1.730e+04  5.110e+02 Day:1993md 
 13  27   2.020  20.016  0.450  1.684e+04  5.200e+02 Day:1993md 
 13  27   3.595  16.020  0.210  2.066e+02  8.354e+00 Day:1993md 
 13  27   3.595  16.020  0.225  2.869e+02  9.856e+00 Day:1993md 
 13  27   3.595  16.020  0.240  3.706e+02  1.129e+01 Day:1993md 
 13  27   3.595  16.020  0.255  5.226e+02  1.382e+01 Day:1993md 
 13  27   3.595  16.020  0.270  6.986e+02  1.654e+01 Day:1993md 
 13  27   3.595  16.020  0.285  8.357e+02  1.748e+01 Day:1993md 
 13  27   3.595  16.020  0.300  1.156e+03  2.024e+01 Day:1993md 
 13  27   3.595  16.020  0.315  1.434e+03  2.240e+01 Day:1993md 
 13  27   3.595  16.020  0.330  1.761e+03  9.897e+01 Day:1993md 
 13  27   3.595  16.020  0.345  1.949e+03  1.011e+02 Day:1993md 
 13  27   3.595  16.020  0.360  2.806e+03  1.235e+02 Day:1993md 
 13  27   3.595  16.020  0.375  3.303e+03  1.327e+02 Day:1993md 
 13  27   3.595  16.020  0.390  3.714e+03  1.394e+02 Day:1993md 
 13  27   3.595  16.020  0.405  4.195e+03  1.083e+02 Day:1993md 
 13  27   3.595  16.020  0.420  4.436e+03  1.103e+02 Day:1993md 
 13  27   3.595  16.020  0.435  4.655e+03  1.113e+02 Day:1993md 
 13  27   3.595  16.020  0.450  5.341e+03  1.565e+02 Day:1993md 
 13  27   3.595  16.020  0.465  5.529e+03  1.540e+02 Day:1993md 
 13  27   3.595  16.020  0.480  5.449e+03  1.499e+02 Day:1993md 
 13  27   3.595  16.020  0.495  5.448e+03  1.484e+02 Day:1993md 
 13  27   3.595  16.020  0.510  5.340e+03  1.455e+02 Day:1993md 
 13  27   3.595  16.020  0.525  5.581e+03  1.224e+02 Day:1993md 
 13  27   3.595  16.020  0.540  5.614e+03  1.203e+02 Day:1993md 
 13  27   3.595  16.020  0.555  5.707e+03  1.228e+02 Day:1993md 
 13  27   3.595  16.020  0.570  5.609e+03  1.946e+02 Day:1993md 
 13  27   3.595  16.020  0.585  5.267e+03  1.876e+02 Day:1993md 
 13  27   3.595  16.020  0.600  5.347e+03  1.816e+02 Day:1993md 
 13  27   3.595  16.020  0.615  5.654e+03  1.820e+02 Day:1993md 
 13  27   3.595  16.020  0.630  5.313e+03  1.786e+02 Day:1993md 
 13  27   3.595  16.020  0.645  5.331e+03  1.441e+02 Day:1993md 
 13  27   3.595  16.020  0.660  5.609e+03  1.463e+02 Day:1993md 
 13  27   3.595  16.020  0.675  5.725e+03  1.447e+02 Day:1993md 
 13  27   3.595  16.020  0.690  5.550e+03  2.037e+02 Day:1993md 
 13  27   3.595  16.020  0.705  5.623e+03  2.101e+02 Day:1993md 
 13  27   3.595  16.020  0.720  5.823e+03  2.111e+02 Day:1993md 
 13  27   3.595  16.020  0.735  6.013e+03  2.080e+02 Day:1993md 
 13  27   3.595  16.020  0.750  5.922e+03  2.136e+02 Day:1993md 
 13  27   3.595  16.020  0.765  6.328e+03  1.664e+02 Day:1993md 
 13  27   3.595  16.020  0.780  6.081e+03  1.591e+02 Day:1993md 
 13  27   3.595  16.020  0.795  5.946e+03  1.609e+02 Day:1993md 
 13  27   3.595  16.020  0.810  5.797e+03  2.233e+02 Day:1993md 
 13  27   3.595  16.020  0.825  6.066e+03  2.263e+02 Day:1993md 
 13  27   3.595  16.020  0.840  6.382e+03  2.317e+02 Day:1993md 
 13  27   3.595  16.020  0.855  6.014e+03  2.270e+02 Day:1993md 
 13  27   3.595  16.020  0.870  6.018e+03  1.805e+02 Day:1993md 
 13  27   3.595  16.020  0.885  5.949e+03  1.791e+02 Day:1993md 
 13  27   3.595  16.020  0.900  6.140e+03  1.818e+02 Day:1993md 
 13  27   3.595  16.020  0.915  5.800e+03  2.728e+02 Day:1993md 
 13  27   3.595  16.020  0.930  6.670e+03  2.900e+02 Day:1993md 
 13  27   3.595  16.020  0.945  6.075e+03  2.791e+02 Day:1993md 
 13  27   3.595  16.020  0.960  6.071e+03  2.806e+02 Day:1993md 
 13  27   3.595  16.020  0.975  6.351e+03  2.049e+02 Day:1993md 
 13  27   3.595  16.020  0.990  6.228e+03  2.000e+02 Day:1993md 
 13  27   3.595  16.020  1.005  6.582e+03  2.827e+02 Day:1993md 
 13  27   3.595  16.020  1.020  6.429e+03  2.831e+02 Day:1993md 
 13  27   3.595  16.020  1.035  6.588e+03  2.853e+02 Day:1993md 
 13  27   3.595  16.020  1.050  6.225e+03  2.665e+02 Day:1993md 
 13  27   3.595  16.020  1.065  6.498e+03  2.778e+02 Day:1993md 
 13  27   3.595  16.020  1.080  5.980e+03  1.905e+02 Day:1993md 
 13  27   3.595  16.020  1.095  6.314e+03  1.977e+02 Day:1993md 
 13  27   3.595  16.020  1.110  6.211e+03  2.673e+02 Day:1993md 
 13  27   3.595  16.020  1.125  5.912e+03  2.593e+02 Day:1993md 
 13  27   3.595  16.020  1.140  6.232e+03  2.707e+02 Day:1993md 
 13  27   3.595  16.020  1.155  6.466e+03  2.801e+02 Day:1993md 
 13  27   3.595  16.020  1.170  6.476e+03  2.009e+02 Day:1993md 
 13  27   3.595  16.020  1.185  5.993e+03  1.834e+02 Day:1993md 
 13  27   3.595  16.020  1.200  6.659e+03  2.585e+02 Day:1993md 
 13  27   3.595  16.020  1.215  6.523e+03  2.520e+02 Day:1993md 
 13  27   3.595  16.020  1.230  7.049e+03  2.584e+02 Day:1993md 
 13  27   3.595  16.020  1.245  6.644e+03  2.504e+02 Day:1993md 
 13  27   3.595  16.020  1.260  6.677e+03  2.540e+02 Day:1993md 
 13  27   3.595  16.020  1.275  6.435e+03  1.822e+02 Day:1993md 
 13  27   3.595  16.020  1.290  6.442e+03  1.853e+02 Day:1993md 
 13  27   3.595  16.020  1.305  6.457e+03  2.597e+02 Day:1993md 
 13  27   3.595  16.020  1.320  6.689e+03  2.566e+02 Day:1993md 
 13  27   3.595  16.020  1.335  6.624e+03  2.532e+02 Day:1993md 
 13  27   3.595  16.020  1.350  6.391e+03  2.564e+02 Day:1993md 
 13  27   3.595  16.020  1.365  6.569e+03  1.777e+02 Day:1993md 
 13  27   3.595  16.020  1.380  6.343e+03  1.713e+02 Day:1993md 
 13  27   3.595  16.020  1.395  6.242e+03  2.236e+02 Day:1993md 
 13  27   3.595  16.020  1.410  6.377e+03  2.228e+02 Day:1993md 
 13  27   3.595  16.020  1.425  6.371e+03  2.205e+02 Day:1993md 
 13  27   3.595  16.020  1.440  6.465e+03  1.755e+02 Day:1993md 
 13  27   3.595  16.020  1.455  6.045e+03  1.664e+02 Day:1993md 
 13  27   3.595  16.020  1.470  6.108e+03  2.488e+02 Day:1993md 
 13  27   3.595  16.020  1.485  6.201e+03  2.505e+02 Day:1993md 
 13  27   3.595  16.020  1.500  5.919e+03  2.425e+02 Day:1993md 
 13  27   3.595  16.020  1.515  5.879e+03  2.399e+02 Day:1993md 
 13  27   3.595  16.020  1.530  5.894e+03  2.457e+02 Day:1993md 
 13  27   3.595  16.020  1.545  6.296e+03  2.587e+02 Day:1993md 
 13  27   3.595  20.016  0.165  2.427e-01  9.572e-02 Day:1993md 
 13  27   3.595  20.016  0.180  7.986e-01  1.641e-01 Day:1993md 
 13  27   3.595  20.016  0.195  4.987e-01  1.174e-01 Day:1993md 
 13  27   3.595  20.016  0.210  1.048e+00  1.640e-01 Day:1993md 
 13  27   3.595  20.016  0.225  1.828e+00  2.188e-01 Day:1993md 
 13  27   3.595  20.016  0.240  2.310e+00  2.566e-01 Day:1993md 
 13  27   3.595  20.016  0.255  3.501e+00  3.340e-01 Day:1993md 
 13  27   3.595  20.016  0.270  5.272e+00  3.721e-01 Day:1993md 
 13  27   3.595  20.016  0.285  7.182e+00  4.235e-01 Day:1993md 
 13  27   3.595  20.016  0.300  9.575e+00  4.782e-01 Day:1993md 
 13  27   3.595  20.016  0.315  1.337e+01  1.334e+00 Day:1993md 
 13  27   3.595  20.016  0.330  1.858e+01  1.573e+00 Day:1993md 
 13  27   3.595  20.016  0.345  2.564e+01  1.830e+00 Day:1993md 
 13  27   3.595  20.016  0.360  3.059e+01  1.998e+00 Day:1993md 
 13  27   3.595  20.016  0.375  4.165e+01  2.352e+00 Day:1993md 
 13  27   3.595  20.016  0.390  4.837e+01  2.578e+00 Day:1993md 
 13  27   3.595  20.016  0.405  5.543e+01  2.305e+00 Day:1993md 
 13  27   3.595  20.016  0.420  7.151e+01  2.637e+00 Day:1993md 
 13  27   3.595  20.016  0.435  9.064e+01  2.999e+00 Day:1993md 
 13  27   3.595  20.016  0.450  1.163e+02  5.450e+00 Day:1993md 
 13  27   3.595  20.016  0.465  1.563e+02  6.090e+00 Day:1993md 
 13  27   3.595  20.016  0.480  1.830e+02  6.562e+00 Day:1993md 
 13  27   3.595  20.016  0.495  2.185e+02  7.072e+00 Day:1993md 
 13  27   3.595  20.016  0.510  2.746e+02  7.871e+00 Day:1993md 
 13  27   3.595  20.016  0.525  3.303e+02  7.952e+00 Day:1993md 
 13  27   3.595  20.016  0.540  3.921e+02  8.658e+00 Day:1993md 
 13  27   3.595  20.016  0.555  4.586e+02  9.546e+00 Day:1993md 
 13  27   3.595  20.016  0.570  5.136e+02  2.148e+01 Day:1993md 
 13  27   3.595  20.016  0.585  5.740e+02  2.280e+01 Day:1993md 
 13  27   3.595  20.016  0.600  6.878e+02  2.405e+01 Day:1993md 
 13  27   3.595  20.016  0.615  7.242e+02  2.415e+01 Day:1993md 
 13  27   3.595  20.016  0.630  7.404e+02  2.429e+01 Day:1993md 
 13  27   3.595  20.016  0.645  8.494e+02  2.221e+01 Day:1993md 
 13  27   3.595  20.016  0.660  8.796e+02  2.268e+01 Day:1993md 
 13  27   3.595  20.016  0.675  9.905e+02  2.344e+01 Day:1993md 
 13  27   3.595  20.016  0.690  9.800e+02  3.827e+01 Day:1993md 
 13  27   3.595  20.016  0.705  1.028e+03  3.919e+01 Day:1993md 
 13  27   3.595  20.016  0.720  1.080e+03  3.890e+01 Day:1993md 
 13  27   3.595  20.016  0.735  1.022e+03  3.781e+01 Day:1993md 
 13  27   3.595  20.016  0.750  1.059e+03  2.930e+01 Day:1993md 
 13  27   3.595  20.016  0.765  1.103e+03  2.881e+01 Day:1993md 
 13  27   3.595  20.016  0.780  1.131e+03  2.945e+01 Day:1993md 
 13  27   3.595  20.016  0.795  1.136e+03  4.113e+01 Day:1993md 
 13  27   3.595  20.016  0.810  1.170e+03  4.172e+01 Day:1993md 
 13  27   3.595  20.016  0.825  1.174e+03  4.139e+01 Day:1993md 
 13  27   3.595  20.016  0.840  1.203e+03  4.226e+01 Day:1993md 
 13  27   3.595  20.016  0.855  1.265e+03  4.398e+01 Day:1993md 
 13  27   3.595  20.016  0.870  1.187e+03  4.272e+01 Day:1993md 
 13  27   3.595  20.016  0.885  1.299e+03  4.550e+01 Day:1993md 
 13  27   3.595  25.012  0.360  8.838e-02  3.862e-02 Day:1993md 
 13  27   3.595  25.012  0.375  1.435e-01  4.508e-02 Day:1993md 
 13  27   3.595  25.012  0.390  1.625e-01  4.676e-02 Day:1993md 
 13  27   3.595  25.012  0.405  2.374e-01  5.539e-02 Day:1993md 
 13  27   3.595  25.012  0.420  2.793e-01  6.169e-02 Day:1993md 
 13  27   3.595  25.012  0.435  2.797e-01  5.768e-02 Day:1993md 
 13  27   3.595  25.012  0.450  4.325e-01  7.183e-02 Day:1993md 
 13  27   3.595  25.012  0.465  6.215e-01  8.902e-02 Day:1993md 
 13  27   3.595  25.012  0.480  7.775e-01  8.692e-02 Day:1993md 
 13  27   3.595  25.012  0.495  9.873e-01  9.700e-02 Day:1993md 
 13  27   3.595  25.012  0.510  1.340e+00  1.135e-01 Day:1993md 
 13  27   3.595  25.012  0.525  1.413e+00  1.186e-01 Day:1993md 
 13  27   3.595  25.012  0.540  2.260e+00  2.908e-01 Day:1993md 
 13  27   3.595  25.012  0.555  2.477e+00  2.805e-01 Day:1993md 
 13  27   3.595  25.012  0.570  2.873e+00  2.981e-01 Day:1993md 
 13  27   3.595  25.012  0.585  3.849e+00  3.477e-01 Day:1993md 
 13  27   3.595  25.012  0.600  5.324e+00  4.284e-01 Day:1993md 
 13  27   3.595  25.012  0.615  5.025e+00  3.613e-01 Day:1993md 
 13  27   3.595  25.012  0.630  6.925e+00  4.242e-01 Day:1993md 
 13  27   3.595  25.012  0.645  8.314e+00  8.097e-01 Day:1993md 
 13  27   3.595  25.012  0.660  1.081e+01  9.383e-01 Day:1993md 
 13  27   3.595  25.012  0.675  1.459e+01  1.055e+00 Day:1993md 
 13  27   3.595  25.012  0.690  1.657e+01  1.101e+00 Day:1993md 
 13  27   3.595  25.012  0.705  2.018e+01  1.256e+00 Day:1993md 
 13  27   3.595  25.012  0.720  2.525e+01  1.110e+00 Day:1993md 
 13  27   3.595  25.012  0.735  2.955e+01  1.169e+00 Day:1993md 
 13  27   3.595  25.012  0.750  3.558e+01  1.300e+00 Day:1993md 
 13  27   3.595  25.012  0.765  4.249e+01  2.120e+00 Day:1993md 
 13  27   3.595  25.012  0.780  5.661e+01  2.474e+00 Day:1993md 
 13  27   3.595  25.012  0.795  6.556e+01  2.636e+00 Day:1993md 
 13  27   3.595  25.012  0.810  7.403e+01  2.863e+00 Day:1993md 
 13  27   3.595  25.012  0.825  7.579e+01  2.895e+00 Day:1993md 
 13  27   3.595  25.012  0.840  8.706e+01  2.509e+00 Day:1993md 
 13  27   3.595  25.012  0.855  9.624e+01  2.656e+00 Day:1993md 
 13  27   3.595  25.012  0.870  1.126e+02  4.682e+00 Day:1993md 
 13  27   3.595  25.012  0.885  1.271e+02  4.977e+00 Day:1993md 
 13  27   3.595  25.012  0.900  1.356e+02  5.054e+00 Day:1993md 
 13  27   3.595  25.012  0.915  1.522e+02  5.466e+00 Day:1993md 
 13  27   3.595  25.012  0.930  1.521e+02  5.456e+00 Day:1993md 
 13  27   3.595  25.012  0.945  1.676e+02  4.629e+00 Day:1993md 
 13  27   3.595  25.012  0.960  1.715e+02  4.652e+00 Day:1993md 
 13  27   3.595  25.012  0.975  1.988e+02  7.994e+00 Day:1993md 
 13  27   3.595  25.012  0.990  1.866e+02  7.745e+00 Day:1993md 
 13  27   3.595  25.012  1.005  2.019e+02  8.096e+00 Day:1993md 
 13  27   3.595  25.012  1.020  2.070e+02  7.862e+00 Day:1993md 
 13  27   3.595  25.012  1.035  2.227e+02  8.380e+00 Day:1993md 
 13  27   3.595  25.012  1.050  2.288e+02  6.030e+00 Day:1993md 
 13  27   3.595  25.012  1.065  2.310e+02  5.904e+00 Day:1993md 
 13  27   3.595  25.012  1.080  2.469e+02  8.357e+00 Day:1993md 
 13  27   3.595  25.012  1.095  2.608e+02  8.729e+00 Day:1993md 
 13  27   3.595  25.012  1.110  2.570e+02  8.767e+00 Day:1993md 
 13  27   3.595  25.012  1.125  2.694e+02  8.916e+00 Day:1993md 
 13  27   3.595  25.012  1.140  2.810e+02  8.984e+00 Day:1993md 
 13  27   3.595  25.012  1.155  2.853e+02  9.156e+00 Day:1993md 
 13  27   3.595  30.010  0.975  5.675e+00  8.943e-01 Day:1993md 
 13  27   3.595  30.010  0.990  6.856e+00  9.286e-01 Day:1993md 
 13  27   3.595  30.010  1.005  7.035e+00  9.188e-01 Day:1993md 
 13  27   3.595  30.010  1.020  1.009e+01  1.151e+00 Day:1993md 
 13  27   3.595  30.010  1.035  9.579e+00  1.110e+00 Day:1993md 
 13  27   3.595  30.010  1.050  1.178e+01  1.168e+00 Day:1993md 
 13  27   3.595  30.010  1.065  1.514e+01  1.359e+00 Day:1993md 
 13  27   3.595  30.010  1.080  1.727e+01  8.697e-01 Day:1993md 
 13  27   3.595  30.010  1.095  1.891e+01  9.078e-01 Day:1993md 
 13  27   3.595  30.010  1.110  2.357e+01  1.197e+00 Day:1993md 
 13  27   3.595  30.010  1.125  2.689e+01  1.282e+00 Day:1993md 
 13  27   3.595  30.010  1.140  2.831e+01  1.333e+00 Day:1993md 
 13  27   3.595  30.010  1.155  2.845e+01  1.356e+00 Day:1993md 
 13  27   3.595  30.010  1.170  3.252e+01  1.096e+00 Day:1993md 
 13  27   3.595  30.010  1.185  3.676e+01  1.154e+00 Day:1993md 
 13  27   3.595  30.010  1.200  3.424e+01  1.634e+00 Day:1993md 
 13  27   3.595  30.010  1.215  4.164e+01  1.775e+00 Day:1993md 
 13  27   3.595  30.010  1.230  4.088e+01  1.718e+00 Day:1993md 
 13  27   3.595  30.010  1.245  5.099e+01  1.924e+00 Day:1993md 
 13  27   3.595  30.010  1.260  5.437e+01  1.714e+00 Day:1993md 
 13  27   3.595  30.010  1.275  5.333e+01  1.698e+00 Day:1993md 
 13  27   3.595  30.010  1.290  5.487e+01  3.333e+00 Day:1993md 
 13  27   3.595  30.010  1.305  5.504e+01  3.368e+00 Day:1993md 
 13  27   3.595  30.010  1.320  5.916e+01  3.393e+00 Day:1993md 
 13  27   3.595  30.010  1.335  6.780e+01  3.622e+00 Day:1993md 
 13  27   3.595  30.010  1.350  7.289e+01  2.731e+00 Day:1993md 
 13  27   3.595  30.010  1.365  6.960e+01  2.659e+00 Day:1993md 
 13  27   3.595  30.010  1.380  7.873e+01  3.763e+00 Day:1993md 
 13  27   3.595  30.010  1.395  8.024e+01  3.801e+00 Day:1993md 
 13  27   3.595  30.010  1.410  8.727e+01  3.944e+00 Day:1993md 
 13  27   3.595  30.010  1.425  8.747e+01  3.987e+00 Day:1993md 
 13  27   3.595  30.010  1.440  9.787e+01  3.009e+00 Day:1993md 
 13  27   3.595  30.010  1.455  1.035e+02  3.061e+00 Day:1993md 
 13  27   3.595  30.010  1.470  1.017e+02  4.115e+00 Day:1993md 
 13  27   3.595  30.010  1.485  1.070e+02  4.173e+00 Day:1993md 
 13  27   3.595  30.010  1.500  1.122e+02  4.256e+00 Day:1993md 
 13  27   3.595  30.010  1.515  1.192e+02  3.269e+00 Day:1993md 
 13  27   3.595  30.010  1.530  1.222e+02  3.292e+00 Day:1993md 
 13  27   3.595  30.010  1.545  1.182e+02  4.667e+00 Day:1993md 
 13  27   3.595  30.010  1.560  1.321e+02  4.863e+00 Day:1993md 
 13  27   3.595  30.010  1.575  1.322e+02  4.744e+00 Day:1993md 
 13  27   3.595  30.010  1.590  1.445e+02  5.071e+00 Day:1993md 
 13  27   3.595  30.010  1.605  1.452e+02  3.956e+00 Day:1993md 
 13  27   3.595  30.010  1.620  1.559e+02  6.158e+00 Day:1993md 
 13  27   3.595  30.010  1.635  1.661e+02  6.413e+00 Day:1993md 
 13  27   3.595  30.010  1.650  1.674e+02  6.457e+00 Day:1993md 
 13  27   3.595  30.010  1.665  1.769e+02  6.622e+00 Day:1993md 
 13  27   3.595  30.010  1.680  1.816e+02  4.748e+00 Day:1993md 
 13  27   3.595  30.010  1.695  1.830e+02  6.489e+00 Day:1993md 
 13  27   3.595  30.010  1.710  1.918e+02  6.379e+00 Day:1993md 
 13  27   3.595  30.010  1.725  2.019e+02  6.394e+00 Day:1993md 
 13  27   3.595  30.010  1.740  2.017e+02  6.391e+00 Day:1993md 
 13  27   3.595  30.010  1.755  2.168e+02  5.332e+00 Day:1993md 
 13  27   3.595  30.010  1.770  2.176e+02  5.334e+00 Day:1993md 
 13  27   3.595  30.010  1.785  2.142e+02  8.136e+00 Day:1993md 
 13  27   3.595  30.010  1.800  2.354e+02  8.500e+00 Day:1993md 
 13  27   3.595  30.010  1.815  2.389e+02  8.507e+00 Day:1993md 
 13  27   3.595  30.010  1.830  2.501e+02  6.547e+00 Day:1993md 
 13  27   3.595  30.010  1.845  2.492e+02  9.293e+00 Day:1993md 
 13  27   3.595  30.010  1.860  2.667e+02  9.563e+00 Day:1993md 
 13  27   3.595  30.010  1.875  2.605e+02  9.398e+00 Day:1993md 
 13  27   3.595  30.010  1.890  2.794e+02  9.919e+00 Day:1993md 
 13  27   3.595  30.010  1.905  2.728e+02  7.451e+00 Day:1993md 
 13  27   3.595  30.010  1.920  2.883e+02  1.127e+01 Day:1993md 
 13  27   3.595  30.010  1.935  2.850e+02  1.090e+01 Day:1993md 
 13  27   3.595  30.010  1.950  2.928e+02  1.090e+01 Day:1993md 
 13  27   3.595  30.010  1.965  3.117e+02  7.971e+00 Day:1993md 
 13  27   3.595  30.010  1.980  2.973e+02  1.035e+01 Day:1993md 
 13  27   3.595  30.010  1.995  3.269e+02  1.075e+01 Day:1993md 
 13  27   3.595  30.010  2.010  3.196e+02  1.059e+01 Day:1993md 
 13  27   3.595  30.010  2.025  3.398e+02  1.126e+01 Day:1993md 
