  1   2  1.5110   89.97    0.8990   9.800e-01  4.000e-02 Lung-thesis:1992 
  1   2  1.5110   89.97    0.9050   1.260e+00  2.600e-02 Lung-thesis:1992 
  1   2  1.5110   89.97    0.9110   1.620e+00  2.400e-02 Lung-thesis:1992 
  1   2  1.5110   89.97    0.9170   2.000e+00  2.600e-02 Lung-thesis:1992 
  1   2  1.5110   89.97    0.9230   2.600e+00  3.000e-02 Lung-thesis:1992 
  1   2  1.5110   89.97    0.9290   3.000e+00  4.000e-02 Lung-thesis:1992 
  1   2  1.5110   89.97    0.9360   3.000e+00  5.200e-02 Lung-thesis:1992 
  1   2  1.5110   89.97    0.9420   3.000e+00  3.400e-02 Lung-thesis:1992 
  1   2  1.5110   89.97    0.9480   2.600e+00  3.000e-02 Lung-thesis:1992 
  1   2  1.5110   89.97    0.9540   2.200e+00  2.600e-02 Lung-thesis:1992 
  1   2  1.5110   89.97    0.9600   1.920e+00  2.400e-02 Lung-thesis:1992 
  1   2  1.5110   89.97    0.9660   1.640e+00  2.400e-02 Lung-thesis:1992 
  1   2  1.5110   89.97    0.9720   1.440e+00  2.400e-02 Lung-thesis:1992 
  1   2  1.5110   89.97    0.9780   1.280e+00  2.200e-02 Lung-thesis:1992 
  1   2  1.5110   89.97    0.9850   1.200e+00  2.000e-02 Lung-thesis:1992 
  1   2  1.5110   89.97    0.9910   1.160e+00  2.200e-02 Lung-thesis:1992 
  1   2  1.5110   89.97    0.9970   1.240e+00  2.600e-02 Lung-thesis:1992 
  1   2  1.5110   90.07    0.9110   1.620e+00  8.000e-02 Lung-thesis:1992 
  1   2  1.5110   90.07    0.9170   2.000e+00  5.400e-02 Lung-thesis:1992 
  1   2  1.5110   90.07    0.9230   2.600e+00  5.800e-02 Lung-thesis:1992 
  1   2  1.5110   90.07    0.9290   3.000e+00  6.600e-02 Lung-thesis:1992 
  1   2  1.5110   90.07    0.9360   3.000e+00  7.000e-02 Lung-thesis:1992 
  1   2  1.5110   90.07    0.9420   2.800e+00  6.000e-02 Lung-thesis:1992 
  1   2  1.5110   90.07    0.9480   2.800e+00  6.200e-02 Lung-thesis:1992 
  1   2  1.5110   90.07    0.9540   1.980e+00  1.000e-01 Lung-thesis:1992 
  1   2  1.5110   90.07    0.9600   1.920e+00  1.140e-01 Lung-thesis:1992 
  1   2  1.5110   90.07    0.9660   1.560e+00  7.600e-02 Lung-thesis:1992 
  1   2  1.5110   90.07    0.9720   1.520e+00  7.000e-02 Lung-thesis:1992 
  1   2  1.5110   90.07    0.9780   1.300e+00  6.200e-02 Lung-thesis:1992 
  1   2  1.5110   90.07    0.9850   1.220e+00  6.200e-02 Lung-thesis:1992 
  1   2  1.5110   90.07    0.9910   1.260e+00  6.800e-02 Lung-thesis:1992 
  1   2  1.5110   90.07    0.9970   1.160e+00  1.160e-01 Lung-thesis:1992 
  1   2  1.9680   55.21    0.8440   7.600e-01  1.620e-01 Lung-thesis:1992 
  1   2  1.9680   55.21    0.8530   7.400e-01  3.800e-02 Lung-thesis:1992 
  1   2  1.9680   55.21    0.8610   9.800e-01  3.000e-02 Lung-thesis:1992 
  1   2  1.9680   55.21    0.8690   1.280e+00  3.200e-02 Lung-thesis:1992 
  1   2  1.9680   55.21    0.8780   1.720e+00  3.800e-02 Lung-thesis:1992 
  1   2  1.9680   55.21    0.8860   2.200e+00  4.000e-02 Lung-thesis:1992 
  1   2  1.9680   55.21    0.8950   3.000e+00  4.600e-02 Lung-thesis:1992 
  1   2  1.9680   55.21    0.9030   4.000e+00  5.600e-02 Lung-thesis:1992 
  1   2  1.9680   55.21    0.9110   5.200e+00  6.600e-02 Lung-thesis:1992 
  1   2  1.9680   55.21    0.9200   6.200e+00  7.800e-02 Lung-thesis:1992 
  1   2  1.9680   55.21    0.9280   7.000e+00  1.200e-01 Lung-thesis:1992 
  1   2  1.9680   55.21    0.9370   7.200e+00  1.660e-01 Lung-thesis:1992 
  1   2  1.9680   55.21    0.9450   7.000e+00  1.400e-01 Lung-thesis:1992 
  1   2  1.9680   55.21    0.9540   6.200e+00  1.600e-01 Lung-thesis:1992 
  1   2  1.9680   55.21    0.9620   4.600e+00  3.000e-01 Lung-thesis:1992 
  1   2  1.9680   55.21    0.9700   4.600e+00  1.260e-01 Lung-thesis:1992 
  1   2  1.9680   55.21    0.9790   3.800e+00  8.600e-02 Lung-thesis:1992 
  1   2  1.9680   55.21    0.9870   3.200e+00  7.200e-02 Lung-thesis:1992 
  1   2  1.9680   55.21    0.9960   2.800e+00  6.400e-02 Lung-thesis:1992 
  1   2  1.9680   55.21    1.0040   2.600e+00  6.200e-02 Lung-thesis:1992 
  1   2  1.9680   55.21    1.0120   2.600e+00  6.400e-02 Lung-thesis:1992 
  1   2  1.9680   55.21    1.0210   2.800e+00  6.800e-02 Lung-thesis:1992 
  1   2  1.9680   55.21    1.0290   2.800e+00  8.200e-02 Lung-thesis:1992 
  1   2  1.9680   55.21    1.0380   3.200e+00  1.920e-01 Lung-thesis:1992 
  1   2  1.9680   89.95    1.3050   3.400e-01  6.000e-02 Lung-thesis:1992 
  1   2  1.9680   89.95    1.3120   4.400e-01  3.000e-02 Lung-thesis:1992 
  1   2  1.9680   89.95    1.3180   5.000e-01  3.000e-02 Lung-thesis:1992 
  1   2  1.9680   89.95    1.3250   5.400e-01  3.000e-02 Lung-thesis:1992 
  1   2  1.9680   89.95    1.3320   6.600e-01  3.600e-02 Lung-thesis:1992 
  1   2  1.9680   89.95    1.3390   6.600e-01  3.200e-02 Lung-thesis:1992 
  1   2  1.9680   89.95    1.3460   6.800e-01  3.600e-02 Lung-thesis:1992 
  1   2  1.9680   89.95    1.3530   4.000e-01  5.000e-02 Lung-thesis:1992 
  1   2  1.9680   89.97    1.2700   7.000e-02  6.400e-03 Lung-thesis:1992 
  1   2  1.9680   89.97    1.2770   8.800e-02  4.800e-03 Lung-thesis:1992 
  1   2  1.9680   89.97    1.2840   1.140e-01  4.200e-03 Lung-thesis:1992 
  1   2  1.9680   89.97    1.2910   1.560e-01  4.200e-03 Lung-thesis:1992 
  1   2  1.9680   89.97    1.2980   2.200e-01  4.400e-03 Lung-thesis:1992 
  1   2  1.9680   89.97    1.3050   3.000e-01  5.000e-03 Lung-thesis:1992 
  1   2  1.9680   89.97    1.3120   4.000e-01  5.800e-03 Lung-thesis:1992 
  1   2  1.9680   89.97    1.3180   5.000e-01  6.800e-03 Lung-thesis:1992 
  1   2  1.9680   89.97    1.3250   6.000e-01  7.800e-03 Lung-thesis:1992 
  1   2  1.9680   89.97    1.3320   6.600e-01  1.300e-02 Lung-thesis:1992 
  1   2  1.9680   89.97    1.3390   6.800e-01  9.600e-03 Lung-thesis:1992 
  1   2  1.9680   89.97    1.3460   6.200e-01  9.000e-03 Lung-thesis:1992 
  1   2  1.9680   89.97    1.3530   5.400e-01  8.800e-03 Lung-thesis:1992 
  1   2  1.9680   89.97    1.3600   4.800e-01  8.400e-03 Lung-thesis:1992 
  1   2  1.9680   89.97    1.3670   4.200e-01  8.200e-03 Lung-thesis:1992 
  1   2  1.9680   89.97    1.3740   4.000e-01  8.400e-03 Lung-thesis:1992 
  1   2  1.9680   89.97    1.3800   3.600e-01  8.000e-03 Lung-thesis:1992 
  1   2  1.9680   89.97    1.3870   3.800e-01  8.200e-03 Lung-thesis:1992 
  1   2  1.9680   89.97    1.3940   4.200e-01  9.800e-03 Lung-thesis:1992 
  1   2  2.4070   41.11    0.8000   5.600e-01  8.000e-02 Lung-thesis:1992 
  1   2  2.4070   41.11    0.8100   7.200e-01  6.200e-02 Lung-thesis:1992 
  1   2  2.4070   41.11    0.8200   8.000e-01  5.800e-02 Lung-thesis:1992 
  1   2  2.4070   41.11    0.8300   1.100e+00  6.400e-02 Lung-thesis:1992 
  1   2  2.4070   41.11    0.8390   1.360e+00  7.000e-02 Lung-thesis:1992 
  1   2  2.4070   41.11    0.8490   1.900e+00  8.200e-02 Lung-thesis:1992 
  1   2  2.4070   41.11    0.8590   2.400e+00  9.000e-02 Lung-thesis:1992 
  1   2  2.4070   41.11    0.8690   3.200e+00  1.000e-01 Lung-thesis:1992 
  1   2  2.4070   41.11    0.8790   4.200e+00  8.400e-02 Lung-thesis:1992 
  1   2  2.4070   41.11    0.8880   5.600e+00  8.200e-02 Lung-thesis:1992 
  1   2  2.4070   41.11    0.8980   7.200e+00  9.400e-02 Lung-thesis:1992 
  1   2  2.4070   41.11    0.9080   9.200e+00  1.100e-01 Lung-thesis:1992 
  1   2  2.4070   41.11    0.9180   1.100e+01  1.280e-01 Lung-thesis:1992 
  1   2  2.4070   41.11    0.9280   1.260e+01  1.780e-01 Lung-thesis:1992 
  1   2  2.4070   41.11    0.9370   1.280e+01  2.200e-01 Lung-thesis:1992 
  1   2  2.4070   41.11    0.9470   1.220e+01  1.380e-01 Lung-thesis:1992 
  1   2  2.4070   41.11    0.9570   1.100e+01  1.260e-01 Lung-thesis:1992 
  1   2  2.4070   41.11    0.9670   9.200e+00  1.140e-01 Lung-thesis:1992 
  1   2  2.4070   41.11    0.9770   7.800e+00  1.100e-01 Lung-thesis:1992 
  1   2  2.4070   41.11    0.9860   6.400e+00  1.560e-01 Lung-thesis:1992 
  1   2  2.4070   41.11    0.9960   5.800e+00  2.600e-01 Lung-thesis:1992 
  1   2  2.4070   41.11    1.0060   5.200e+00  1.400e-01 Lung-thesis:1992 
  1   2  2.4070   41.11    1.0160   4.800e+00  1.120e-01 Lung-thesis:1992 
  1   2  2.4070   41.11    1.0260   4.400e+00  1.040e-01 Lung-thesis:1992 
  1   2  2.4070   41.11    1.0350   4.400e+00  1.020e-01 Lung-thesis:1992 
  1   2  2.4070   41.11    1.0450   4.800e+00  1.060e-01 Lung-thesis:1992 
  1   2  2.4070   41.11    1.0550   5.400e+00  1.180e-01 Lung-thesis:1992 
  1   2  2.4070   41.11    1.0650   6.000e+00  1.300e-01 Lung-thesis:1992 
  1   2  2.4070   41.11    1.0740   6.800e+00  1.460e-01 Lung-thesis:1992 
  1   2  2.4070   41.11    1.0840   8.000e+00  1.720e-01 Lung-thesis:1992 
  1   2  2.4070   41.11    1.0940   9.400e+00  2.600e-01 Lung-thesis:1992 
  1   2  2.4070   41.11    1.1040   1.020e+01  7.600e-01 Lung-thesis:1992 
  1   2  2.4070   58.88    1.2850   3.600e-01  5.000e-02 Lung-thesis:1992 
  1   2  2.4070   58.88    1.2940   6.000e-01  1.900e-02 Lung-thesis:1992 
  1   2  2.4070   58.88    1.3040   8.400e-01  1.720e-02 Lung-thesis:1992 
  1   2  2.4070   58.88    1.3130   1.040e+00  1.840e-02 Lung-thesis:1992 
  1   2  2.4070   58.88    1.3230   1.240e+00  2.000e-02 Lung-thesis:1992 
  1   2  2.4070   58.88    1.3320   1.340e+00  3.400e-02 Lung-thesis:1992 
  1   2  2.4070   58.88    1.3420   1.380e+00  2.200e-02 Lung-thesis:1992 
  1   2  2.4070   58.88    1.3510   1.260e+00  2.000e-02 Lung-thesis:1992 
  1   2  2.4070   58.88    1.3610   1.140e+00  2.000e-02 Lung-thesis:1992 
  1   2  2.4070   58.88    1.3700   9.600e-01  3.000e-02 Lung-thesis:1992 
  1   2  2.4070   58.88    1.3800   9.200e-01  5.600e-02 Lung-thesis:1992 
  1   2  2.4070   58.88    1.3890   7.800e-01  3.000e-02 Lung-thesis:1992 
  1   2  2.4070   58.88    1.3990   7.200e-01  2.600e-02 Lung-thesis:1992 
  1   2  2.4070   58.88    1.4080   7.800e-01  2.600e-02 Lung-thesis:1992 
  1   2  2.4070   58.88    1.4180   8.000e-01  2.600e-02 Lung-thesis:1992 
  1   2  2.4070   58.88    1.4270   8.800e-01  2.800e-02 Lung-thesis:1992 
  1   2  2.4070   58.88    1.4370   1.040e+00  3.400e-02 Lung-thesis:1992 
  1   2  2.4070   58.88    1.4460   1.220e+00  4.400e-02 Lung-thesis:1992 
  1   2  2.4070   58.88    1.4560   1.560e+00  1.300e-01 Lung-thesis:1992 
  1   2  2.4070   89.97    1.6710   3.000e-02  4.600e-03 Lung-thesis:1992 
  1   2  2.4070   89.97    1.6790   3.400e-02  4.200e-03 Lung-thesis:1992 
  1   2  2.4070   89.97    1.6860   4.800e-02  3.800e-03 Lung-thesis:1992 
  1   2  2.4070   89.97    1.6940   6.000e-02  2.800e-03 Lung-thesis:1992 
  1   2  2.4070   89.97    1.7010   8.000e-02  2.400e-03 Lung-thesis:1992 
  1   2  2.4070   89.97    1.7090   1.060e-01  2.400e-03 Lung-thesis:1992 
  1   2  2.4070   89.97    1.7160   1.400e-01  2.600e-03 Lung-thesis:1992 
  1   2  2.4070   89.97    1.7240   1.740e-01  2.800e-03 Lung-thesis:1992 
  1   2  2.4070   89.97    1.7310   1.960e-01  4.000e-03 Lung-thesis:1992 
  1   2  2.4070   89.97    1.7390   2.000e-01  3.200e-03 Lung-thesis:1992 
  1   2  2.4070   89.97    1.7460   1.920e-01  3.000e-03 Lung-thesis:1992 
  1   2  2.4070   89.97    1.7540   1.760e-01  2.800e-03 Lung-thesis:1992 
  1   2  2.4070   89.97    1.7610   1.540e-01  2.800e-03 Lung-thesis:1992 
  1   2  2.4070   89.97    1.7680   1.440e-01  2.800e-03 Lung-thesis:1992 
  1   2  2.4070   89.97    1.7760   1.480e-01  3.400e-03 Lung-thesis:1992 
  1   2  2.4070   89.97    1.7830   1.540e-01  3.600e-03 Lung-thesis:1992 
  1   2  2.4070   89.97    1.7910   1.700e-01  3.800e-03 Lung-thesis:1992 
  1   2  2.4070   89.97    1.7980   1.900e-01  4.200e-03 Lung-thesis:1992 
  1   2  2.4070   89.97    1.8060   2.200e-01  5.200e-03 Lung-thesis:1992 
  1   2  2.8370   44.99    1.2080   1.540e-01  5.400e-02 Lung-thesis:1992 
  1   2  2.8370   44.99    1.2190   1.660e-01  2.200e-02 Lung-thesis:1992 
  1   2  2.8370   44.99    1.2300   2.600e-01  2.000e-02 Lung-thesis:1992 
  1   2  2.8370   44.99    1.2420   3.400e-01  2.200e-02 Lung-thesis:1992 
  1   2  2.8370   44.99    1.2530   4.400e-01  2.600e-02 Lung-thesis:1992 
  1   2  2.8370   44.99    1.2640   5.800e-01  2.800e-02 Lung-thesis:1992 
  1   2  2.8370   44.99    1.2760   8.200e-01  2.400e-02 Lung-thesis:1992 
  1   2  2.8370   44.99    1.2870   1.080e+00  2.200e-02 Lung-thesis:1992 
  1   2  2.8370   44.99    1.2980   1.440e+00  2.600e-02 Lung-thesis:1992 
  1   2  2.8370   44.99    1.3100   1.800e+00  2.800e-02 Lung-thesis:1992 
  1   2  2.8370   44.99    1.3210   2.200e+00  3.200e-02 Lung-thesis:1992 
  1   2  2.8370   44.99    1.3320   2.400e+00  5.400e-02 Lung-thesis:1992 
  1   2  2.8370   44.99    1.3430   2.400e+00  3.600e-02 Lung-thesis:1992 
  1   2  2.8370   44.99    1.3550   2.200e+00  3.400e-02 Lung-thesis:1992 
  1   2  2.8370   44.99    1.3660   1.860e+00  3.200e-02 Lung-thesis:1992 
  1   2  2.8370   44.99    1.3770   1.640e+00  3.400e-02 Lung-thesis:1992 
  1   2  2.8370   44.99    1.3890   1.420e+00  5.400e-02 Lung-thesis:1992 
  1   2  2.8370   44.99    1.4000   1.400e+00  8.400e-02 Lung-thesis:1992 
  1   2  2.8370   44.99    1.4110   1.240e+00  5.000e-02 Lung-thesis:1992 
  1   2  2.8370   44.99    1.4230   1.280e+00  4.600e-02 Lung-thesis:1992 
  1   2  2.8370   44.99    1.4340   1.340e+00  4.600e-02 Lung-thesis:1992 
  1   2  2.8370   44.99    1.4450   1.480e+00  4.800e-02 Lung-thesis:1992 
  1   2  2.8370   44.99    1.4570   1.700e+00  5.400e-02 Lung-thesis:1992 
  1   2  2.8370   44.99    1.4680   1.880e+00  5.800e-02 Lung-thesis:1992 
  1   2  2.8370   44.99    1.4790   2.400e+00  6.800e-02 Lung-thesis:1992 
  1   2  2.8370   44.99    1.4900   2.600e+00  8.200e-02 Lung-thesis:1992 
  1   2  2.8370   44.99    1.5020   2.800e+00  1.500e-01 Lung-thesis:1992 
  1   2  2.8370   61.21    1.6480   4.200e-02  7.400e-03 Lung-thesis:1992 
  1   2  2.8370   61.21    1.6580   6.400e-02  6.800e-03 Lung-thesis:1992 
  1   2  2.8370   61.21    1.6690   8.200e-02  7.000e-03 Lung-thesis:1992 
  1   2  2.8370   61.21    1.6790   1.120e-01  8.000e-03 Lung-thesis:1992 
  1   2  2.8370   61.21    1.6890   1.720e-01  7.600e-03 Lung-thesis:1992 
  1   2  2.8370   61.21    1.7000   2.200e-01  6.600e-03 Lung-thesis:1992 
  1   2  2.8370   61.21    1.7100   2.800e-01  7.000e-03 Lung-thesis:1992 
  1   2  2.8370   61.21    1.7200   3.600e-01  7.800e-03 Lung-thesis:1992 
  1   2  2.8370   61.21    1.7310   3.800e-01  1.080e-02 Lung-thesis:1992 
  1   2  2.8370   61.21    1.7410   3.800e-01  9.000e-03 Lung-thesis:1992 
  1   2  2.8370   61.21    1.7520   3.800e-01  8.800e-03 Lung-thesis:1992 
  1   2  2.8370   61.21    1.7620   3.400e-01  9.000e-03 Lung-thesis:1992 
  1   2  2.8370   61.21    1.7720   3.200e-01  1.560e-02 Lung-thesis:1992 
  1   2  2.8370   61.21    1.7830   2.800e-01  2.000e-02 Lung-thesis:1992 
  1   2  2.8370   61.21    1.7930   2.600e-01  1.180e-02 Lung-thesis:1992 
  1   2  2.8370   61.21    1.8030   3.000e-01  1.200e-02 Lung-thesis:1992 
  1   2  2.8370   61.21    1.8140   3.000e-01  1.240e-02 Lung-thesis:1992 
  1   2  2.8370   61.21    1.8240   3.600e-01  1.300e-02 Lung-thesis:1992 
  1   2  2.8370   61.21    1.8350   4.200e-01  1.500e-02 Lung-thesis:1992 
  1   2  2.8370   61.21    1.8450   4.800e-01  1.760e-02 Lung-thesis:1992 
  1   2  2.8370   61.21    1.8550   5.600e-01  3.200e-02 Lung-thesis:1992 
  1   2  2.8370   89.97    2.0650   7.400e-03  1.680e-03 Lung-thesis:1992 
  1   2  2.8370   89.97    2.0710   1.100e-02  1.620e-03 Lung-thesis:1992 
  1   2  2.8370   89.97    2.0780   1.380e-02  1.600e-03 Lung-thesis:1992 
  1   2  2.8370   89.97    2.0850   1.760e-02  1.560e-03 Lung-thesis:1992 
  1   2  2.8370   89.97    2.0910   2.200e-02  1.520e-03 Lung-thesis:1992 
  1   2  2.8370   89.97    2.0980   2.800e-02  1.540e-03 Lung-thesis:1992 
  1   2  2.8370   89.97    2.1040   3.400e-02  1.560e-03 Lung-thesis:1992 
  1   2  2.8370   89.97    2.1110   4.600e-02  1.620e-03 Lung-thesis:1992 
  1   2  2.8370   89.97    2.1180   5.600e-02  1.700e-03 Lung-thesis:1992 
  1   2  2.8370   89.97    2.1240   6.600e-02  1.740e-03 Lung-thesis:1992 
  1   2  2.8370   89.97    2.1310   7.400e-02  2.000e-03 Lung-thesis:1992 
  1   2  2.8370   89.97    2.1380   7.600e-02  1.880e-03 Lung-thesis:1992 
  1   2  2.8370   89.97    2.1440   7.400e-02  1.820e-03 Lung-thesis:1992 
  1   2  2.8370   89.97    2.1510   7.200e-02  1.820e-03 Lung-thesis:1992 
  1   2  2.8370   89.97    2.1570   6.600e-02  1.780e-03 Lung-thesis:1992 
  1   2  2.8370   89.97    2.1640   6.200e-02  1.800e-03 Lung-thesis:1992 
  1   2  2.8370   89.97    2.1710   6.200e-02  1.900e-03 Lung-thesis:1992 
  1   2  2.8370   89.97    2.1770   6.800e-02  2.200e-03 Lung-thesis:1992 
  1   2  2.8370   89.97    2.1840   7.000e-02  2.200e-03 Lung-thesis:1992 
  1   2  2.8370   89.97    2.1910   8.200e-02  2.400e-03 Lung-thesis:1992 
  1   2  2.8370   89.97    2.1970   9.400e-02  2.600e-03 Lung-thesis:1992 
  1   2  2.8370   89.97    2.2040   1.040e-01  3.000e-03 Lung-thesis:1992 
  1   2  2.8370   89.97    2.2100   1.120e-01  3.400e-03 Lung-thesis:1992 
  1   2  5.5070   15.15    0.7000   2.000e+00  4.800e-01 Lung-thesis:1992 
  1   2  5.5070   15.15    0.7130   2.200e+00  3.600e-01 Lung-thesis:1992 
  1   2  5.5070   15.15    0.7270   2.600e+00  2.800e-01 Lung-thesis:1992 
  1   2  5.5070   15.15    0.7400   4.000e+00  3.000e-01 Lung-thesis:1992 
  1   2  5.5070   15.15    0.7530   4.200e+00  3.000e-01 Lung-thesis:1992 
  1   2  5.5070   15.15    0.7660   5.400e+00  3.000e-01 Lung-thesis:1992 
  1   2  5.5070   15.15    0.7800   7.200e+00  3.200e-01 Lung-thesis:1992 
  1   2  5.5070   15.15    0.7930   9.600e+00  3.600e-01 Lung-thesis:1992 
  1   2  5.5070   15.15    0.8060   1.180e+01  4.000e-01 Lung-thesis:1992 
  1   2  5.5070   15.15    0.8200   1.500e+01  4.600e-01 Lung-thesis:1992 
  1   2  5.5070   15.15    0.8330   2.000e+01  5.200e-01 Lung-thesis:1992 
  1   2  5.5070   15.15    0.8460   2.600e+01  5.800e-01 Lung-thesis:1992 
  1   2  5.5070   15.15    0.8590   3.400e+01  6.800e-01 Lung-thesis:1992 
  1   2  5.5070   15.15    0.8730   4.600e+01  8.200e-01 Lung-thesis:1992 
  1   2  5.5070   15.15    0.8860   5.800e+01  9.400e-01 Lung-thesis:1992 
  1   2  5.5070   15.15    0.8990   7.600e+01  1.120e+00 Lung-thesis:1992 
  1   2  5.5070   15.15    0.9130   9.200e+01  1.300e+00 Lung-thesis:1992 
  1   2  5.5070   15.15    0.9260   1.040e+02  1.780e+00 Lung-thesis:1992 
  1   2  5.5070   15.15    0.9390   1.060e+02  1.860e+00 Lung-thesis:1992 
  1   2  5.5070   15.15    0.9520   1.020e+02  1.380e+00 Lung-thesis:1992 
  1   2  5.5070   15.15    0.9660   9.000e+01  1.180e+00 Lung-thesis:1992 
  1   2  5.5070   15.15    0.9790   7.400e+01  1.000e+00 Lung-thesis:1992 
  1   2  5.5070   15.15    0.9920   6.200e+01  8.600e-01 Lung-thesis:1992 
  1   2  5.5070   15.15    1.0050   5.200e+01  7.400e-01 Lung-thesis:1992 
  1   2  5.5070   15.15    1.0190   4.400e+01  6.800e-01 Lung-thesis:1992 
  1   2  5.5070   15.15    1.0320   3.800e+01  6.400e-01 Lung-thesis:1992 
  1   2  5.5070   15.15    1.0450   3.400e+01  6.400e-01 Lung-thesis:1992 
  1   2  5.5070   15.15    1.0590   3.400e+01  7.000e-01 Lung-thesis:1992 
  1   2  5.5070   15.15    1.0720   3.400e+01  7.800e-01 Lung-thesis:1992 
  1   2  5.5070   15.15    1.0850   3.400e+01  8.800e-01 Lung-thesis:1992 
  1   2  5.5070   15.15    1.0980   3.800e+01  9.400e-01 Lung-thesis:1992 
  1   2  5.5070   15.15    1.1120   4.200e+01  1.020e+00 Lung-thesis:1992 
  1   2  5.5070   15.15    1.1250   4.800e+01  1.100e+00 Lung-thesis:1992 
  1   2  5.5070   15.15    1.1380   5.200e+01  1.200e+00 Lung-thesis:1992 
  1   2  5.5070   15.15    1.1520   5.600e+01  1.280e+00 Lung-thesis:1992 
  1   2  5.5070   15.15    1.1650   6.600e+01  1.400e+00 Lung-thesis:1992 
  1   2  5.5070   15.15    1.1780   7.000e+01  1.460e+00 Lung-thesis:1992 
  1   2  5.5070   15.15    1.1910   7.600e+01  1.560e+00 Lung-thesis:1992 
  1   2  5.5070   15.15    1.2050   8.000e+01  1.620e+00 Lung-thesis:1992 
  1   2  5.5070   15.15    1.2180   8.200e+01  1.660e+00 Lung-thesis:1992 
  1   2  5.5070   15.15    1.2310   8.200e+01  1.740e+00 Lung-thesis:1992 
  1   2  5.5070   15.15    1.2450   8.600e+01  1.860e+00 Lung-thesis:1992 
  1   2  5.5070   15.15    1.2580   8.200e+01  2.000e+00 Lung-thesis:1992 
  1   2  5.5070   15.15    1.2710   8.400e+01  2.400e+00 Lung-thesis:1992 
  1   2  5.5070   15.15    1.2840   8.400e+01  3.200e+00 Lung-thesis:1992 
  1   2  5.5070   15.15    1.2980   7.400e+01  5.000e+00 Lung-thesis:1992 
  1   2  5.5070   15.15    1.3110   6.800e+01  2.200e+01 Lung-thesis:1992 
  1   2  5.5070   18.98    1.0090   8.200e-02  3.400e-02 Lung-thesis:1992 
  1   2  5.5070   18.98    1.0250   1.280e-01  3.000e-02 Lung-thesis:1992 
  1   2  5.5070   18.98    1.0410   2.800e-01  3.600e-02 Lung-thesis:1992 
  1   2  5.5070   18.98    1.0570   3.400e-01  3.600e-02 Lung-thesis:1992 
  1   2  5.5070   18.98    1.0740   2.600e-01  3.400e-02 Lung-thesis:1992 
  1   2  5.5070   18.98    1.0900   3.600e-01  3.800e-02 Lung-thesis:1992 
  1   2  5.5070   18.98    1.1060   5.600e-01  4.600e-02 Lung-thesis:1992 
  1   2  5.5070   18.98    1.1220   6.400e-01  4.800e-02 Lung-thesis:1992 
  1   2  5.5070   18.98    1.1380   7.600e-01  5.200e-02 Lung-thesis:1992 
  1   2  5.5070   18.98    1.1540   9.600e-01  5.400e-02 Lung-thesis:1992 
  1   2  5.5070   18.98    1.1710   1.260e+00  5.200e-02 Lung-thesis:1992 
  1   2  5.5070   18.98    1.1870   1.720e+00  5.400e-02 Lung-thesis:1992 
  1   2  5.5070   18.98    1.2030   2.200e+00  5.600e-02 Lung-thesis:1992 
  1   2  5.5070   18.98    1.2190   3.000e+00  6.000e-02 Lung-thesis:1992 
  1   2  5.5070   18.98    1.2350   4.000e+00  6.800e-02 Lung-thesis:1992 
  1   2  5.5070   18.98    1.2510   5.200e+00  8.000e-02 Lung-thesis:1992 
  1   2  5.5070   18.98    1.2670   6.600e+00  9.400e-02 Lung-thesis:1992 
  1   2  5.5070   18.98    1.2840   9.000e+00  1.160e-01 Lung-thesis:1992 
  1   2  5.5070   18.98    1.3000   1.100e+01  1.360e-01 Lung-thesis:1992 
  1   2  5.5070   18.98    1.3160   1.320e+01  1.580e-01 Lung-thesis:1992 
  1   2  5.5070   18.98    1.3320   1.440e+01  2.800e-01 Lung-thesis:1992 
  1   2  5.5070   18.98    1.3480   1.400e+01  1.740e-01 Lung-thesis:1992 
  1   2  5.5070   18.98    1.3640   1.300e+01  1.500e-01 Lung-thesis:1992 
  1   2  5.5070   18.98    1.3810   1.140e+01  1.300e-01 Lung-thesis:1992 
  1   2  5.5070   18.98    1.3970   9.600e+00  1.120e-01 Lung-thesis:1992 
  1   2  5.5070   18.98    1.4130   8.400e+00  9.800e-02 Lung-thesis:1992 
  1   2  5.5070   18.98    1.4290   7.400e+00  9.200e-02 Lung-thesis:1992 
  1   2  5.5070   18.98    1.4450   6.800e+00  8.800e-02 Lung-thesis:1992 
  1   2  5.5070   18.98    1.4610   7.000e+00  9.600e-02 Lung-thesis:1992 
  1   2  5.5070   18.98    1.4780   7.400e+00  1.080e-01 Lung-thesis:1992 
  1   2  5.5070   18.98    1.4940   8.200e+00  1.280e-01 Lung-thesis:1992 
  1   2  5.5070   18.98    1.5100   8.800e+00  1.580e-01 Lung-thesis:1992 
  1   2  5.5070   18.98    1.5260   1.020e+01  1.740e-01 Lung-thesis:1992 
  1   2  5.5070   18.98    1.5420   1.100e+01  1.860e-01 Lung-thesis:1992 
  1   2  5.5070   18.98    1.5580   1.200e+01  2.000e-01 Lung-thesis:1992 
  1   2  5.5070   18.98    1.5750   1.320e+01  2.200e-01 Lung-thesis:1992 
  1   2  5.5070   18.98    1.5910   1.420e+01  2.400e-01 Lung-thesis:1992 
  1   2  5.5070   18.98    1.6070   1.480e+01  2.400e-01 Lung-thesis:1992 
  1   2  5.5070   18.98    1.6230   1.540e+01  2.800e-01 Lung-thesis:1992 
  1   2  5.5070   18.98    1.6390   1.580e+01  3.400e-01 Lung-thesis:1992 
  1   2  5.5070   18.98    1.6550   1.580e+01  5.000e-01 Lung-thesis:1992 
  1   2  5.5070   18.98    1.6710   1.420e+01  1.080e+00 Lung-thesis:1992 
  1   2  5.5070   22.80    1.5660   3.600e-01  6.000e-02 Lung-thesis:1992 
  1   2  5.5070   22.80    1.5840   4.000e-01  3.000e-02 Lung-thesis:1992 
  1   2  5.5070   22.80    1.6020   5.200e-01  2.400e-02 Lung-thesis:1992 
  1   2  5.5070   22.80    1.6200   7.200e-01  2.200e-02 Lung-thesis:1992 
  1   2  5.5070   22.80    1.6390   9.800e-01  2.400e-02 Lung-thesis:1992 
  1   2  5.5070   22.80    1.6570   1.320e+00  2.800e-02 Lung-thesis:1992 
  1   2  5.5070   22.80    1.6750   1.760e+00  3.200e-02 Lung-thesis:1992 
  1   2  5.5070   22.80    1.6930   2.200e+00  3.600e-02 Lung-thesis:1992 
  1   2  5.5070   22.80    1.7120   2.600e+00  4.000e-02 Lung-thesis:1992 
  1   2  5.5070   22.80    1.7300   3.000e+00  6.400e-02 Lung-thesis:1992 
  1   2  5.5070   22.80    1.7480   3.000e+00  4.200e-02 Lung-thesis:1992 
  1   2  5.5070   22.80    1.7670   2.800e+00  3.800e-02 Lung-thesis:1992 
  1   2  5.5070   22.80    1.7850   2.600e+00  3.400e-02 Lung-thesis:1992 
  1   2  5.5070   22.80    1.8030   2.200e+00  3.000e-02 Lung-thesis:1992 
  1   2  5.5070   22.80    1.8210   2.000e+00  2.800e-02 Lung-thesis:1992 
  1   2  5.5070   22.80    1.8400   1.960e+00  2.800e-02 Lung-thesis:1992 
  1   2  5.5070   22.80    1.8580   1.960e+00  3.200e-02 Lung-thesis:1992 
  1   2  5.5070   22.80    1.8760   2.000e+00  3.800e-02 Lung-thesis:1992 
  1   2  5.5070   22.80    1.8940   2.200e+00  4.400e-02 Lung-thesis:1992 
  1   2  5.5070   22.80    1.9130   2.600e+00  5.200e-02 Lung-thesis:1992 
  1   2  5.5070   22.80    1.9310   2.800e+00  5.600e-02 Lung-thesis:1992 
  1   2  5.5070   22.80    1.9490   3.200e+00  6.200e-02 Lung-thesis:1992 
  1   2  5.5070   22.80    1.9670   3.600e+00  6.800e-02 Lung-thesis:1992 
  1   2  5.5070   22.80    1.9860   3.600e+00  7.400e-02 Lung-thesis:1992 
  1   2  5.5070   22.80    2.0040   4.000e+00  9.200e-02 Lung-thesis:1992 
  1   2  5.5070   22.80    2.0220   4.000e+00  1.300e-01 Lung-thesis:1992 
  1   2  5.5070   22.80    2.0400   4.200e+00  3.000e-01 Lung-thesis:1992 
  1   2  5.5070   26.82    1.9830   1.140e-01  1.940e-02 Lung-thesis:1992 
  1   2  5.5070   26.82    1.9990   1.200e-01  9.600e-03 Lung-thesis:1992 
  1   2  5.5070   26.82    2.0160   1.840e-01  8.000e-03 Lung-thesis:1992 
  1   2  5.5070   26.82    2.0320   2.400e-01  7.600e-03 Lung-thesis:1992 
  1   2  5.5070   26.82    2.0480   3.000e-01  7.800e-03 Lung-thesis:1992 
  1   2  5.5070   26.82    2.0650   4.000e-01  8.400e-03 Lung-thesis:1992 
  1   2  5.5070   26.82    2.0810   5.200e-01  9.600e-03 Lung-thesis:1992 
  1   2  5.5070   26.82    2.0970   6.200e-01  1.040e-02 Lung-thesis:1992 
  1   2  5.5070   26.82    2.1140   7.000e-01  1.120e-02 Lung-thesis:1992 
  1   2  5.5070   26.82    2.1300   7.600e-01  1.760e-02 Lung-thesis:1992 
  1   2  5.5070   26.82    2.1460   8.000e-01  1.260e-02 Lung-thesis:1992 
  1   2  5.5070   26.82    2.1630   7.800e-01  1.100e-02 Lung-thesis:1992 
  1   2  5.5070   26.82    2.1790   7.200e-01  1.020e-02 Lung-thesis:1992 
  1   2  5.5070   26.82    2.1950   6.800e-01  9.600e-03 Lung-thesis:1992 
  1   2  5.5070   26.82    2.2120   6.400e-01  9.200e-03 Lung-thesis:1992 
  1   2  5.5070   26.82    2.2280   6.200e-01  9.600e-03 Lung-thesis:1992 
  1   2  5.5070   26.82    2.2440   6.200e-01  1.040e-02 Lung-thesis:1992 
  1   2  5.5070   26.82    2.2610   6.800e-01  1.260e-02 Lung-thesis:1992 
  1   2  5.5070   26.82    2.2770   7.200e-01  1.520e-02 Lung-thesis:1992 
  1   2  5.5070   26.82    2.2930   7.800e-01  1.760e-02 Lung-thesis:1992 
  1   2  5.5070   26.82    2.3100   8.800e-01  1.920e-02 Lung-thesis:1992 
  1   2  5.5070   26.82    2.3260   1.000e+00  2.000e-02 Lung-thesis:1992 
  1   2  5.5070   26.82    2.3420   1.040e+00  2.200e-02 Lung-thesis:1992 
  1   2  5.5070   26.82    2.3590   1.160e+00  2.600e-02 Lung-thesis:1992 
  1   2  5.5070   26.82    2.3750   1.200e+00  3.200e-02 Lung-thesis:1992 
  1   2  5.5070   26.82    2.3910   1.320e+00  4.600e-02 Lung-thesis:1992 
  1   2  5.5070   26.82    2.4080   1.300e+00  9.800e-02 Lung-thesis:1992 
