  1   2  9.7440   10.00    0.7720   1.320e-01  1.080e-01 Rock:1991jy 
  1   2  9.7440   10.00    0.7830   1.670e-01  9.340e-02 Rock:1991jy 
  1   2  9.7440   10.00    0.7950   1.160e-01  8.190e-02 Rock:1991jy 
  1   2  9.7440   10.00    0.8060   1.530e-01  7.250e-02 Rock:1991jy 
  1   2  9.7440   10.00    0.8180   1.640e-01  6.710e-02 Rock:1991jy 
  1   2  9.7440   10.00    0.8290   1.460e-01  6.310e-02 Rock:1991jy 
  1   2  9.7440   10.00    0.8410   2.010e-01  6.030e-02 Rock:1991jy 
  1   2  9.7440   10.00    0.8520   1.820e-01  5.550e-02 Rock:1991jy 
  1   2  9.7440   10.00    0.8640   1.910e-01  5.450e-02 Rock:1991jy 
  1   2  9.7440   10.00    0.8750   3.630e-01  6.300e-02 Rock:1991jy 
  1   2  9.7440   10.00    0.8870   2.970e-01  5.280e-02 Rock:1991jy 
  1   2  9.7440   10.00    0.8980   2.910e-01  4.970e-02 Rock:1991jy 
  1   2  9.7440   10.00    0.9100   4.220e-01  5.440e-02 Rock:1991jy 
  1   2  9.7440   10.00    0.9210   3.630e-01  5.210e-02 Rock:1991jy 
  1   2  9.7440   10.00    0.9330   4.050e-01  5.270e-02 Rock:1991jy 
  1   2  9.7440   10.00    0.9440   5.640e-01  6.840e-02 Rock:1991jy 
  1   2  9.7440   10.00    0.9560   6.190e-01  6.540e-02 Rock:1991jy 
  1   2  9.7440   10.00    0.9670   6.980e-01  7.190e-02 Rock:1991jy 
  1   2  9.7440   10.00    0.9790   7.350e-01  8.230e-02 Rock:1991jy 
  1   2  9.7440   10.00    0.9900   1.010e+00  9.680e-02 Rock:1991jy 
  1   2  9.7440   10.00    1.0020   1.020e+00  7.820e-02 Rock:1991jy 
  1   2  9.7440   10.00    1.0130   1.080e+00  1.160e-01 Rock:1991jy 
  1   2  9.7440   10.00    1.0250   1.500e+00  1.170e-01 Rock:1991jy 
  1   2  9.7440   10.00    1.0360   1.510e+00  1.020e-01 Rock:1991jy 
  1   2  9.7440   10.00    1.0480   1.680e+00  1.070e-01 Rock:1991jy 
  1   2  9.7440   10.00    1.0590   2.140e+00  1.300e-01 Rock:1991jy 
  1   2  9.7440   10.00    1.0710   2.350e+00  1.340e-01 Rock:1991jy 
  1   2  9.7440   10.00    1.0820   2.430e+00  1.470e-01 Rock:1991jy 
  1   2  9.7440   10.00    1.0940   3.130e+00  1.600e-01 Rock:1991jy 
  1   2  9.7440   10.00    1.1050   3.480e+00  2.140e-01 Rock:1991jy 
  1   2  9.7440   10.00    1.1170   4.510e+00  1.980e-01 Rock:1991jy 
  1   2  9.7440   10.00    1.1280   4.880e+00  2.150e-01 Rock:1991jy 
  1   2  9.7440   10.00    1.1400   5.900e+00  2.440e-01 Rock:1991jy 
  1   2  9.7440   10.00    1.1510   6.940e+00  2.670e-01 Rock:1991jy 
  1   2  9.7440   10.00    1.1630   9.010e+00  3.160e-01 Rock:1991jy 
  1   2  9.7440   10.00    1.1740   9.690e+00  3.670e-01 Rock:1991jy 
  1   2  9.7440   10.00    1.1850   1.220e+01  4.280e-01 Rock:1991jy 
  1   2  9.7440   10.00    1.1970   1.530e+01  4.390e-01 Rock:1991jy 
  1   2  9.7440   10.00    1.2080   1.760e+01  5.720e-01 Rock:1991jy 
  1   2  9.7440   10.00    1.2200   2.170e+01  7.460e-01 Rock:1991jy 
  1   2  9.7440   10.00    1.2310   2.530e+01  8.490e-01 Rock:1991jy 
  1   2  9.7440   10.00    1.2440   2.970e+01  7.420e-01 Rock:1991jy 
  1   2  9.7440   10.00    1.2550   3.550e+01  1.030e+00 Rock:1991jy 
  1   2  9.7440   10.00    1.2670   4.050e+01  8.010e-01 Rock:1991jy 
  1   2  9.7440   10.00    1.2780   4.520e+01  8.310e-01 Rock:1991jy 
  1   2  9.7440   10.00    1.2900   4.900e+01  1.050e+00 Rock:1991jy 
  1   2  9.7440   10.00    1.3010   5.110e+01  8.870e-01 Rock:1991jy 
  1   2  9.7440   10.00    1.3130   5.410e+01  1.190e+00 Rock:1991jy 
  1   2  9.7440   10.00    1.3240   5.210e+01  8.900e-01 Rock:1991jy 
  1   2  9.7440   10.00    1.3360   4.820e+01  9.120e-01 Rock:1991jy 
  1   2  9.7440   10.00    1.3470   4.460e+01  8.160e-01 Rock:1991jy 
  1   2  9.7440   10.00    1.3590   4.070e+01  7.710e-01 Rock:1991jy 
  1   2  9.7440   10.00    1.3700   3.870e+01  8.210e-01 Rock:1991jy 
  1   2  9.7440   10.00    1.3820   3.380e+01  6.980e-01 Rock:1991jy 
  1   2  9.7440   10.00    1.3930   3.180e+01  7.730e-01 Rock:1991jy 
  1   2  9.7440   10.00    1.4050   2.840e+01  6.360e-01 Rock:1991jy 
  1   2  9.7440   10.00    1.4160   2.740e+01  6.950e-01 Rock:1991jy 
  1   2  9.7440   10.00    1.4280   2.590e+01  7.340e-01 Rock:1991jy 
  1   2  9.7440   10.00    1.4390   2.580e+01  6.280e-01 Rock:1991jy 
  1   2  9.7440   10.00    1.4510   2.410e+01  6.270e-01 Rock:1991jy 
  1   2  9.7440   10.00    1.4620   2.490e+01  6.170e-01 Rock:1991jy 
  1   2  9.7440   10.00    1.4740   2.510e+01  6.670e-01 Rock:1991jy 
  1   2  9.7440   10.00    1.4850   2.660e+01  8.310e-01 Rock:1991jy 
  1   2  9.7440   10.00    1.4970   2.780e+01  8.660e-01 Rock:1991jy 
  1   2  9.7440   10.00    1.5080   3.080e+01  7.810e-01 Rock:1991jy 
  1   2  9.7440   10.00    1.5200   3.070e+01  8.000e-01 Rock:1991jy 
  1   2  9.7440   10.00    1.5310   3.350e+01  9.000e-01 Rock:1991jy 
  1   2  9.7440   10.00    1.5430   3.590e+01  9.250e-01 Rock:1991jy 
  1   2  9.7440   10.00    1.5540   3.860e+01  1.060e+00 Rock:1991jy 
  1   2  9.7440   10.00    1.5660   4.040e+01  1.070e+00 Rock:1991jy 
  1   2  9.7440   10.00    1.5770   4.220e+01  1.130e+00 Rock:1991jy 
  1   2  9.7440   10.00    1.5890   4.380e+01  1.180e+00 Rock:1991jy 
  1   2  9.7440   10.00    1.6000   4.360e+01  1.230e+00 Rock:1991jy 
  1   2  9.7440   10.00    1.6110   4.690e+01  1.520e+00 Rock:1991jy 
  1   2  9.7440   10.00    1.6230   4.850e+01  1.420e+00 Rock:1991jy 
  1   2  9.7440   10.00    1.6340   4.740e+01  1.810e+00 Rock:1991jy 
  1   2  9.7440   10.00    1.6460   4.860e+01  1.470e+00 Rock:1991jy 
  1   2  9.7440   10.00    1.6570   4.790e+01  1.500e+00 Rock:1991jy 
  1   2  9.7440   10.00    1.6690   5.060e+01  1.640e+00 Rock:1991jy 
  1   2  9.7440   10.00    1.6800   5.270e+01  1.660e+00 Rock:1991jy 
  1   2  9.7440   10.00    1.6920   5.010e+01  1.710e+00 Rock:1991jy 
  1   2  9.7440   10.00    1.7030   4.870e+01  2.060e+00 Rock:1991jy 
  1   2  9.7440   10.00    1.7150   5.110e+01  1.820e+00 Rock:1991jy 
  1   2  9.7440   10.00    1.7260   5.190e+01  2.260e+00 Rock:1991jy 
  1   2  9.7440   10.00    1.7380   5.520e+01  2.180e+00 Rock:1991jy 
  1   2  9.7440   10.00    1.7490   5.030e+01  1.860e+00 Rock:1991jy 
  1   2  9.7440   10.00    1.7610   5.680e+01  2.360e+00 Rock:1991jy 
  1   2  9.7440   10.00    1.7720   5.910e+01  1.980e+00 Rock:1991jy 
  1   2  9.7440   10.00    1.7840   5.480e+01  1.900e+00 Rock:1991jy 
  1   2  9.7440   10.00    1.7950   5.910e+01  2.000e+00 Rock:1991jy 
  1   2  9.7440   10.00    1.8070   6.090e+01  2.020e+00 Rock:1991jy 
  1   2  9.7440   10.00    1.8180   5.800e+01  1.980e+00 Rock:1991jy 
  1   2  9.7440   10.00    1.8300   6.100e+01  2.050e+00 Rock:1991jy 
  1   2  9.7440   10.00    1.8410   6.270e+01  2.110e+00 Rock:1991jy 
  1   2  9.7440   10.00    1.8530   6.310e+01  2.530e+00 Rock:1991jy 
  1   2  9.7440   10.00    1.8650   6.770e+01  2.560e+00 Rock:1991jy 
  1   2  9.7440   10.00    1.8770   7.070e+01  2.620e+00 Rock:1991jy 
  1   2  9.7440   10.00    1.8880   7.280e+01  2.700e+00 Rock:1991jy 
  1   2  9.7440   10.00    1.9000   7.300e+01  3.080e+00 Rock:1991jy 
  1   2  9.7440   10.00    1.9110   8.040e+01  3.700e+00 Rock:1991jy 
  1   2  9.7440   10.00    1.9230   8.380e+01  3.220e+00 Rock:1991jy 
  1   2  9.7440   10.00    1.9340   8.420e+01  4.060e+00 Rock:1991jy 
  1   2  9.7440   10.00    1.9460   8.660e+01  4.870e+00 Rock:1991jy 
  1   2  9.7440   10.00    1.9570   8.670e+01  4.330e+00 Rock:1991jy 
  1   2  9.7440   10.00    1.9690   8.700e+01  4.200e+00 Rock:1991jy 
  1   2  9.7440   10.00    1.9800   9.640e+01  4.070e+00 Rock:1991jy 
  1   2  9.7440   10.00    1.9920   8.530e+01  3.840e+00 Rock:1991jy 
  1   2  9.7440   10.00    2.0030   9.750e+01  4.690e+00 Rock:1991jy 
  1   2  9.7440   10.00    2.0140   8.290e+01  4.920e+00 Rock:1991jy 
  1   2  9.7440   10.00    2.0260   8.450e+01  4.010e+00 Rock:1991jy 
  1   2  9.7440   10.00    2.0370   9.340e+01  5.130e+00 Rock:1991jy 
  1   2 12.5650   10.00    1.5730   3.750e-02  8.300e-02 Rock:1991jy 
  1   2 12.5650   10.00    1.5880   1.200e-01  6.890e-02 Rock:1991jy 
  1   2 12.5650   10.00    1.6020   2.060e-02  6.770e-02 Rock:1991jy 
  1   2 12.5650   10.00    1.6170   9.720e-02  6.360e-02 Rock:1991jy 
  1   2 12.5650   10.00    1.6320   6.850e-02  5.460e-02 Rock:1991jy 
  1   2 12.5650   10.00    1.6460   1.080e-01  4.950e-02 Rock:1991jy 
  1   2 12.5650   10.00    1.6610   1.360e-01  4.360e-02 Rock:1991jy 
  1   2 12.5650   10.00    1.6750   2.080e-01  4.460e-02 Rock:1991jy 
  1   2 12.5650   10.00    1.6900   1.600e-01  3.690e-02 Rock:1991jy 
  1   2 12.5650   10.00    1.7050   1.190e-01  3.510e-02 Rock:1991jy 
  1   2 12.5650   10.00    1.7190   1.500e-01  3.320e-02 Rock:1991jy 
  1   2 12.5650   10.00    1.7340   1.690e-01  3.480e-02 Rock:1991jy 
  1   2 12.5650   10.00    1.7480   2.010e-01  3.210e-02 Rock:1991jy 
  1   2 12.5650   10.00    1.7630   2.580e-01  3.570e-02 Rock:1991jy 
  1   2 12.5650   10.00    1.7770   3.600e-01  3.780e-02 Rock:1991jy 
  1   2 12.5650   10.00    1.7920   2.920e-01  3.410e-02 Rock:1991jy 
  1   2 12.5650   10.00    1.8070   3.700e-01  3.620e-02 Rock:1991jy 
  1   2 12.5650   10.00    1.8210   4.570e-01  5.350e-02 Rock:1991jy 
  1   2 12.5650   10.00    1.8360   5.060e-01  5.210e-02 Rock:1991jy 
  1   2 12.5650   10.00    1.8500   5.720e-01  4.460e-02 Rock:1991jy 
  1   2 12.5650   10.00    1.8650   6.900e-01  5.680e-02 Rock:1991jy 
  1   2 12.5650   10.00    1.8800   7.760e-01  6.430e-02 Rock:1991jy 
  1   2 12.5650   10.00    1.8940   9.310e-01  5.850e-02 Rock:1991jy 
  1   2 12.5650   10.00    1.9090   1.200e+00  6.680e-02 Rock:1991jy 
  1   2 12.5650   10.00    1.9230   1.320e+00  9.090e-02 Rock:1991jy 
  1   2 12.5650   10.00    1.9380   1.690e+00  9.400e-02 Rock:1991jy 
  1   2 12.5650   10.00    1.9520   1.920e+00  8.890e-02 Rock:1991jy 
  1   2 12.5650   10.00    1.9680   2.250e+00  1.020e-01 Rock:1991jy 
  1   2 12.5650   10.00    1.9830   2.500e+00  1.100e-01 Rock:1991jy 
  1   2 12.5650   10.00    1.9970   2.930e+00  1.150e-01 Rock:1991jy 
  1   2 12.5650   10.00    2.0120   3.370e+00  1.180e-01 Rock:1991jy 
  1   2 12.5650   10.00    2.0260   3.970e+00  1.790e-01 Rock:1991jy 
  1   2 12.5650   10.00    2.0410   4.590e+00  1.370e-01 Rock:1991jy 
  1   2 12.5650   10.00    2.0560   5.110e+00  1.850e-01 Rock:1991jy 
  1   2 12.5650   10.00    2.0700   5.750e+00  1.520e-01 Rock:1991jy 
  1   2 12.5650   10.00    2.0850   5.960e+00  1.850e-01 Rock:1991jy 
  1   2 12.5650   10.00    2.0990   6.230e+00  1.670e-01 Rock:1991jy 
  1   2 12.5650   10.00    2.1140   6.020e+00  2.360e-01 Rock:1991jy 
  1   2 12.5650   10.00    2.1290   6.310e+00  1.750e-01 Rock:1991jy 
  1   2 12.5650   10.00    2.1430   6.060e+00  1.900e-01 Rock:1991jy 
  1   2 12.5650   10.00    2.1580   5.560e+00  1.550e-01 Rock:1991jy 
  1   2 12.5650   10.00    2.1720   4.990e+00  1.580e-01 Rock:1991jy 
  1   2 12.5650   10.00    2.1870   5.000e+00  1.500e-01 Rock:1991jy 
  1   2 12.5650   10.00    2.2010   4.600e+00  1.470e-01 Rock:1991jy 
  1   2 12.5650   10.00    2.2160   4.690e+00  1.650e-01 Rock:1991jy 
  1   2 12.5650   10.00    2.2310   4.590e+00  1.610e-01 Rock:1991jy 
  1   2 12.5650   10.00    2.2450   4.560e+00  1.730e-01 Rock:1991jy 
  1   2 12.5650   10.00    2.2600   4.540e+00  1.590e-01 Rock:1991jy 
  1   2 12.5650   10.00    2.2740   4.890e+00  1.570e-01 Rock:1991jy 
  1   2 12.5650   10.00    2.2890   4.920e+00  1.510e-01 Rock:1991jy 
  1   2 12.5650   10.00    2.3040   5.490e+00  1.660e-01 Rock:1991jy 
  1   2 12.5650   10.00    2.3180   5.600e+00  1.830e-01 Rock:1991jy 
  1   2 12.5650   10.00    2.3330   6.120e+00  1.680e-01 Rock:1991jy 
  1   2 12.5650   10.00    2.3470   6.570e+00  1.730e-01 Rock:1991jy 
  1   2 12.5650   10.00    2.3620   6.780e+00  1.770e-01 Rock:1991jy 
  1   2 12.5650   10.00    2.3760   6.990e+00  1.940e-01 Rock:1991jy 
  1   2 12.5650   10.00    2.3910   7.350e+00  2.190e-01 Rock:1991jy 
  1   2 12.5650   10.00    2.4060   7.540e+00  2.020e-01 Rock:1991jy 
  1   2 12.5650   10.00    2.4200   8.080e+00  2.170e-01 Rock:1991jy 
  1   2 12.5650   10.00    2.4350   8.340e+00  2.210e-01 Rock:1991jy 
  1   2 12.5650   10.00    2.4490   8.760e+00  2.300e-01 Rock:1991jy 
  1   2 12.5650   10.00    2.4640   8.550e+00  2.440e-01 Rock:1991jy 
  1   2 12.5650   10.00    2.4790   9.440e+00  2.660e-01 Rock:1991jy 
  1   2 12.5650   10.00    2.4930   9.230e+00  3.070e-01 Rock:1991jy 
  1   2 12.5650   10.00    2.5080   1.000e+01  2.760e-01 Rock:1991jy 
  1   2 12.5650   10.00    2.5220   9.810e+00  3.520e-01 Rock:1991jy 
  1   2 12.5650   10.00    2.5370   9.910e+00  2.880e-01 Rock:1991jy 
  1   2 12.5650   10.00    2.5510   1.100e+01  3.200e-01 Rock:1991jy 
  1   2 12.5650   10.00    2.5660   1.090e+01  3.200e-01 Rock:1991jy 
  1   2 12.5650   10.00    2.5810   1.200e+01  3.750e-01 Rock:1991jy 
  1   2 12.5650   10.00    2.5950   1.310e+01  3.690e-01 Rock:1991jy 
  1   2 12.5650   10.00    2.6100   1.290e+01  4.810e-01 Rock:1991jy 
  1   2 12.5650   10.00    2.6250   1.350e+01  4.110e-01 Rock:1991jy 
  1   2 12.5650   10.00    2.6400   1.360e+01  5.020e-01 Rock:1991jy 
  1   2 15.7300   10.00    2.5910   2.650e-02  1.550e-02 Rock:1991jy 
  1   2 15.7300   10.00    2.6090   8.860e-03  9.810e-03 Rock:1991jy 
  1   2 15.7300   10.00    2.6280   1.600e-02  9.280e-03 Rock:1991jy 
  1   2 15.7300   10.00    2.6470   3.470e-02  9.380e-03 Rock:1991jy 
  1   2 15.7300   10.00    2.6650   3.230e-02  8.120e-03 Rock:1991jy 
  1   2 15.7300   10.00    2.6840   2.900e-02  7.080e-03 Rock:1991jy 
  1   2 15.7300   10.00    2.7030   3.750e-02  6.560e-03 Rock:1991jy 
  1   2 15.7300   10.00    2.7210   4.000e-02  6.020e-03 Rock:1991jy 
  1   2 15.7300   10.00    2.7400   3.840e-02  5.870e-03 Rock:1991jy 
  1   2 15.7300   10.00    2.7580   4.020e-02  5.340e-03 Rock:1991jy 
  1   2 15.7300   10.00    2.7770   4.680e-02  6.170e-03 Rock:1991jy 
  1   2 15.7300   10.00    2.7960   5.510e-02  5.450e-03 Rock:1991jy 
  1   2 15.7300   10.00    2.8150   6.120e-02  5.610e-03 Rock:1991jy 
  1   2 15.7300   10.00    2.8340   8.010e-02  6.280e-03 Rock:1991jy 
  1   2 15.7300   10.00    2.8530   8.360e-02  6.450e-03 Rock:1991jy 
  1   2 15.7300   10.00    2.8710   9.530e-02  6.960e-03 Rock:1991jy 
  1   2 15.7300   10.00    2.8900   1.160e-01  7.300e-03 Rock:1991jy 
  1   2 15.7300   10.00    2.9090   1.460e-01  7.670e-03 Rock:1991jy 
  1   2 15.7300   10.00    2.9270   1.490e-01  7.830e-03 Rock:1991jy 
  1   2 15.7300   10.00    2.9460   1.700e-01  7.970e-03 Rock:1991jy 
  1   2 15.7300   10.00    2.9650   2.130e-01  9.020e-03 Rock:1991jy 
  1   2 15.7300   10.00    2.9830   2.420e-01  9.790e-03 Rock:1991jy 
  1   2 15.7300   10.00    3.0020   2.860e-01  9.810e-03 Rock:1991jy 
  1   2 15.7300   10.00    3.0210   3.400e-01  1.210e-02 Rock:1991jy 
  1   2 15.7300   10.00    3.0390   3.790e-01  1.100e-02 Rock:1991jy 
  1   2 15.7300   10.00    3.0580   4.420e-01  1.320e-02 Rock:1991jy 
  1   2 15.7300   10.00    3.0770   5.180e-01  1.290e-02 Rock:1991jy 
  1   2 15.7300   10.00    3.0950   5.990e-01  1.390e-02 Rock:1991jy 
  1   2 15.7300   10.00    3.1140   6.470e-01  1.480e-02 Rock:1991jy 
  1   2 15.7300   10.00    3.1330   7.200e-01  1.510e-02 Rock:1991jy 
  1   2 15.7300   10.00    3.1510   7.980e-01  1.880e-02 Rock:1991jy 
  1   2 15.7300   10.00    3.1700   8.560e-01  1.750e-02 Rock:1991jy 
  1   2 15.7300   10.00    3.1890   9.070e-01  1.760e-02 Rock:1991jy 
  1   2 15.7300   10.00    3.2070   9.540e-01  2.050e-02 Rock:1991jy 
  1   2 15.7300   10.00    3.2260   8.880e-01  1.770e-02 Rock:1991jy 
  1   2 15.7300   10.00    3.2450   9.250e-01  1.970e-02 Rock:1991jy 
  1   2 15.7300   10.00    3.2630   8.910e-01  2.180e-02 Rock:1991jy 
  1   2 15.7300   10.00    3.2820   9.220e-01  1.840e-02 Rock:1991jy 
  1   2 15.7300   10.00    3.3010   8.720e-01  1.950e-02 Rock:1991jy 
  1   2 15.7300   10.00    3.3190   9.200e-01  1.900e-02 Rock:1991jy 
  1   2 15.7300   10.00    3.3380   9.460e-01  1.990e-02 Rock:1991jy 
  1   2 15.7300   10.00    3.3570   1.000e+00  2.360e-02 Rock:1991jy 
  1   2 15.7300   10.00    3.3750   1.060e+00  2.220e-02 Rock:1991jy 
  1   2 15.7300   10.00    3.3940   1.120e+00  2.270e-02 Rock:1991jy 
  1   2 15.7300   10.00    3.4120   1.180e+00  2.620e-02 Rock:1991jy 
  1   2 15.7300   10.00    3.4310   1.260e+00  2.820e-02 Rock:1991jy 
  1   2 15.7300   10.00    3.4500   1.290e+00  2.810e-02 Rock:1991jy 
  1   2 15.7300   10.00    3.4680   1.370e+00  2.690e-02 Rock:1991jy 
  1   2 15.7300   10.00    3.4880   1.450e+00  2.800e-02 Rock:1991jy 
  1   2 15.7300   10.00    3.5070   1.570e+00  3.110e-02 Rock:1991jy 
  1   2 15.7300   10.00    3.5250   1.620e+00  3.390e-02 Rock:1991jy 
  1   2 15.7300   10.00    3.5440   1.730e+00  3.590e-02 Rock:1991jy 
  1   2 15.7300   10.00    3.5630   1.880e+00  3.640e-02 Rock:1991jy 
  1   2 15.7300   10.00    3.5810   1.950e+00  3.810e-02 Rock:1991jy 
  1   2 15.7300   10.00    3.6000   2.070e+00  4.870e-02 Rock:1991jy 
  1   2 15.7300   10.00    3.6190   2.210e+00  5.010e-02 Rock:1991jy 
  1   2 15.7300   10.00    3.6370   2.310e+00  4.660e-02 Rock:1991jy 
  1   2 15.7300   10.00    3.6560   2.560e+00  5.070e-02 Rock:1991jy 
  1   2 15.7300   10.00    3.6750   2.540e+00  6.150e-02 Rock:1991jy 
  1   2 15.7300   10.00    3.6930   2.690e+00  6.370e-02 Rock:1991jy 
  1   2 15.7300   10.00    3.7120   2.850e+00  8.680e-02 Rock:1991jy 
  1   2 15.7300   10.00    3.7310   2.810e+00  6.880e-02 Rock:1991jy 
  1   2 15.7300   10.00    3.7490   3.170e+00  9.290e-02 Rock:1991jy 
  1   2 15.7300   10.00    3.7680   3.330e+00  1.140e-01 Rock:1991jy 
  1   2 17.3010   10.00    2.3110   1.670e-05  1.370e-05 Rock:1991jy 
  1   2 17.3010   10.00    2.3580   3.530e-05  2.060e-05 Rock:1991jy 
  1   2 17.3010   10.00    2.4040   4.120e-05  2.060e-05 Rock:1991jy 
  1   2 17.3010   10.00    2.4510   1.370e-04  2.940e-05 Rock:1991jy 
  1   2 17.3010   10.00    2.4980   4.900e-05  2.650e-05 Rock:1991jy 
  1   2 17.3010   10.00    2.5450   9.610e-05  3.530e-05 Rock:1991jy 
  1   2 17.3010   10.00    2.5910   2.650e-04  5.890e-05 Rock:1991jy 
  1   2 17.3010   10.00    2.6380   4.410e-04  8.830e-05 Rock:1991jy 
  1   2 17.3010   10.00    2.6850   6.970e-04  1.180e-04 Rock:1991jy 
  1   2 17.3010   10.00    2.9600   3.650e-03  2.980e-03 Rock:1991jy 
  1   2 17.3010   10.00    2.9820   2.720e-03  3.980e-03 Rock:1991jy 
  1   2 17.3010   10.00    3.0050   4.320e-03  3.630e-03 Rock:1991jy 
  1   2 17.3010   10.00    3.0270   4.420e-03  3.590e-03 Rock:1991jy 
  1   2 17.3010   10.00    3.0500   6.450e-03  3.700e-03 Rock:1991jy 
  1   2 17.3010   10.00    3.0720   9.020e-03  4.090e-03 Rock:1991jy 
  1   2 17.3010   10.00    3.0950   3.620e-03  4.020e-03 Rock:1991jy 
  1   2 17.3010   10.00    3.1170   5.960e-03  4.200e-03 Rock:1991jy 
  1   2 17.3010   10.00    3.1390   6.970e-03  4.420e-03 Rock:1991jy 
  1   2 17.3010   10.00    3.1620   1.230e-02  4.750e-03 Rock:1991jy 
  1   2 17.3010   10.00    3.1840   9.630e-03  4.900e-03 Rock:1991jy 
  1   2 17.3010   10.00    3.2070   4.230e-03  5.170e-03 Rock:1991jy 
  1   2 17.3010   10.00    3.2290   2.340e-02  6.140e-03 Rock:1991jy 
  1   2 17.3010   10.00    3.2520   1.860e-02  7.380e-03 Rock:1991jy 
  1   2 17.3010   10.00    3.2740   1.110e-02  7.610e-03 Rock:1991jy 
  1   2 17.3010   10.00    3.2970   1.340e-02  8.690e-03 Rock:1991jy 
  1   2 17.3010   10.00    3.3190   1.850e-02  1.090e-02 Rock:1991jy 
  1   2 17.3010   10.00    3.3410   3.510e-02  1.180e-02 Rock:1991jy 
  1   2 17.3010   10.00    3.3640   3.560e-02  1.710e-02 Rock:1991jy 
  1   2 17.3010   10.00    3.3860   3.680e-02  1.720e-02 Rock:1991jy 
  1   2 17.3010   10.00    3.4090   2.340e-02  1.430e-02 Rock:1991jy 
  1   2 17.3010   10.00    3.4310   3.330e-02  1.680e-02 Rock:1991jy 
  1   2 17.3010   10.00    3.4540   4.930e-02  1.860e-02 Rock:1991jy 
  1   2 17.3010   10.00    3.4760   4.770e-02  2.030e-02 Rock:1991jy 
  1   2 17.3010   10.00    3.4980   6.830e-02  2.290e-02 Rock:1991jy 
  1   2 17.3010   10.00    3.5210   4.180e-02  2.320e-02 Rock:1991jy 
  1   2 17.3010   10.00    3.5440   9.540e-02  2.600e-02 Rock:1991jy 
  1   2 17.3010   10.00    3.5670   1.010e-01  2.840e-02 Rock:1991jy 
  1   2 17.3010   10.00    3.5890   1.290e-01  3.080e-02 Rock:1991jy 
  1   2 17.3010   10.00    3.6120   1.810e-01  3.220e-02 Rock:1991jy 
  1   2 17.3010   10.00    3.6340   2.000e-01  3.570e-02 Rock:1991jy 
  1   2 17.3010   10.00    3.6570   2.600e-01  3.890e-02 Rock:1991jy 
  1   2 17.3010   10.00    3.6790   2.600e-01  4.090e-02 Rock:1991jy 
  1   2 17.3010   10.00    3.7010   2.740e-01  4.230e-02 Rock:1991jy 
  1   2 17.3010   10.00    3.7240   3.360e-01  4.330e-02 Rock:1991jy 
  1   2 17.3010   10.00    3.7460   3.220e-01  4.670e-02 Rock:1991jy 
  1   2 17.3010   10.00    3.7690   3.750e-01  4.790e-02 Rock:1991jy 
  1   2 17.3010   10.00    3.7910   3.970e-01  4.670e-02 Rock:1991jy 
  1   2 17.3010   10.00    3.8140   4.140e-01  5.010e-02 Rock:1991jy 
  1   2 17.3010   10.00    3.8360   4.250e-01  4.970e-02 Rock:1991jy 
  1   2 17.3010   10.00    3.8590   2.380e-01  4.720e-02 Rock:1991jy 
  1   2 17.3010   10.00    3.8810   3.660e-01  5.170e-02 Rock:1991jy 
  1   2 17.3010   10.00    3.9030   3.820e-01  5.330e-02 Rock:1991jy 
  1   2 17.3010   10.00    3.9260   4.600e-01  5.850e-02 Rock:1991jy 
  1   2 17.3010   10.00    3.9480   5.040e-01  6.020e-02 Rock:1991jy 
  1   2 17.3010   10.00    3.9710   5.810e-01  6.300e-02 Rock:1991jy 
  1   2 17.3010   10.00    3.9930   5.490e-01  6.970e-02 Rock:1991jy 
  1   2 17.3010   10.00    4.0160   6.240e-01  7.060e-02 Rock:1991jy 
  1   2 17.3010   10.00    4.0380   7.290e-01  7.820e-02 Rock:1991jy 
  1   2 17.3010   10.00    4.0600   6.710e-01  8.030e-02 Rock:1991jy 
  1   2 17.3010   10.00    4.0830   7.030e-01  8.380e-02 Rock:1991jy 
  1   2 17.3010   10.00    4.1050   8.820e-01  9.040e-02 Rock:1991jy 
  1   2 17.3010   10.00    4.1280   1.070e+00  9.790e-02 Rock:1991jy 
  1   2 17.3010   10.00    4.1500   1.070e+00  1.020e-01 Rock:1991jy 
  1   2 17.3010   10.00    4.1730   9.260e-01  9.470e-02 Rock:1991jy 
  1   2 17.3010   10.00    4.1950   1.060e+00  1.010e-01 Rock:1991jy 
  1   2 17.3010   10.00    4.2180   1.280e+00  1.070e-01 Rock:1991jy 
  1   2 17.3010   10.00    4.2400   1.290e+00  1.110e-01 Rock:1991jy 
  1   2 17.3010   10.00    4.2630   1.130e+00  1.060e-01 Rock:1991jy 
  1   2 17.3010   10.00    4.2860   1.290e+00  1.120e-01 Rock:1991jy 
  1   2 17.3010   10.00    4.3080   1.310e+00  1.110e-01 Rock:1991jy 
  1   2 17.3010   10.00    4.3310   1.360e+00  1.080e-01 Rock:1991jy 
  1   2 18.4760   10.00    3.5960   5.960e-03  5.550e-03 Rock:1991jy 
  1   2 18.4760   10.00    3.6190   6.600e-03  4.620e-03 Rock:1991jy 
  1   2 18.4760   10.00    3.6410   8.480e-03  4.220e-03 Rock:1991jy 
  1   2 18.4760   10.00    3.6630   7.840e-03  3.960e-03 Rock:1991jy 
  1   2 18.4760   10.00    3.6850   1.260e-02  3.620e-03 Rock:1991jy 
  1   2 18.4760   10.00    3.7080   6.450e-03  3.780e-03 Rock:1991jy 
  1   2 18.4760   10.00    3.7300   1.160e-02  3.710e-03 Rock:1991jy 
  1   2 18.4760   10.00    3.7520   9.650e-03  3.010e-03 Rock:1991jy 
  1   2 18.4760   10.00    3.7740   1.820e-02  3.130e-03 Rock:1991jy 
  1   2 18.4760   10.00    3.7960   1.650e-02  2.590e-03 Rock:1991jy 
  1   2 18.4760   10.00    3.8180   1.930e-02  2.570e-03 Rock:1991jy 
  1   2 18.4760   10.00    3.8400   2.650e-02  3.080e-03 Rock:1991jy 
  1   2 18.4760   10.00    3.8620   2.580e-02  3.150e-03 Rock:1991jy 
  1   2 18.4760   10.00    3.8840   2.990e-02  2.810e-03 Rock:1991jy 
  1   2 18.4760   10.00    3.9070   3.640e-02  3.050e-03 Rock:1991jy 
  1   2 18.4760   10.00    3.9290   3.680e-02  3.080e-03 Rock:1991jy 
  1   2 18.4760   10.00    3.9510   5.020e-02  3.850e-03 Rock:1991jy 
  1   2 18.4760   10.00    3.9730   5.620e-02  3.500e-03 Rock:1991jy 
  1   2 18.4760   10.00    3.9950   6.130e-02  3.860e-03 Rock:1991jy 
  1   2 18.4760   10.00    4.0170   7.620e-02  3.820e-03 Rock:1991jy 
  1   2 18.4760   10.00    4.0390   8.410e-02  3.950e-03 Rock:1991jy 
  1   2 18.4760   10.00    4.0610   9.810e-02  4.170e-03 Rock:1991jy 
  1   2 18.4760   10.00    4.0830   1.070e-01  4.340e-03 Rock:1991jy 
  1   2 18.4760   10.00    4.1060   1.160e-01  4.450e-03 Rock:1991jy 
  1   2 18.4760   10.00    4.1280   1.370e-01  4.900e-03 Rock:1991jy 
  1   2 18.4760   10.00    4.1500   1.560e-01  5.120e-03 Rock:1991jy 
  1   2 18.4760   10.00    4.1720   1.810e-01  6.210e-03 Rock:1991jy 
  1   2 18.4760   10.00    4.1940   1.940e-01  6.470e-03 Rock:1991jy 
  1   2 18.4760   10.00    4.2160   2.160e-01  6.740e-03 Rock:1991jy 
  1   2 18.4760   10.00    4.2380   2.130e-01  6.080e-03 Rock:1991jy 
  1   2 18.4760   10.00    4.2600   2.240e-01  6.170e-03 Rock:1991jy 
  1   2 18.4760   10.00    4.2820   2.310e-01  6.400e-03 Rock:1991jy 
  1   2 18.4760   10.00    4.3050   2.530e-01  8.470e-03 Rock:1991jy 
  1   2 18.4760   10.00    4.3280   2.530e-01  7.330e-03 Rock:1991jy 
  1   2 18.4760   10.00    4.3500   2.630e-01  7.730e-03 Rock:1991jy 
  1   2 18.4760   10.00    4.3720   2.650e-01  8.170e-03 Rock:1991jy 
  1   2 18.4760   10.00    4.3940   2.870e-01  8.000e-03 Rock:1991jy 
  1   2 18.4760   10.00    4.4160   3.000e-01  8.740e-03 Rock:1991jy 
  1   2 18.4760   10.00    4.4380   3.040e-01  8.890e-03 Rock:1991jy 
  1   2 18.4760   10.00    4.4600   3.740e-01  1.010e-02 Rock:1991jy 
  1   2 18.4760   10.00    4.4820   3.810e-01  1.380e-02 Rock:1991jy 
  1   2 18.4760   10.00    4.5050   4.050e-01  1.160e-02 Rock:1991jy 
  1   2 18.4760   10.00    4.5270   4.260e-01  1.350e-02 Rock:1991jy 
  1   2 18.4760   10.00    4.5490   4.420e-01  1.320e-02 Rock:1991jy 
  1   2 18.4760   10.00    4.5710   4.660e-01  1.340e-02 Rock:1991jy 
  1   2 18.4760   10.00    4.5930   4.820e-01  1.560e-02 Rock:1991jy 
  1   2 18.4760   10.00    4.6150   5.610e-01  2.030e-02 Rock:1991jy 
  1   2 18.4760   10.00    4.6370   5.970e-01  1.850e-02 Rock:1991jy 
  1   2 18.4760   10.00    4.6590   6.480e-01  1.980e-02 Rock:1991jy 
  1   2 18.4760   10.00    4.6820   6.890e-01  2.130e-02 Rock:1991jy 
  1   2 18.4760   10.00    4.7040   7.320e-01  2.840e-02 Rock:1991jy 
  1   2 18.4760   10.00    4.7260   8.010e-01  2.970e-02 Rock:1991jy 
  1   2 18.4760   10.00    4.7480   8.530e-01  3.340e-02 Rock:1991jy 
  1   2 20.9990   10.00    4.6080   8.650e-04  1.420e-03 Rock:1991jy 
  1   2 20.9990   10.00    4.6330   2.390e-03  1.710e-03 Rock:1991jy 
  1   2 20.9990   10.00    4.6580   2.910e-03  1.770e-03 Rock:1991jy 
  1   2 20.9990   10.00    4.6830   3.620e-03  1.650e-03 Rock:1991jy 
  1   2 20.9990   10.00    4.7080   4.530e-03  2.670e-03 Rock:1991jy 
  1   2 20.9990   10.00    4.7330   4.010e-03  2.290e-03 Rock:1991jy 
  1   2 20.9990   10.00    4.7580   8.040e-03  1.910e-03 Rock:1991jy 
  1   2 20.9990   10.00    4.7830   9.380e-03  1.590e-03 Rock:1991jy 
  1   2 20.9990   10.00    4.8080   8.510e-03  1.690e-03 Rock:1991jy 
  1   2 20.9990   10.00    4.8330   6.020e-03  1.210e-03 Rock:1991jy 
  1   2 20.9990   10.00    4.8580   9.060e-03  1.350e-03 Rock:1991jy 
  1   2 20.9990   10.00    4.8830   1.010e-02  1.100e-03 Rock:1991jy 
  1   2 20.9990   10.00    4.9080   1.070e-02  1.060e-03 Rock:1991jy 
  1   2 20.9990   10.00    4.9330   1.320e-02  1.180e-03 Rock:1991jy 
  1   2 20.9990   10.00    4.9580   1.320e-02  1.450e-03 Rock:1991jy 
  1   2 20.9990   10.00    4.9830   1.770e-02  1.390e-03 Rock:1991jy 
  1   2 20.9990   10.00    5.0080   1.820e-02  1.420e-03 Rock:1991jy 
  1   2 20.9990   10.00    5.0330   1.860e-02  1.300e-03 Rock:1991jy 
  1   2 20.9990   10.00    5.0580   2.560e-02  1.700e-03 Rock:1991jy 
  1   2 20.9990   10.00    5.0830   2.720e-02  1.810e-03 Rock:1991jy 
  1   2 20.9990   10.00    5.1090   2.840e-02  1.580e-03 Rock:1991jy 
  1   2 20.9990   10.00    5.1340   3.250e-02  1.500e-03 Rock:1991jy 
  1   2 20.9990   10.00    5.1590   4.030e-02  1.670e-03 Rock:1991jy 
  1   2 20.9990   10.00    5.1840   4.740e-02  1.890e-03 Rock:1991jy 
  1   2 20.9990   10.00    5.2090   4.850e-02  1.970e-03 Rock:1991jy 
  1   2 20.9990   10.00    5.2350   5.470e-02  2.020e-03 Rock:1991jy 
  1   2 20.9990   10.00    5.2600   6.420e-02  2.070e-03 Rock:1991jy 
  1   2 20.9990   10.00    5.2850   6.970e-02  3.000e-03 Rock:1991jy 
  1   2 20.9990   10.00    5.3100   7.420e-02  2.270e-03 Rock:1991jy 
  1   2 20.9990   10.00    5.3350   8.320e-02  2.580e-03 Rock:1991jy 
  1   2 20.9990   10.00    5.3600   7.920e-02  2.340e-03 Rock:1991jy 
  1   2 20.9990   10.00    5.3850   8.840e-02  2.550e-03 Rock:1991jy 
  1   2 20.9990   10.00    5.4100   9.530e-02  2.930e-03 Rock:1991jy 
  1   2 20.9990   10.00    5.4350   9.910e-02  2.820e-03 Rock:1991jy 
  1   2 20.9990   10.00    5.4600   1.080e-01  3.050e-03 Rock:1991jy 
  1   2 20.9990   10.00    5.4850   1.180e-01  3.600e-03 Rock:1991jy 
  1   2 20.9990   10.00    5.5100   1.190e-01  3.330e-03 Rock:1991jy 
  1   2 20.9990   10.00    5.5350   1.240e-01  4.240e-03 Rock:1991jy 
  1   2 20.9990   10.00    5.5600   1.460e-01  4.290e-03 Rock:1991jy 
  1   2 20.9990   10.00    5.5850   1.540e-01  4.300e-03 Rock:1991jy 
  1   2 20.9990   10.00    5.6100   1.660e-01  5.020e-03 Rock:1991jy 
  1   2 20.9990   10.00    5.6350   1.800e-01  4.880e-03 Rock:1991jy 
  1   2 20.9990   10.00    5.6600   2.000e-01  5.370e-03 Rock:1991jy 
  1   2 20.9990   10.00    5.6850   2.030e-01  6.440e-03 Rock:1991jy 
  1   2 20.9990   10.00    5.7100   2.220e-01  6.300e-03 Rock:1991jy 
  1   2 20.9990   10.00    5.7350   2.610e-01  7.630e-03 Rock:1991jy 
  1   2 20.9990   10.00    5.7600   2.800e-01  1.010e-02 Rock:1991jy 
  1   2 20.9990   10.00    5.7850   3.120e-01  8.470e-03 Rock:1991jy 
  1   2 20.9990   10.00    5.8100   2.930e-01  8.640e-03 Rock:1991jy 
  1   2 20.9990   10.00    5.8350   3.280e-01  1.000e-02 Rock:1991jy 
  1   2 20.9990   10.00    5.8600   3.380e-01  1.380e-02 Rock:1991jy 
  1   2 20.9990   10.00    5.8850   3.540e-01  1.480e-02 Rock:1991jy 
