      x          Q**2         F2(P)-F2(N)         errors
               (GeV**2)                      stat.      sys.

    0.07         13.0            0.0481      0.0086     0.0187  
    0.10         18.0            0.0698      0.0046     0.0177
    0.14         22.0            0.0839      0.0040     0.0171
    0.18         28.0            0.0965      0.0033     0.0152
    0.225        34.0            0.1047      0.0028     0.0135
    0.275        39.0            0.1029      0.0025     0.0116
    0.35         44.0            0.0923      0.0016     0.0090
    0.45         49.0            0.0668      0.0014     0.0057
    0.55         53.0            0.0451      0.0010     0.0032
    0.65         54.0            0.0234      0.0006     0.0023 
    0.75         63.0            0.0074      0.0004     0.0014 
