 0.031 1.27 0.064 0.034 0.009 0.041 0.040 0.008 0.021 0.095 0.019 
 0.035 1.40 0.123 0.025 0.008 0.008 0.029 0.007 -0.115 0.069 0.017 
 0.039 1.52 0.083 0.023 0.008 0.062 0.026 0.007 0.049 0.063 0.016 
 0.044 1.65 0.110 0.021 0.008 -0.013 0.025 0.006 -0.150 0.060 0.014 
 0.049 1.78 0.124 0.020 0.008 -0.014 0.024 0.005 -0.169 0.058 0.013 
 0.056 1.91 0.130 0.019 0.008 0.017 0.023 0.005 -0.105 0.057 0.012 
 0.063 2.04 0.125 0.018 0.008 0.013 0.022 0.004 -0.121 0.056 0.012 
 0.071 2.19 0.153 0.018 0.008 0.029 0.022 0.004 -0.108 0.056 0.011 
 0.079 2.41 0.179 0.018 0.009 0.024 0.022 0.004 -0.163 0.057 0.012 
 0.090 2.55 0.169 0.016 0.011 0.084 0.021 0.004 0.012 0.055 0.013 
 0.101 2.85 0.215 0.016 0.010 0.063 0.022 0.004 -0.110 0.056 0.013 
 0.113 3.13 0.217 0.016 0.011 0.057 0.022 0.005 -0.135 0.058 0.014 
 0.128 3.41 0.232 0.017 0.011 0.128 0.023 0.005 0.025 0.061 0.015 
 0.144 3.71 0.235 0.018 0.012 0.146 0.024 0.005 0.068 0.064 0.016 
 0.162 4.03 0.276 0.019 0.012 0.090 0.025 0.006 -0.139 0.068 0.017 
 0.182 4.34 0.296 0.020 0.013 0.200 0.027 0.007 0.102 0.074 0.019 
 0.205 4.15 0.319 0.020 0.014 0.109 0.027 0.009 -0.165 0.075 0.023 
 0.230 4.37 0.322 0.021 0.015 0.130 0.029 0.011 -0.103 0.083 0.026 
 0.259 5.26 0.434 0.026 0.015 0.103 0.036 0.011 -0.369 0.104 0.026 
 0.292 5.53 0.405 0.029 0.016 0.227 0.041 0.012 0.029 0.121 0.029 
 0.329 6.01 0.427 0.035 0.020 0.284 0.048 0.014 0.130 0.147 0.034 
 0.370 6.29 0.451 0.040 0.022 0.300 0.056 0.015 0.139 0.178 0.038 
 0.416 6.56 0.592 0.047 0.021 0.232 0.067 0.017 -0.371 0.221 0.039 
 0.468 6.79 0.608 0.056 0.024 0.319 0.083 0.018 -0.126 0.282 0.042 
 0.526 7.72 0.671 0.083 0.024 0.455 0.113 0.019 0.141 0.411 0.045 
 0.592 7.97 0.600 0.107 0.025 0.322 0.148 0.019 -0.191 0.557 0.045 
 0.666 9.26 0.478 0.165 0.026 0.251 0.226 0.019 -0.192 0.876 0.046 
 0.749 9.52 0.744 0.237 0.031 0.646 0.331 0.033 0.569 1.233 0.073 
