 1.5 .00003 .969 .176 .187 .71
 1.5 .00025 .540 .055 .104 .75
 1.5 .00063 .458 .050 .101 .74
 1.5 .00158 .365 .045 .095 .70
 1.5 .00398 .381 .070 .087 .63
 2.0 .00005 1.037 .077 .110 .65
 2.5 .00008 .885 .052 .065 .80
 2.5 .00013 .874 .079 .127 .80
 2.5 .00025 .622 .037 .119 .80
 2.5 .00063 .621 .039 .093 .79
 2.5 .00158 .466 .033 .072 .75
 2.5 .00398 .402 .039 .062 .65
 3.5 .00008 1.036 .053 .092 .64
 3.5 .00013 1.026 .045 .067 .64
 3.5 .00020 .934 .041 .075 .64
 3.5 .00032 .854 .046 .093 .64
 3.5 .00050 .716 .041 .119 .64
 3.5 .00080 .712 .049 .126 .63
 3.5 .00130 .778 .058 .137 .61
 3.5 .00250 .621 .043 .157 .59
 3.5 .00398 .458 .046 .075 .54
 5.0 .00013 1.106 .049 .074 .54
 5.0 .00020 1.033 .044 .069 .54
 5.0 .00032 .907 .039 .066 .54
 5.0 .00050 .839 .039 .076 .53
 5.0 .00080 .769 .037 .063 .53
 5.0 .00130 .630 .034 .050 .51
 5.0 .00200 .540 .033 .043 .50
 5.0 .00400 .500 .029 .086 .46
 6.5 .00013 1.292 .085 .127 .49
 6.5 .00020 1.101 .052 .072 .48
 6.5 .00032 .963 .045 .068 .48
 6.5 .00050 .926 .044 .088 .48
 6.5 .00080 .848 .038 .076 .47
 6.5 .00130 .759 .039 .068 .46
 6.5 .00250 .667 .029 .054 .43
 6.5 .00630 .504 .029 .084 .37
 8.5 .00020 1.215 .050 .062 .44
 8.5 .00032 1.089 .038 .048 .44
 8.5 .00050 1.033 .034 .062 .43
 8.5 .00080 .923 .031 .038 .43
 8.5 .00130 .811 .030 .047 .42
 8.5 .00200 .770 .034 .049 .40
 8.5 .00320 .562 .028 .043 .38
 8.5 .00500 .648 .033 .051 .36
 8.5 .00800 .564 .032 .049 .33
 12.0 .00032 1.276 .020 .055 .39
 12.0 .00050 1.168 .016 .056 .39
 12.0 .00080 1.067 .015 .061 .38
 12.0 .00130 .942 .015 .039 .37
 12.0 .00200 .866 .016 .057 .36
 12.0 .00320 .749 .016 .055 .34
 12.0 .00500 .685 .016 .061 .32
 12.0 .00800 .618 .016 .057 .30
 12.0 .01300 .531 .017 .049 .26
 15.0 .00032 1.426 .030 .064 .37
 15.0 .00050 1.280 .020 .050 .36
 15.0 .00080 1.110 .018 .057 .35
 15.0 .00130 1.008 .016 .033 .35
 15.0 .00200 .895 .015 .046 .34
 15.0 .00320 .773 .014 .036 .32
 15.0 .00500 .677 .014 .035 .30
 15.0 .00800 .634 .014 .031 .28
 15.0 .01300 .547 .013 .027 .24
 20.0 .00050 1.407 .026 .054 .34
 20.0 .00080 1.210 .022 .050 .33
 20.0 .00130 1.061 .020 .055 .33
 20.0 .00200 .945 .018 .042 .32
 20.0 .00320 .861 .017 .038 .31
 20.0 .00500 .761 .017 .028 .30
 20.0 .00800 .693 .016 .035 .28
 20.0 .01300 .567 .015 .024 .26
 20.0 .02000 .487 .015 .025 .22
 25.0 .00050 1.546 .047 .058 .40
 25.0 .00080 1.330 .028 .051 .39
 25.0 .00130 1.151 .024 .047 .38
 25.0 .00200 1.019 .022 .035 .37
 25.0 .00320 .872 .020 .034 .35
 25.0 .00500 .768 .019 .034 .33
 25.0 .00800 .683 .018 .031 .30
 25.0 .01300 .585 .017 .028 .26
 25.0 .02000 .548 .017 .037 .22
 35.0 .00080 1.442 .038 .051 .36
 35.0 .00130 1.308 .032 .052 .35
 35.0 .00200 1.116 .027 .052 .33
 35.0 .00320 .928 .024 .038 .32
 35.0 .00500 .832 .023 .040 .30
 35.0 .00800 .739 .022 .035 .27
 35.0 .01300 .600 .019 .025 .24
 35.0 .02000 .508 .019 .019 .20
 35.0 .03200 .452 .019 .026 .16
 45.0 .00130 1.305 .038 .048 .32
 45.0 .00200 1.225 .034 .049 .31
 45.0 .00320 1.105 .032 .058 .30
 45.0 .00500 .912 .028 .033 .28
 45.0 .00800 .743 .025 .029 .26
 45.0 .01300 .686 .024 .031 .22
 45.0 .02000 .599 .022 .027 .19
 45.0 .03200 .505 .021 .023 .15
 45.0 .05000 .411 .022 .028 .12
 60.0 .00200 1.213 .042 .048 .29
 60.0 .00320 1.079 .037 .045 .28
 60.0 .00500 .937 .033 .043 .26
 60.0 .00800 .830 .031 .046 .24
 60.0 .01300 .701 .028 .029 .21
 60.0 .02000 .639 .027 .025 .18
 60.0 .03200 .586 .026 .028 .14
 60.0 .05000 .492 .025 .023 .11
 60.0 .08000 .432 .027 .023 .08
 90.0 .00320 1.103 .052 .048 .26
 90.0 .00500 .997 .045 .047 .24
 90.0 .00800 .908 .041 .056 .22
 90.0 .01300 .726 .035 .040 .19
 90.0 .02000 .650 .033 .031 .17
 90.0 .03200 .587 .030 .034 .13
 90.0 .05000 .481 .027 .019 .10
 120.0 .00500 1.018 .094 .076 .23
 120.0 .00800 .914 .068 .056 .21
 120.0 .01300 .755 .063 .111 .18
 120.0 .02000 .570 .049 .057 .16
 120.0 .03200 .582 .048 .060 .13
 120.0 .05000 .402 .035 .045 .10
 120.0 .08000 .330 .032 .034 .07
 150.0 .00320 1.292 .069 .067 .23
 150.0 .00500 1.067 .065 .057 .22
 150.0 .00800 .928 .061 .060 .20
 150.0 .01300 .716 .064 .079 .17
 150.0 .02000 .566 .069 .114 .15
 150.0 .03200 .598 .085 .103 .12
 150.0 .05000 .424 .071 .065 .09
 200.0 .00500 1.065 .059 .053 .21
 200.0 .00800 .853 .051 .038 .19
 200.0 .01300 .787 .052 .071 .17
 200.0 .02000 .585 .041 .023 .14
 200.0 .03200 .490 .038 .026 .11
 200.0 .05000 .460 .039 .029 .09
 200.0 .08000 .372 .032 .039 .06
 200.0 .13000 .350 .037 .032 .04
 200.0 .20000 .301 .045 .036 .03
 250.0 .00500 1.185 .106 .060 .20
 250.0 .00800 1.000 .062 .054 .18
 250.0 .01300 .826 .055 .047 .16
 250.0 .02000 .730 .051 .072 .14
 250.0 .03200 .590 .044 .067 .11
 250.0 .05000 .584 .043 .060 .09
 250.0 .08000 .408 .033 .037 .06
 250.0 .13000 .312 .029 .051 .04
 250.0 .20000 .231 .031 .056 .03
 350.0 .00800 .997 .082 .049 .17
 350.0 .01300 .825 .066 .043 .15
 350.0 .02000 .581 .052 .042 .13
 350.0 .03200 .608 .054 .056 .10
 350.0 .05000 .570 .052 .061 .08
 350.0 .08000 .447 .043 .038 .06
 350.0 .13000 .356 .036 .057 .04
 350.0 .20000 .256 .036 .055 .03
 350.0 .32000 .280 .051 .061 .02
 500.0 .01300 .904 .083 .050 .14
 500.0 .02000 .725 .065 .046 .12
 500.0 .03200 .546 .059 .034 .10
 500.0 .05000 .433 .051 .035 .08
 500.0 .08000 .397 .047 .032 .06
 500.0 .13000 .276 .036 .030 .04
 500.0 .20000 .228 .035 .027 .03
 650.0 .01300 .881 .120 .076 .14
 650.0 .02000 .727 .081 .061 .12
 650.0 .03200 .545 .068 .047 .09
 650.0 .05000 .483 .062 .045 .07
 650.0 .08000 .422 .059 .031 .05
 650.0 .13000 .369 .050 .030 .04
 650.0 .20000 .262 .044 .042 .03
 650.0 .32000 .222 .055 .074 .02
 800.0 .02000 .686 .098 .083 .11
 800.0 .03200 .676 .085 .082 .09
 800.0 .05000 .533 .075 .067 .07
 800.0 .08000 .428 .075 .057 .05
 800.0 .13000 .490 .075 .066 .04
 800.0 .20000 .312 .057 .073 .03
 800.0 .32000 .258 .065 .090 .02
 1200.0 .03200 .668 .109 .091 .09
 1200.0 .05000 .412 .078 .064 .07
 1200.0 .08000 .502 .089 .069 .05
 1200.0 .13000 .436 .084 .066 .03
 1200.0 .20000 .260 .057 .048 .02
 1200.0 .32000 .201 .056 .064 .01
 2000.0 .05000 .634 .087 .046 .06
 2000.0 .08000 .395 .060 .035 .05
 2000.0 .13000 .237 .048 .026 .03
 2000.0 .20000 .199 .041 .017 .02
 2000.0 .32000 .193 .043 .045 .01
 5000.0 .13000 .453 .121 .056 .03
 5000.0 .20000 .229 .087 .030 .02
 5000.0 .32000 .283 .085 .064 .01
