  2   4   0.150  60.000  0.0200  2.640e+04  8.069e+02 Zghiche:1993xg 
  2   4   0.150  60.000  0.0250  3.297e+04  7.522e+02 Zghiche:1993xg 
  2   4   0.150  60.000  0.0300  4.969e+04  7.843e+02 Zghiche:1993xg 
  2   4   0.150  60.000  0.0350  4.832e+04  7.658e+02 Zghiche:1993xg 
  2   4   0.150  60.000  0.0400  4.082e+04  7.278e+02 Zghiche:1993xg 
  2   4   0.150  75.000  0.0250  1.096e+04  2.652e+02 Zghiche:1993xg 
  2   4   0.150  75.000  0.0300  2.212e+04  3.046e+02 Zghiche:1993xg 
  2   4   0.150  75.000  0.0350  2.402e+04  3.113e+02 Zghiche:1993xg 
  2   4   0.150  75.000  0.0400  2.128e+04  3.014e+02 Zghiche:1993xg 
  2   4   0.150  75.000  0.0450  1.710e+04  2.319e+02 Zghiche:1993xg 
  2   4   0.150  75.000  0.0500  1.301e+04  2.075e+02 Zghiche:1993xg 
  2   4   0.150  75.000  0.0550  1.056e+04  1.973e+02 Zghiche:1993xg 
  2   4   0.150  75.000  0.0600  8.241e+03  1.872e+02 Zghiche:1993xg 
  2   4   0.150  75.000  0.0650  6.395e+03  1.793e+02 Zghiche:1993xg 
  2   4   0.150  90.000  0.0250  3.441e+03  9.933e+01 Zghiche:1993xg 
  2   4   0.150  90.000  0.0300  1.068e+04  1.316e+02 Zghiche:1993xg 
  2   4   0.150  90.000  0.0350  1.373e+04  1.444e+02 Zghiche:1993xg 
  2   4   0.150  90.000  0.0400  1.270e+04  1.423e+02 Zghiche:1993xg 
  2   4   0.150  90.000  0.0450  1.069e+04  1.160e+02 Zghiche:1993xg 
  2   4   0.150  90.000  0.0500  8.517e+03  1.150e+02 Zghiche:1993xg 
  2   4   0.150  90.000  0.0550  6.584e+03  1.080e+02 Zghiche:1993xg 
  2   4   0.150  90.000  0.0600  5.008e+03  1.010e+02 Zghiche:1993xg 
  2   4   0.150  90.000  0.0650  3.905e+03  9.595e+01 Zghiche:1993xg 
  2   4   0.150  90.000  0.0700  3.414e+03  7.980e+01 Zghiche:1993xg 
  2   4   0.150  90.000  0.0750  3.151e+03  6.902e+01 Zghiche:1993xg 
  2   4   0.150  90.000  0.0800  2.630e+03  6.873e+01 Zghiche:1993xg 
  2   4   0.150  90.000  0.0850  2.547e+03  7.078e+01 Zghiche:1993xg 
  2   4  0.1500  145.0    0.0250   7.041e+01  7.240e+00  Zghiche:1993xg  
  2   4  0.1500  145.0    0.0350   3.206e+03  3.767e+01  Zghiche:1993xg  
  2   4  0.1500  145.0    0.0450   3.300e+03  3.170e+01  Zghiche:1993xg  
  2   4  0.1500  145.0    0.0550   2.408e+03  3.060e+01  Zghiche:1993xg  
  2   4  0.1500  145.0    0.0650   1.575e+03  2.739e+01  Zghiche:1993xg  
  2   4  0.1500  145.0    0.0750   1.075e+03  1.819e+01  Zghiche:1993xg  
  2   4  0.1500  145.0    0.0850   6.757e+02  1.652e+01  Zghiche:1993xg  
  2   4  0.2000   60.0    0.0250   1.017e+04  7.238e+02  Zghiche:1993xg  
  2   4  0.2000   60.0    0.0350   3.679e+04  1.141e+03  Zghiche:1993xg  
  2   4  0.2000   60.0    0.0450   2.938e+04  1.118e+03  Zghiche:1993xg  
  2   4  0.2000   60.0    0.0550   1.794e+04  2.683e+02  Zghiche:1993xg  
  2   4  0.2000   60.0    0.0650   1.201e+04  2.394e+02  Zghiche:1993xg  
  2   4  0.2000   60.0    0.0750   8.088e+03  2.177e+02  Zghiche:1993xg  
  2   4  0.2000   60.0    0.0850   5.831e+03  2.106e+02  Zghiche:1993xg  
  2   4  0.2000   75.0    0.0250   2.638e+03  8.732e+01  Zghiche:1993xg  
  2   4  0.2000   75.0    0.0350   1.446e+04  1.247e+02  Zghiche:1993xg  
  2   4  0.2000   75.0    0.0450   1.396e+04  1.338e+02  Zghiche:1993xg  
  2   4  0.2000   75.0    0.0550   1.075e+04  1.291e+02  Zghiche:1993xg  
  2   4  0.2000   75.0    0.0650   7.416e+03  1.158e+02  Zghiche:1993xg  
  2   4  0.2000   75.0    0.0750   4.985e+03  1.029e+02  Zghiche:1993xg  
  2   4  0.2000   75.0    0.0850   3.325e+03  9.515e+01  Zghiche:1993xg  
  2   4  0.2000   75.0    0.0950   2.642e+03  7.184e+01  Zghiche:1993xg  
  2   4  0.2000   75.0    0.1050   2.161e+03  6.198e+01  Zghiche:1993xg  
  2   4  0.2000   75.0    0.1150   1.876e+03  6.442e+01  Zghiche:1993xg  
  2   4  0.2000   75.0    0.1250   2.049e+03  7.095e+01  Zghiche:1993xg  
  2   4  0.2000   75.0    0.1350   2.013e+03  8.114e+01  Zghiche:1993xg  
  2   4  0.2000   90.0    0.0250   8.606e+02  4.157e+01  Zghiche:1993xg  
  2   4  0.2000   90.0    0.0350   6.076e+03  7.265e+01  Zghiche:1993xg  
  2   4  0.2000   90.0    0.0450   7.902e+03  8.982e+01  Zghiche:1993xg  
  2   4  0.2000   90.0    0.0550   6.965e+03  7.698e+01  Zghiche:1993xg  
  2   4  0.2000   90.0    0.0650   5.188e+03  7.107e+01  Zghiche:1993xg  
  2   4  0.2000   90.0    0.0750   3.565e+03  6.336e+01  Zghiche:1993xg  
  2   4  0.2000   90.0    0.0850   2.367e+03  5.755e+01  Zghiche:1993xg  
  2   4  0.2000   90.0    0.0950   1.803e+03  4.236e+01  Zghiche:1993xg  
  2   4  0.2000   90.0    0.1050   1.332e+03  3.564e+01  Zghiche:1993xg  
  2   4  0.2000   90.0    0.1150   1.069e+03  3.538e+01  Zghiche:1993xg  
  2   4  0.2000   90.0    0.1250   1.125e+03  3.436e+01  Zghiche:1993xg  
  2   4  0.2000   90.0    0.1350   1.039e+03  3.850e+01  Zghiche:1993xg  
  2   4  0.2000  145.0    0.0300   1.881e+01  2.268e+00  Zghiche:1993xg  
  2   4  0.2000  145.0    0.0400   7.558e+02  1.005e+01  Zghiche:1993xg  
  2   4  0.2000  145.0    0.0500   1.595e+03  1.374e+01  Zghiche:1993xg  
  2   4  0.2000  145.0    0.0600   1.739e+03  1.805e+01  Zghiche:1993xg  
  2   4  0.2000  145.0    0.0700   1.723e+03  1.892e+01  Zghiche:1993xg  
  2   4  0.2000  145.0    0.0800   1.408e+03  1.828e+01  Zghiche:1993xg  
  2   4  0.2000  145.0    0.0900   1.080e+03  1.774e+01  Zghiche:1993xg  
  2   4  0.2000  145.0    0.1000   7.391e+02  1.108e+01  Zghiche:1993xg  
  2   4  0.2000  145.0    0.1100   4.974e+02  9.797e+00  Zghiche:1993xg  
  2   4  0.2000  145.0    0.1200   4.003e+02  8.579e+00  Zghiche:1993xg  
  2   4  0.2000  145.0    0.1300   3.096e+02  7.987e+00  Zghiche:1993xg  
  2   4  0.2500   34.0    0.0250   9.409e+04  1.995e+03  Zghiche:1993xg  
  2   4  0.2500   34.0    0.0350   1.565e+05  1.763e+03  Zghiche:1993xg  
  2   4  0.2500   34.0    0.0450   1.116e+05  1.611e+03  Zghiche:1993xg  
  2   4  0.2500   34.0    0.0550   7.069e+04  1.398e+03  Zghiche:1993xg  
  2   4  0.2500   34.0    0.0650   4.756e+04  1.237e+03  Zghiche:1993xg  
  2   4  0.2500   34.0    0.0750   3.400e+04  1.123e+03  Zghiche:1993xg  
  2   4  0.2500   34.0    0.0850   2.543e+04  1.040e+03  Zghiche:1993xg  
  2   4  0.2500   34.0    0.0950   2.381e+04  1.031e+03  Zghiche:1993xg  
  2   4  0.2500   60.0    0.0350   6.864e+03  1.071e+02  Zghiche:1993xg  
  2   4  0.2500   60.0    0.0450   2.378e+04  2.291e+02  Zghiche:1993xg  
  2   4  0.2500   60.0    0.0550   1.784e+04  2.161e+02  Zghiche:1993xg  
  2   4  0.2500   60.0    0.0650   1.294e+04  1.980e+02  Zghiche:1993xg  
  2   4  0.2500   60.0    0.0750   8.564e+03  1.747e+02  Zghiche:1993xg  
  2   4  0.2500   60.0    0.0850   5.908e+03  1.556e+02  Zghiche:1993xg  
  2   4  0.2500   60.0    0.0950   4.374e+03  1.466e+02  Zghiche:1993xg  
  2   4  0.2500   60.0    0.1050   3.408e+03  8.736e+01  Zghiche:1993xg  
  2   4  0.2500   60.0    0.1150   3.037e+03  8.464e+01  Zghiche:1993xg  
  2   4  0.2500   60.0    0.1250   2.325e+03  8.317e+01  Zghiche:1993xg  
  2   4  0.2500   60.0    0.1350   2.027e+03  8.648e+01  Zghiche:1993xg  
  2   4  0.2500   75.0    0.0250   1.078e+03  3.909e+01  Zghiche:1993xg  
  2   4  0.2500   75.0    0.0350   5.020e+03  5.111e+01  Zghiche:1993xg  
  2   4  0.2500   75.0    0.0450   9.027e+03  9.025e+01  Zghiche:1993xg  
  2   4  0.2500   75.0    0.0550   9.212e+03  9.632e+01  Zghiche:1993xg  
  2   4  0.2500   75.0    0.0650   7.624e+03  9.357e+01  Zghiche:1993xg  
  2   4  0.2500   75.0    0.0750   5.998e+03  8.810e+01  Zghiche:1993xg  
  2   4  0.2500   75.0    0.0850   4.062e+03  7.813e+01  Zghiche:1993xg  
  2   4  0.2500   75.0    0.0950   2.871e+03  7.198e+01  Zghiche:1993xg  
  2   4  0.2500   75.0    0.1050   2.120e+03  4.403e+01  Zghiche:1993xg  
  2   4  0.2500   75.0    0.1150   1.738e+03  4.077e+01  Zghiche:1993xg  
  2   4  0.2500   75.0    0.1250   1.303e+03  3.818e+01  Zghiche:1993xg  
  2   4  0.2500   75.0    0.1350   1.128e+03  3.830e+01  Zghiche:1993xg  
  2   4  0.2500   75.0    0.1450   1.083e+03  3.459e+01  Zghiche:1993xg  
  2   4  0.2500   75.0    0.1550   1.051e+03  3.647e+01  Zghiche:1993xg  
  2   4  0.2500   75.0    0.1650   9.885e+02  3.998e+01  Zghiche:1993xg  
  2   4  0.2500   90.0    0.0400   3.703e+03  4.210e+01  Zghiche:1993xg  
  2   4  0.2500   90.0    0.0500   4.048e+03  3.992e+01  Zghiche:1993xg  
  2   4  0.2500   90.0    0.0600   4.402e+03  4.379e+01  Zghiche:1993xg  
  2   4  0.2500   90.0    0.0700   4.307e+03  4.607e+01  Zghiche:1993xg  
  2   4  0.2500   90.0    0.0800   3.417e+03  4.421e+01  Zghiche:1993xg  
  2   4  0.2500   90.0    0.0900   2.561e+03  4.165e+01  Zghiche:1993xg  
  2   4  0.2500   90.0    0.1000   1.896e+03  2.960e+01  Zghiche:1993xg  
  2   4  0.2500   90.0    0.1100   1.501e+03  2.538e+01  Zghiche:1993xg  
  2   4  0.2500   90.0    0.1200   1.107e+03  2.290e+01  Zghiche:1993xg  
  2   4  0.2500   90.0    0.1300   8.338e+02  2.109e+01  Zghiche:1993xg  
  2   4  0.2500   90.0    0.1400   6.905e+02  2.077e+01  Zghiche:1993xg  
  2   4  0.2500   90.0    0.1500   6.675e+02  1.847e+01  Zghiche:1993xg  
  2   4  0.2500   90.0    0.1600   5.950e+02  1.917e+01  Zghiche:1993xg  
  2   4  0.2500   90.0    0.1700   6.401e+02  1.985e+01  Zghiche:1993xg  
  2   4  0.2500   90.0    0.1800   6.699e+02  2.213e+01  Zghiche:1993xg  
  2   4  0.2500  145.0    0.0400   2.727e+00  5.923e-01  Zghiche:1993xg  
  2   4  0.2500  145.0    0.0500   2.973e+02  3.861e+00  Zghiche:1993xg  
  2   4  0.2500  145.0    0.0600   5.619e+02  5.706e+00  Zghiche:1993xg  
  2   4  0.2500  145.0    0.0700   7.638e+02  6.923e+00  Zghiche:1993xg  
  2   4  0.2500  145.0    0.0800   9.289e+02  8.141e+00  Zghiche:1993xg  
  2   4  0.2500  145.0    0.0900   1.047e+03  9.510e+00  Zghiche:1993xg  
  2   4  0.2500  145.0    0.1000   1.049e+03  9.351e+00  Zghiche:1993xg  
  2   4  0.2500  145.0    0.1100   9.192e+02  1.067e+01  Zghiche:1993xg  
  2   4  0.2500  145.0    0.1200   7.146e+02  9.919e+00  Zghiche:1993xg  
  2   4  0.2500  145.0    0.1300   5.133e+02  8.927e+00  Zghiche:1993xg  
  2   4  0.2500  145.0    0.1400   4.129e+02  8.523e+00  Zghiche:1993xg  
  2   4  0.2500  145.0    0.1500   3.148e+02  6.467e+00  Zghiche:1993xg  
  2   4  0.2500  145.0    0.1600   2.493e+02  6.000e+00  Zghiche:1993xg  
  2   4  0.2500  145.0    0.1700   2.277e+02  5.428e+00  Zghiche:1993xg  
  2   4  0.2500  145.0    0.1800   2.055e+02  5.226e+00  Zghiche:1993xg  
  2   4  0.3000   34.0    0.0250   6.772e+04  1.231e+03  Zghiche:1993xg  
  2   4  0.3000   34.0    0.0350   1.433e+05  1.163e+03  Zghiche:1993xg  
  2   4  0.3000   34.0    0.0450   1.107e+05  1.062e+03  Zghiche:1993xg  
  2   4  0.3000   34.0    0.0550   6.903e+04  9.327e+02  Zghiche:1993xg  
  2   4  0.3000   34.0    0.0650   4.390e+04  8.116e+02  Zghiche:1993xg  
  2   4  0.3000   34.0    0.0750   3.012e+04  7.312e+02  Zghiche:1993xg  
  2   4  0.3000   34.0    0.0850   2.213e+04  6.682e+02  Zghiche:1993xg  
  2   4  0.3000   34.0    0.0950   1.702e+04  4.845e+02  Zghiche:1993xg  
  2   4  0.3000   34.0    0.1050   1.545e+04  4.610e+02  Zghiche:1993xg  
  2   4  0.3000   34.0    0.1150   1.389e+04  4.457e+02  Zghiche:1993xg  
  2   4  0.3000   34.0    0.1250   1.205e+04  4.367e+02  Zghiche:1993xg  
  2   4  0.3000   34.0    0.1350   1.112e+04  4.352e+02  Zghiche:1993xg  
  2   4  0.3000   34.0    0.1450   1.073e+04  4.452e+02  Zghiche:1993xg  
  2   4  0.3000   60.0    0.0250   1.157e+03  6.613e+01  Zghiche:1993xg  
  2   4  0.3000   60.0    0.0350   7.452e+03  8.471e+01  Zghiche:1993xg  
  2   4  0.3000   60.0    0.0450   1.492e+04  1.180e+02  Zghiche:1993xg  
  2   4  0.3000   60.0    0.0550   1.473e+04  1.248e+02  Zghiche:1993xg  
  2   4  0.3000   60.0    0.0650   1.270e+04  1.245e+02  Zghiche:1993xg  
  2   4  0.3000   60.0    0.0750   9.983e+03  1.206e+02  Zghiche:1993xg  
  2   4  0.3000   60.0    0.0850   7.491e+03  1.122e+02  Zghiche:1993xg  
  2   4  0.3000   60.0    0.0950   5.153e+03  8.476e+01  Zghiche:1993xg  
  2   4  0.3000   60.0    0.1050   3.913e+03  7.672e+01  Zghiche:1993xg  
  2   4  0.3000   60.0    0.1150   3.062e+03  7.047e+01  Zghiche:1993xg  
  2   4  0.3000   60.0    0.1250   2.385e+03  6.532e+01  Zghiche:1993xg  
  2   4  0.3000   60.0    0.1350   1.887e+03  6.119e+01  Zghiche:1993xg  
  2   4  0.3000   60.0    0.1450   1.586e+03  6.019e+01  Zghiche:1993xg  
  2   4  0.3000   60.0    0.1550   1.572e+03  5.170e+01  Zghiche:1993xg  
  2   4  0.3000   60.0    0.1650   1.564e+03  5.252e+01  Zghiche:1993xg  
  2   4  0.3000   60.0    0.1750   1.483e+03  5.437e+01  Zghiche:1993xg  
  2   4  0.3000   60.0    0.1850   1.649e+03  5.961e+01  Zghiche:1993xg  
  2   4  0.3000   75.0    0.0300   2.878e+02  1.627e+01  Zghiche:1993xg  
  2   4  0.3000   75.0    0.0400   2.237e+03  2.799e+01  Zghiche:1993xg  
  2   4  0.3000   75.0    0.0500   4.751e+03  4.237e+01  Zghiche:1993xg  
  2   4  0.3000   75.0    0.0600   5.473e+03  4.834e+01  Zghiche:1993xg  
  2   4  0.3000   75.0    0.0700   5.548e+03  5.225e+01  Zghiche:1993xg  
  2   4  0.3000   75.0    0.0800   5.092e+03  5.509e+01  Zghiche:1993xg  
  2   4  0.3000   75.0    0.0900   4.034e+03  4.692e+01  Zghiche:1993xg  
  2   4  0.3000   75.0    0.1000   3.246e+03  4.331e+01  Zghiche:1993xg  
  2   4  0.3000   75.0    0.1100   2.440e+03  3.951e+01  Zghiche:1993xg  
  2   4  0.3000   75.0    0.1200   1.823e+03  3.555e+01  Zghiche:1993xg  
  2   4  0.3000   75.0    0.1300   1.361e+03  3.222e+01  Zghiche:1993xg  
  2   4  0.3000   75.0    0.1400   1.049e+03  2.987e+01  Zghiche:1993xg  
  2   4  0.3000   75.0    0.1500   8.881e+02  2.388e+01  Zghiche:1993xg  
  2   4  0.3000   75.0    0.1600   8.475e+02  2.372e+01  Zghiche:1993xg  
  2   4  0.3000   75.0    0.1700   7.967e+02  2.345e+01  Zghiche:1993xg  
  2   4  0.3000   75.0    0.1800   7.338e+02  2.377e+01  Zghiche:1993xg  
  2   4  0.3000   75.0    0.1900   9.060e+02  2.629e+01  Zghiche:1993xg  
  2   4  0.3000   75.0    0.2000   8.898e+02  2.754e+01  Zghiche:1993xg  
  2   4  0.3000   75.0    0.2100   1.006e+03  3.059e+01  Zghiche:1993xg  
  2   4  0.3000   90.0    0.0350   4.420e+01  4.015e+00  Zghiche:1993xg  
  2   4  0.3000   90.0    0.0450   7.644e+02  9.940e+00  Zghiche:1993xg  
  2   4  0.3000   90.0    0.0550   1.717e+03  1.595e+01  Zghiche:1993xg  
  2   4  0.3000   90.0    0.0650   2.099e+03  1.860e+01  Zghiche:1993xg  
  2   4  0.3000   90.0    0.0750   2.528e+03  2.215e+01  Zghiche:1993xg  
  2   4  0.3000   90.0    0.0850   2.745e+03  2.495e+01  Zghiche:1993xg  
  2   4  0.3000   90.0    0.0950   2.532e+03  3.007e+01  Zghiche:1993xg  
  2   4  0.3000   90.0    0.1050   2.169e+03  2.928e+01  Zghiche:1993xg  
  2   4  0.3000   90.0    0.1150   1.741e+03  2.745e+01  Zghiche:1993xg  
  2   4  0.3000   90.0    0.1250   1.296e+03  2.497e+01  Zghiche:1993xg  
  2   4  0.3000   90.0    0.1350   9.463e+02  2.259e+01  Zghiche:1993xg  
  2   4  0.3000   90.0    0.1450   7.082e+02  2.112e+01  Zghiche:1993xg  
  2   4  0.3000   90.0    0.1550   6.572e+02  1.431e+01  Zghiche:1993xg  
  2   4  0.3000   90.0    0.1650   5.732e+02  1.351e+01  Zghiche:1993xg  
  2   4  0.3000   90.0    0.1750   5.001e+02  1.301e+01  Zghiche:1993xg  
  2   4  0.3000   90.0    0.1850   4.594e+02  1.322e+01  Zghiche:1993xg  
  2   4  0.3000   90.0    0.1950   5.093e+02  1.290e+01  Zghiche:1993xg  
  2   4  0.3000   90.0    0.2050   5.558e+02  1.479e+01  Zghiche:1993xg  
  2   4  0.3000   90.0    0.2150   6.130e+02  1.646e+01  Zghiche:1993xg  
  2   4  0.3000   90.0    0.2250   7.778e+02  1.941e+01  Zghiche:1993xg  
  2   4  0.3000   90.0    0.2350   8.807e+02  2.306e+01  Zghiche:1993xg  
  2   4  0.3000  145.0    0.0450   5.994e-01  1.329e-01  Zghiche:1993xg  
  2   4  0.3000  145.0    0.0550   1.021e+01  3.553e-01  Zghiche:1993xg  
  2   4  0.3000  145.0    0.0650   1.254e+02  1.370e+00  Zghiche:1993xg  
  2   4  0.3000  145.0    0.0750   1.941e+02  1.839e+00  Zghiche:1993xg  
  2   4  0.3000  145.0    0.0850   3.019e+02  2.422e+00  Zghiche:1993xg  
  2   4  0.3000  145.0    0.0950   4.078e+02  5.672e+00  Zghiche:1993xg  
  2   4  0.3000  145.0    0.1050   5.585e+02  6.847e+00  Zghiche:1993xg  
  2   4  0.3000  145.0    0.1150   6.646e+02  7.775e+00  Zghiche:1993xg  
  2   4  0.3000  145.0    0.1250   6.912e+02  8.333e+00  Zghiche:1993xg  
  2   4  0.3000  145.0    0.1350   6.345e+02  8.476e+00  Zghiche:1993xg  
  2   4  0.3000  145.0    0.1450   5.432e+02  8.666e+00  Zghiche:1993xg  
  2   4  0.3000  145.0    0.1550   4.338e+02  6.808e+00  Zghiche:1993xg  
  2   4  0.3000  145.0    0.1650   3.478e+02  6.245e+00  Zghiche:1993xg  
  2   4  0.3000  145.0    0.1750   2.665e+02  5.670e+00  Zghiche:1993xg  
  2   4  0.3000  145.0    0.1850   2.262e+02  5.486e+00  Zghiche:1993xg  
  2   4  0.3000  145.0    0.1950   2.062e+02  4.502e+00  Zghiche:1993xg  
  2   4  0.3000  145.0    0.2050   1.912e+02  4.300e+00  Zghiche:1993xg  
  2   4  0.3000  145.0    0.2150   1.986e+02  4.401e+00  Zghiche:1993xg  
  2   4  0.3000  145.0    0.2250   2.354e+02  4.663e+00  Zghiche:1993xg  
  2   4  0.3000  145.0    0.2350   2.701e+02  5.236e+00  Zghiche:1993xg  
  2   4  0.3500   34.0    0.0250   2.741e+04  8.186e+02  Zghiche:1993xg  
  2   4  0.3500   34.0    0.0350   9.098e+04  9.024e+02  Zghiche:1993xg  
  2   4  0.3500   34.0    0.0450   7.716e+04  6.743e+02  Zghiche:1993xg  
  2   4  0.3500   34.0    0.0550   5.737e+04  6.418e+02  Zghiche:1993xg  
  2   4  0.3500   34.0    0.0650   3.984e+04  5.784e+02  Zghiche:1993xg  
  2   4  0.3500   34.0    0.0750   2.706e+04  5.154e+02  Zghiche:1993xg  
  2   4  0.3500   34.0    0.0850   1.803e+04  4.584e+02  Zghiche:1993xg  
  2   4  0.3500   34.0    0.0950   1.357e+04  4.163e+02  Zghiche:1993xg  
  2   4  0.3500   34.0    0.1050   1.004e+04  3.818e+02  Zghiche:1993xg  
  2   4  0.3500   34.0    0.1150   8.250e+03  3.577e+02  Zghiche:1993xg  
  2   4  0.3500   34.0    0.1250   5.557e+03  3.402e+02  Zghiche:1993xg  
  2   4  0.3500   34.0    0.1350   5.051e+03  3.321e+02  Zghiche:1993xg  
  2   4  0.3500   34.0    0.1450   6.079e+03  2.871e+02  Zghiche:1993xg  
  2   4  0.3500   34.0    0.1550   5.405e+03  2.861e+02  Zghiche:1993xg  
  2   4  0.3500   34.0    0.1650   5.894e+03  2.907e+02  Zghiche:1993xg  
  2   4  0.3500   34.0    0.1750   6.038e+03  2.979e+02  Zghiche:1993xg  
  2   4  0.3500   34.0    0.1850   5.412e+03  3.050e+02  Zghiche:1993xg  
  2   4  0.3500   34.0    0.1950   6.199e+03  3.251e+02  Zghiche:1993xg  
  2   4  0.3500   60.0    0.0300   6.207e+02  2.919e+01  Zghiche:1993xg  
  2   4  0.3500   60.0    0.0400   5.054e+03  5.059e+01  Zghiche:1993xg  
  2   4  0.3500   60.0    0.0500   8.338e+03  5.763e+01  Zghiche:1993xg  
  2   4  0.3500   60.0    0.0600   9.200e+03  7.485e+01  Zghiche:1993xg  
  2   4  0.3500   60.0    0.0700   9.479e+03  8.085e+01  Zghiche:1993xg  
  2   4  0.3500   60.0    0.0800   8.412e+03  8.220e+01  Zghiche:1993xg  
  2   4  0.3500   60.0    0.0900   6.479e+03  7.826e+01  Zghiche:1993xg  
  2   4  0.3500   60.0    0.1000   4.988e+03  7.222e+01  Zghiche:1993xg  
  2   4  0.3500   60.0    0.1100   3.872e+03  6.561e+01  Zghiche:1993xg  
  2   4  0.3500   60.0    0.1200   2.967e+03  5.958e+01  Zghiche:1993xg  
  2   4  0.3500   60.0    0.1300   2.283e+03  5.536e+01  Zghiche:1993xg  
  2   4  0.3500   60.0    0.1400   1.821e+03  4.504e+01  Zghiche:1993xg  
  2   4  0.3500   60.0    0.1500   1.472e+03  3.914e+01  Zghiche:1993xg  
  2   4  0.3500   60.0    0.1600   1.334e+03  3.738e+01  Zghiche:1993xg  
  2   4  0.3500   60.0    0.1700   1.183e+03  3.611e+01  Zghiche:1993xg  
  2   4  0.3500   60.0    0.1800   1.075e+03  3.543e+01  Zghiche:1993xg  
  2   4  0.3500   60.0    0.1900   1.130e+03  3.621e+01  Zghiche:1993xg  
  2   4  0.3500   60.0    0.2000   1.207e+03  3.248e+01  Zghiche:1993xg  
  2   4  0.3500   60.0    0.2100   1.383e+03  3.539e+01  Zghiche:1993xg  
  2   4  0.3500   60.0    0.2200   1.527e+03  3.779e+01  Zghiche:1993xg  
  2   4  0.3500   60.0    0.2300   1.610e+03  4.095e+01  Zghiche:1993xg  
  2   4  0.3500   60.0    0.2400   1.917e+03  4.661e+01  Zghiche:1993xg  
  2   4  0.3500   75.0    0.0350   8.620e+01  4.287e+00  Zghiche:1993xg  
  2   4  0.3500   75.0    0.0450   1.192e+03  1.216e+01  Zghiche:1993xg  
  2   4  0.3500   75.0    0.0550   2.071e+03  1.973e+01  Zghiche:1993xg  
  2   4  0.3500   75.0    0.0650   2.745e+03  2.364e+01  Zghiche:1993xg  
  2   4  0.3500   75.0    0.0750   3.326e+03  2.748e+01  Zghiche:1993xg  
  2   4  0.3500   75.0    0.0850   3.669e+03  3.081e+01  Zghiche:1993xg  
  2   4  0.3500   75.0    0.0950   3.558e+03  3.266e+01  Zghiche:1993xg  
  2   4  0.3500   75.0    0.1050   3.084e+03  3.270e+01  Zghiche:1993xg  
  2   4  0.3500   75.0    0.1150   2.482e+03  3.121e+01  Zghiche:1993xg  
  2   4  0.3500   75.0    0.1250   2.011e+03  2.992e+01  Zghiche:1993xg  
  2   4  0.3500   75.0    0.1350   1.574e+03  2.804e+01  Zghiche:1993xg  
  2   4  0.3500   75.0    0.1450   1.164e+03  2.314e+01  Zghiche:1993xg  
  2   4  0.3500   75.0    0.1550   9.956e+02  2.135e+01  Zghiche:1993xg  
  2   4  0.3500   75.0    0.1650   8.001e+02  1.963e+01  Zghiche:1993xg  
  2   4  0.3500   75.0    0.1750   6.612e+02  1.830e+01  Zghiche:1993xg  
  2   4  0.3500   75.0    0.1850   5.592e+02  1.738e+01  Zghiche:1993xg  
  2   4  0.3500   75.0    0.1950   6.401e+02  1.800e+01  Zghiche:1993xg  
  2   4  0.3500   75.0    0.2050   6.439e+02  1.687e+01  Zghiche:1993xg  
  2   4  0.3500   75.0    0.2150   7.119e+02  1.743e+01  Zghiche:1993xg  
  2   4  0.3500   75.0    0.2250   7.789e+02  1.836e+01  Zghiche:1993xg  
  2   4  0.3500   75.0    0.2350   9.196e+02  2.047e+01  Zghiche:1993xg  
  2   4  0.3500   75.0    0.2450   1.030e+03  2.106e+01  Zghiche:1993xg  
  2   4  0.3500   75.0    0.2550   1.119e+03  2.502e+01  Zghiche:1993xg  
  2   4  0.3500   75.0    0.2650   1.343e+03  2.867e+01  Zghiche:1993xg  
  2   4  0.3500   90.0    0.0450   1.414e+01  2.098e+00  Zghiche:1993xg  
  2   4  0.3500   90.0    0.0550   4.168e+02  6.140e+00  Zghiche:1993xg  
  2   4  0.3500   90.0    0.0650   7.065e+02  8.318e+00  Zghiche:1993xg  
  2   4  0.3500   90.0    0.0750   1.039e+03  1.039e+01  Zghiche:1993xg  
  2   4  0.3500   90.0    0.0850   1.331e+03  1.233e+01  Zghiche:1993xg  
  2   4  0.3500   90.0    0.0950   1.633e+03  1.438e+01  Zghiche:1993xg  
  2   4  0.3500   90.0    0.1050   1.731e+03  1.584e+01  Zghiche:1993xg  
  2   4  0.3500   90.0    0.1150   1.675e+03  1.660e+01  Zghiche:1993xg  
  2   4  0.3500   90.0    0.1250   1.502e+03  1.710e+01  Zghiche:1993xg  
  2   4  0.3500   90.0    0.1350   1.283e+03  1.691e+01  Zghiche:1993xg  
  2   4  0.3500   90.0    0.1450   1.037e+03  1.572e+01  Zghiche:1993xg  
  2   4  0.3500   90.0    0.1550   8.286e+02  1.458e+01  Zghiche:1993xg  
  2   4  0.3500   90.0    0.1650   6.641e+02  1.339e+01  Zghiche:1993xg  
  2   4  0.3500   90.0    0.1750   5.446e+02  1.240e+01  Zghiche:1993xg  
  2   4  0.3500   90.0    0.1850   4.188e+02  1.148e+01  Zghiche:1993xg  
  2   4  0.3500   90.0    0.1950   4.133e+02  1.148e+01  Zghiche:1993xg  
  2   4  0.3500   90.0    0.2050   4.013e+02  9.254e+00  Zghiche:1993xg  
  2   4  0.3500   90.0    0.2150   4.421e+02  9.315e+00  Zghiche:1993xg  
  2   4  0.3500   90.0    0.2250   4.553e+02  9.520e+00  Zghiche:1993xg  
  2   4  0.3500   90.0    0.2350   5.237e+02  1.036e+01  Zghiche:1993xg  
  2   4  0.3500   90.0    0.2450   6.169e+02  1.109e+01  Zghiche:1993xg  
  2   4  0.3500   90.0    0.2550   7.085e+02  1.368e+01  Zghiche:1993xg  
  2   4  0.3500   90.0    0.2650   7.645e+02  1.524e+01  Zghiche:1993xg  
  2   4  0.3500   90.0    0.2750   9.638e+02  1.572e+01  Zghiche:1993xg  
  2   4  0.3500   90.0    0.2850   1.084e+03  1.880e+01  Zghiche:1993xg  
  2   4  0.3500  145.0    0.0700   8.422e+00  3.751e-01  Zghiche:1993xg  
  2   4  0.3500  145.0    0.0800   3.558e+01  8.807e-01  Zghiche:1993xg  
  2   4  0.3500  145.0    0.0900   5.677e+01  1.128e+00  Zghiche:1993xg  
  2   4  0.3500  145.0    0.1000   9.654e+01  1.498e+00  Zghiche:1993xg  
  2   4  0.3500  145.0    0.1100   1.453e+02  1.897e+00  Zghiche:1993xg  
  2   4  0.3500  145.0    0.1200   2.164e+02  2.420e+00  Zghiche:1993xg  
  2   4  0.3500  145.0    0.1300   3.247e+02  3.189e+00  Zghiche:1993xg  
  2   4  0.3500  145.0    0.1400   4.024e+02  3.624e+00  Zghiche:1993xg  
  2   4  0.3500  145.0    0.1500   4.395e+02  4.639e+00  Zghiche:1993xg  
  2   4  0.3500  145.0    0.1600   4.564e+02  5.019e+00  Zghiche:1993xg  
  2   4  0.3500  145.0    0.1700   4.093e+02  5.078e+00  Zghiche:1993xg  
  2   4  0.3500  145.0    0.1800   3.377e+02  4.926e+00  Zghiche:1993xg  
  2   4  0.3500  145.0    0.1900   2.869e+02  4.812e+00  Zghiche:1993xg  
  2   4  0.3500  145.0    0.2000   2.370e+02  3.785e+00  Zghiche:1993xg  
  2   4  0.3500  145.0    0.2100   2.056e+02  3.316e+00  Zghiche:1993xg  
  2   4  0.3500  145.0    0.2200   1.812e+02  3.094e+00  Zghiche:1993xg  
  2   4  0.3500  145.0    0.2300   1.600e+02  2.946e+00  Zghiche:1993xg  
  2   4  0.3500  145.0    0.2400   1.756e+02  3.037e+00  Zghiche:1993xg  
  2   4  0.3500  145.0    0.2500   1.972e+02  3.340e+00  Zghiche:1993xg  
  2   4  0.3500  145.0    0.2600   2.140e+02  3.548e+00  Zghiche:1993xg  
  2   4  0.3500  145.0    0.2700   2.752e+02  4.266e+00  Zghiche:1993xg  
  2   4  0.3500  145.0    0.2800   3.032e+02  2.813e+01  Zghiche:1993xg  
  2   4  0.4000   34.0    0.0250   1.647e+04  4.568e+02  Zghiche:1993xg  
  2   4  0.4000   34.0    0.0350   6.944e+04  4.459e+02  Zghiche:1993xg  
  2   4  0.4000   34.0    0.0450   7.821e+04  4.664e+02  Zghiche:1993xg  
  2   4  0.4000   34.0    0.0550   6.147e+04  4.629e+02  Zghiche:1993xg  
  2   4  0.4000   34.0    0.0650   4.234e+04  4.289e+02  Zghiche:1993xg  
  2   4  0.4000   34.0    0.0750   2.919e+04  3.881e+02  Zghiche:1993xg  
  2   4  0.4000   34.0    0.0850   2.109e+04  3.509e+02  Zghiche:1993xg  
  2   4  0.4000   34.0    0.0950   1.428e+04  2.665e+02  Zghiche:1993xg  
  2   4  0.4000   34.0    0.1050   1.118e+04  2.385e+02  Zghiche:1993xg  
  2   4  0.4000   34.0    0.1150   9.763e+03  2.208e+02  Zghiche:1993xg  
  2   4  0.4000   34.0    0.1250   7.930e+03  2.070e+02  Zghiche:1993xg  
  2   4  0.4000   34.0    0.1350   6.561e+03  1.956e+02  Zghiche:1993xg  
  2   4  0.4000   34.0    0.1450   5.823e+03  1.868e+02  Zghiche:1993xg  
  2   4  0.4000   34.0    0.1550   5.057e+03  1.799e+02  Zghiche:1993xg  
  2   4  0.4000   34.0    0.1650   4.537e+03  1.748e+02  Zghiche:1993xg  
  2   4  0.4000   34.0    0.1750   4.918e+03  1.761e+02  Zghiche:1993xg  
  2   4  0.4000   34.0    0.1850   5.185e+03  1.789e+02  Zghiche:1993xg  
  2   4  0.4000   34.0    0.1950   5.319e+03  2.100e+02  Zghiche:1993xg  
  2   4  0.4000   34.0    0.2050   6.257e+03  2.189e+02  Zghiche:1993xg  
  2   4  0.4000   34.0    0.2150   6.661e+03  2.265e+02  Zghiche:1993xg  
  2   4  0.4000   34.0    0.2250   6.563e+03  2.345e+02  Zghiche:1993xg  
  2   4  0.4000   34.0    0.2350   6.971e+03  2.460e+02  Zghiche:1993xg  
  2   4  0.4000   34.0    0.2450   8.750e+03  2.710e+02  Zghiche:1993xg  
  2   4  0.4000   60.0    0.0350   1.997e+02  9.981e+00  Zghiche:1993xg  
  2   4  0.4000   60.0    0.0450   2.672e+03  2.124e+01  Zghiche:1993xg  
  2   4  0.4000   60.0    0.0550   4.465e+03  2.910e+01  Zghiche:1993xg  
  2   4  0.4000   60.0    0.0650   5.473e+03  3.476e+01  Zghiche:1993xg  
  2   4  0.4000   60.0    0.0750   6.086e+03  4.068e+01  Zghiche:1993xg  
  2   4  0.4000   60.0    0.0850   6.256e+03  4.578e+01  Zghiche:1993xg  
  2   4  0.4000   60.0    0.0950   5.797e+03  4.639e+01  Zghiche:1993xg  
  2   4  0.4000   60.0    0.1050   4.936e+03  5.156e+01  Zghiche:1993xg  
  2   4  0.4000   60.0    0.1150   4.041e+03  4.919e+01  Zghiche:1993xg  
  2   4  0.4000   60.0    0.1250   3.186e+03  4.575e+01  Zghiche:1993xg  
  2   4  0.4000   60.0    0.1350   2.402e+03  4.194e+01  Zghiche:1993xg  
  2   4  0.4000   60.0    0.1450   1.865e+03  3.830e+01  Zghiche:1993xg  
  2   4  0.4000   60.0    0.1550   1.523e+03  3.496e+01  Zghiche:1993xg  
  2   4  0.4000   60.0    0.1650   1.170e+03  3.171e+01  Zghiche:1993xg  
  2   4  0.4000   60.0    0.1750   1.107e+03  3.041e+01  Zghiche:1993xg  
  2   4  0.4000   60.0    0.1850   1.011e+03  2.931e+01  Zghiche:1993xg  
  2   4  0.4000   60.0    0.1950   9.496e+02  2.669e+01  Zghiche:1993xg  
  2   4  0.4000   60.0    0.2050   9.687e+02  2.658e+01  Zghiche:1993xg  
  2   4  0.4000   60.0    0.2150   1.048e+03  2.702e+01  Zghiche:1993xg  
  2   4  0.4000   60.0    0.2250   1.126e+03  2.779e+01  Zghiche:1993xg  
  2   4  0.4000   60.0    0.2350   1.200e+03  2.888e+01  Zghiche:1993xg  
  2   4  0.4000   60.0    0.2450   1.417e+03  3.157e+01  Zghiche:1993xg  
  2   4  0.4000   60.0    0.2550   1.630e+03  3.635e+01  Zghiche:1993xg  
  2   4  0.4000   60.0    0.2650   1.772e+03  3.875e+01  Zghiche:1993xg  
  2   4  0.4000   60.0    0.2750   1.934e+03  4.172e+01  Zghiche:1993xg  
  2   4  0.4000   60.0    0.2850   2.133e+03  4.662e+01  Zghiche:1993xg  
  2   4  0.4000   75.0    0.0450   2.457e+01  1.996e+00  Zghiche:1993xg  
  2   4  0.4000   75.0    0.0550   6.044e+02  7.580e+00  Zghiche:1993xg  
  2   4  0.4000   75.0    0.0650   9.998e+02  1.022e+01  Zghiche:1993xg  
  2   4  0.4000   75.0    0.0750   1.322e+03  1.245e+01  Zghiche:1993xg  
  2   4  0.4000   75.0    0.0850   1.818e+03  1.558e+01  Zghiche:1993xg  
  2   4  0.4000   75.0    0.0950   2.277e+03  1.818e+01  Zghiche:1993xg  
  2   4  0.4000   75.0    0.1050   2.413e+03  2.344e+01  Zghiche:1993xg  
  2   4  0.4000   75.0    0.1150   2.426e+03  2.476e+01  Zghiche:1993xg  
  2   4  0.4000   75.0    0.1250   2.292e+03  2.534e+01  Zghiche:1993xg  
  2   4  0.4000   75.0    0.1350   1.912e+03  2.461e+01  Zghiche:1993xg  
  2   4  0.4000   75.0    0.1450   1.509e+03  2.319e+01  Zghiche:1993xg  
  2   4  0.4000   75.0    0.1550   1.201e+03  2.153e+01  Zghiche:1993xg  
  2   4  0.4000   75.0    0.1650   9.311e+02  1.978e+01  Zghiche:1993xg  
  2   4  0.4000   75.0    0.1750   7.533e+02  1.866e+01  Zghiche:1993xg  
  2   4  0.4000   75.0    0.1850   6.423e+02  1.772e+01  Zghiche:1993xg  
  2   4  0.4000   75.0    0.1950   5.664e+02  1.459e+01  Zghiche:1993xg  
  2   4  0.4000   75.0    0.2050   5.356e+02  1.398e+01  Zghiche:1993xg  
  2   4  0.4000   75.0    0.2150   5.523e+02  1.373e+01  Zghiche:1993xg  
  2   4  0.4000   75.0    0.2250   5.216e+02  1.349e+01  Zghiche:1993xg  
  2   4  0.4000   75.0    0.2350   5.631e+02  1.378e+01  Zghiche:1993xg  
  2   4  0.4000   75.0    0.2450   6.651e+02  1.484e+01  Zghiche:1993xg  
  2   4  0.4000   75.0    0.2550   7.694e+02  1.695e+01  Zghiche:1993xg  
  2   4  0.4000   75.0    0.2650   9.095e+02  1.825e+01  Zghiche:1993xg  
  2   4  0.4000   75.0    0.2750   9.796e+02  1.941e+01  Zghiche:1993xg  
  2   4  0.4000   75.0    0.2850   1.157e+03  2.195e+01  Zghiche:1993xg  
  2   4  0.4000   75.0    0.2950   1.242e+03  2.141e+01  Zghiche:1993xg  
  2   4  0.4000   75.0    0.3050   1.406e+03  2.526e+01  Zghiche:1993xg  
  2   4  0.4000   75.0    0.3150   1.441e+03  2.792e+01  Zghiche:1993xg  
  2   4  0.4000   90.0    0.0550   6.767e+00  5.582e-01  Zghiche:1993xg  
  2   4  0.4000   90.0    0.0650   1.657e+02  2.883e+00  Zghiche:1993xg  
  2   4  0.4000   90.0    0.0750   2.680e+02  3.859e+00  Zghiche:1993xg  
  2   4  0.4000   90.0    0.0850   4.215e+02  5.071e+00  Zghiche:1993xg  
  2   4  0.4000   90.0    0.0950   6.318e+02  5.562e+00  Zghiche:1993xg  
  2   4  0.4000   90.0    0.1050   7.991e+02  7.471e+00  Zghiche:1993xg  
  2   4  0.4000   90.0    0.1150   1.004e+03  8.782e+00  Zghiche:1993xg  
  2   4  0.4000   90.0    0.1250   1.170e+03  1.001e+01  Zghiche:1993xg  
  2   4  0.4000   90.0    0.1350   1.221e+03  1.094e+01  Zghiche:1993xg  
  2   4  0.4000   90.0    0.1450   1.162e+03  1.147e+01  Zghiche:1993xg  
  2   4  0.4000   90.0    0.1550   1.003e+03  1.144e+01  Zghiche:1993xg  
  2   4  0.4000   90.0    0.1650   8.400e+02  1.101e+01  Zghiche:1993xg  
  2   4  0.4000   90.0    0.1750   6.873e+02  1.059e+01  Zghiche:1993xg  
  2   4  0.4000   90.0    0.1850   5.609e+02  1.008e+01  Zghiche:1993xg  
  2   4  0.4000   90.0    0.1950   4.527e+02  9.141e+00  Zghiche:1993xg  
  2   4  0.4000   90.0    0.2050   4.036e+02  8.630e+00  Zghiche:1993xg  
  2   4  0.4000   90.0    0.2150   3.602e+02  8.168e+00  Zghiche:1993xg  
  2   4  0.4000   90.0    0.2250   3.351e+02  7.854e+00  Zghiche:1993xg  
  2   4  0.4000   90.0    0.2350   3.257e+02  7.738e+00  Zghiche:1993xg  
  2   4  0.4000   90.0    0.2450   3.873e+02  8.228e+00  Zghiche:1993xg  
  2   4  0.4000   90.0    0.2550   4.175e+02  7.984e+00  Zghiche:1993xg  
  2   4  0.4000   90.0    0.2650   5.008e+02  8.462e+00  Zghiche:1993xg  
  2   4  0.4000   90.0    0.2750   5.283e+02  8.914e+00  Zghiche:1993xg  
  2   4  0.4000   90.0    0.2850   6.210e+02  9.947e+00  Zghiche:1993xg  
  2   4  0.4000   90.0    0.2950   7.598e+02  1.151e+01  Zghiche:1993xg  
  2   4  0.4000   90.0    0.3050   7.978e+02  1.468e+01  Zghiche:1993xg  
  2   4  0.4000   90.0    0.3150   8.546e+02  1.621e+01  Zghiche:1993xg  
  2   4  0.4000   90.0    0.3250   1.029e+03  1.691e+01  Zghiche:1993xg  
  2   4  0.4000   90.0    0.3350   1.099e+03  1.966e+01  Zghiche:1993xg  
  2   4  0.4000  145.0    0.0800   2.389e-01  1.310e-01  Zghiche:1993xg  
  2   4  0.4000  145.0    0.0900   6.037e+00  4.209e-01  Zghiche:1993xg  
  2   4  0.4000  145.0    0.1000   1.055e+01  4.457e-01  Zghiche:1993xg  
  2   4  0.4000  145.0    0.1100   1.791e+01  5.868e-01  Zghiche:1993xg  
  2   4  0.4000  145.0    0.1200   3.340e+01  8.154e-01  Zghiche:1993xg  
  2   4  0.4000  145.0    0.1300   5.802e+01  1.086e+00  Zghiche:1993xg  
  2   4  0.4000  145.0    0.1400   9.351e+01  1.403e+00  Zghiche:1993xg  
  2   4  0.4000  145.0    0.1500   1.389e+02  1.757e+00  Zghiche:1993xg  
  2   4  0.4000  145.0    0.1600   1.872e+02  2.132e+00  Zghiche:1993xg  
  2   4  0.4000  145.0    0.1700   2.453e+02  2.576e+00  Zghiche:1993xg  
  2   4  0.4000  145.0    0.1800   2.980e+02  3.094e+00  Zghiche:1993xg  
  2   4  0.4000  145.0    0.1900   3.142e+02  3.333e+00  Zghiche:1993xg  
  2   4  0.4000  145.0    0.2000   2.970e+02  3.997e+00  Zghiche:1993xg  
  2   4  0.4000  145.0    0.2100   2.640e+02  3.981e+00  Zghiche:1993xg  
  2   4  0.4000  145.0    0.2200   2.239e+02  3.842e+00  Zghiche:1993xg  
  2   4  0.4000  145.0    0.2300   1.758e+02  3.588e+00  Zghiche:1993xg  
  2   4  0.4000  145.0    0.2400   1.562e+02  3.503e+00  Zghiche:1993xg  
  2   4  0.4000  145.0    0.2500   1.443e+02  2.951e+00  Zghiche:1993xg  
  2   4  0.4000  145.0    0.2600   1.396e+02  2.991e+00  Zghiche:1993xg  
  2   4  0.4000  145.0    0.2700   1.500e+02  3.003e+00  Zghiche:1993xg  
  2   4  0.4000  145.0    0.2800   1.569e+02  3.082e+00  Zghiche:1993xg  
  2   4  0.4000  145.0    0.2900   1.965e+02  3.470e+00  Zghiche:1993xg  
  2   4  0.4000  145.0    0.3000   2.223e+02  3.954e+00  Zghiche:1993xg  
  2   4  0.4000  145.0    0.3100   2.564e+02  4.344e+00  Zghiche:1993xg  
  2   4  0.4000  145.0    0.3200   3.121e+02  4.859e+00  Zghiche:1993xg  
  2   4  0.4000  145.0    0.3300   3.408e+02  5.481e+00  Zghiche:1993xg  
  2   4  0.4500   34.0    0.0250   8.797e+03  3.237e+02  Zghiche:1993xg  
  2   4  0.4500   34.0    0.0350   4.510e+04  3.578e+02  Zghiche:1993xg  
  2   4  0.4500   34.0    0.0450   6.365e+04  4.173e+02  Zghiche:1993xg  
  2   4  0.4500   34.0    0.0550   5.659e+04  4.296e+02  Zghiche:1993xg  
  2   4  0.4500   34.0    0.0650   4.376e+04  4.146e+02  Zghiche:1993xg  
  2   4  0.4500   34.0    0.0750   3.279e+04  3.848e+02  Zghiche:1993xg  
  2   4  0.4500   34.0    0.0850   2.346e+04  3.465e+02  Zghiche:1993xg  
  2   4  0.4500   34.0    0.0950   1.667e+04  3.083e+02  Zghiche:1993xg  
  2   4  0.4500   34.0    0.1050   1.241e+04  2.755e+02  Zghiche:1993xg  
  2   4  0.4500   34.0    0.1150   9.082e+03  2.471e+02  Zghiche:1993xg  
  2   4  0.4500   34.0    0.1250   7.465e+03  2.290e+02  Zghiche:1993xg  
  2   4  0.4500   34.0    0.1350   6.680e+03  2.196e+02  Zghiche:1993xg  
  2   4  0.4500   34.0    0.1450   5.112e+03  1.598e+02  Zghiche:1993xg  
  2   4  0.4500   34.0    0.1550   4.628e+03  1.447e+02  Zghiche:1993xg  
  2   4  0.4500   34.0    0.1650   4.431e+03  1.397e+02  Zghiche:1993xg  
  2   4  0.4500   34.0    0.1750   4.044e+03  1.358e+02  Zghiche:1993xg  
  2   4  0.4500   34.0    0.1850   4.285e+03  1.345e+02  Zghiche:1993xg  
  2   4  0.4500   34.0    0.1950   4.440e+03  1.341e+02  Zghiche:1993xg  
  2   4  0.4500   34.0    0.2050   4.765e+03  1.352e+02  Zghiche:1993xg  
  2   4  0.4500   34.0    0.2150   5.039e+03  1.370e+02  Zghiche:1993xg  
  2   4  0.4500   34.0    0.2250   5.757e+03  1.432e+02  Zghiche:1993xg  
  2   4  0.4500   34.0    0.2350   6.428e+03  1.501e+02  Zghiche:1993xg  
  2   4  0.4500   34.0    0.2450   6.335e+03  1.824e+02  Zghiche:1993xg  
  2   4  0.4500   34.0    0.2550   6.871e+03  1.901e+02  Zghiche:1993xg  
  2   4  0.4500   34.0    0.2650   7.693e+03  2.001e+02  Zghiche:1993xg  
  2   4  0.4500   34.0    0.2750   8.072e+03  2.100e+02  Zghiche:1993xg  
  2   4  0.4500   34.0    0.2850   8.196e+03  2.205e+02  Zghiche:1993xg  
  2   4  0.4500   34.0    0.2950   9.419e+03  2.422e+02  Zghiche:1993xg  
  2   4  0.4500   60.0    0.0400   5.195e+01  5.214e+00  Zghiche:1993xg  
  2   4  0.4500   60.0    0.0500   1.117e+03  1.404e+01  Zghiche:1993xg  
  2   4  0.4500   60.0    0.0600   2.178e+03  2.072e+01  Zghiche:1993xg  
  2   4  0.4500   60.0    0.0700   3.004e+03  2.538e+01  Zghiche:1993xg  
  2   4  0.4500   60.0    0.0800   3.740e+03  2.990e+01  Zghiche:1993xg  
  2   4  0.4500   60.0    0.0900   4.276e+03  3.404e+01  Zghiche:1993xg  
  2   4  0.4500   60.0    0.1000   4.351e+03  3.680e+01  Zghiche:1993xg  
  2   4  0.4500   60.0    0.1100   4.128e+03  3.834e+01  Zghiche:1993xg  
  2   4  0.4500   60.0    0.1200   3.728e+03  3.871e+01  Zghiche:1993xg  
  2   4  0.4500   60.0    0.1300   3.082e+03  3.827e+01  Zghiche:1993xg  
  2   4  0.4500   60.0    0.1400   2.609e+03  3.682e+01  Zghiche:1993xg  
  2   4  0.4500   60.0    0.1500   2.106e+03  3.027e+01  Zghiche:1993xg  
  2   4  0.4500   60.0    0.1600   1.648e+03  2.700e+01  Zghiche:1993xg  
  2   4  0.4500   60.0    0.1700   1.333e+03  2.492e+01  Zghiche:1993xg  
  2   4  0.4500   60.0    0.1800   1.092e+03  2.307e+01  Zghiche:1993xg  
  2   4  0.4500   60.0    0.1900   9.508e+02  2.163e+01  Zghiche:1993xg  
  2   4  0.4500   60.0    0.2000   8.560e+02  2.034e+01  Zghiche:1993xg  
  2   4  0.4500   60.0    0.2100   7.789e+02  1.912e+01  Zghiche:1993xg  
  2   4  0.4500   60.0    0.2200   7.881e+02  1.845e+01  Zghiche:1993xg  
  2   4  0.4500   60.0    0.2300   8.625e+02  1.867e+01  Zghiche:1993xg  
  2   4  0.4500   60.0    0.2400   9.313e+02  1.929e+01  Zghiche:1993xg  
  2   4  0.4500   60.0    0.2500   1.022e+03  2.318e+01  Zghiche:1993xg  
  2   4  0.4500   60.0    0.2600   1.168e+03  2.436e+01  Zghiche:1993xg  
  2   4  0.4500   60.0    0.2700   1.289e+03  2.568e+01  Zghiche:1993xg  
  2   4  0.4500   60.0    0.2800   1.421e+03  2.716e+01  Zghiche:1993xg  
  2   4  0.4500   60.0    0.2900   1.525e+03  2.910e+01  Zghiche:1993xg  
  2   4  0.4500   60.0    0.3000   1.726e+03  2.929e+01  Zghiche:1993xg  
  2   4  0.4500   60.0    0.3100   1.860e+03  3.674e+01  Zghiche:1993xg  
  2   4  0.4500   60.0    0.3200   2.019e+03  3.923e+01  Zghiche:1993xg  
  2   4  0.4500   60.0    0.3300   1.985e+03  4.152e+01  Zghiche:1993xg  
  2   4  0.4500   60.0    0.3400   2.133e+03  4.641e+01  Zghiche:1993xg  
  2   4  0.4500   75.0    0.0500   1.068e+00  5.895e-01  Zghiche:1993xg  
  2   4  0.4500   75.0    0.0600   1.475e+02  2.763e+00  Zghiche:1993xg  
  2   4  0.4500   75.0    0.0700   3.667e+02  4.734e+00  Zghiche:1993xg  
  2   4  0.4500   75.0    0.0800   5.344e+02  5.850e+00  Zghiche:1993xg  
  2   4  0.4500   75.0    0.0900   7.793e+02  7.339e+00  Zghiche:1993xg  
  2   4  0.4500   75.0    0.1000   1.060e+03  8.965e+00  Zghiche:1993xg  
  2   4  0.4500   75.0    0.1100   1.325e+03  1.060e+01  Zghiche:1993xg  
  2   4  0.4500   75.0    0.1200   1.511e+03  1.211e+01  Zghiche:1993xg  
  2   4  0.4500   75.0    0.1300   1.654e+03  1.381e+01  Zghiche:1993xg  
  2   4  0.4500   75.0    0.1400   1.676e+03  1.504e+01  Zghiche:1993xg  
  2   4  0.4500   75.0    0.1500   1.551e+03  1.436e+01  Zghiche:1993xg  
  2   4  0.4500   75.0    0.1600   1.322e+03  1.570e+01  Zghiche:1993xg  
  2   4  0.4500   75.0    0.1700   1.099e+03  1.506e+01  Zghiche:1993xg  
  2   4  0.4500   75.0    0.1800   8.851e+02  1.415e+01  Zghiche:1993xg  
  2   4  0.4500   75.0    0.1900   7.186e+02  1.323e+01  Zghiche:1993xg  
  2   4  0.4500   75.0    0.2000   6.034e+02  1.240e+01  Zghiche:1993xg  
  2   4  0.4500   75.0    0.2100   5.041e+02  1.160e+01  Zghiche:1993xg  
  2   4  0.4500   75.0    0.2200   4.435e+02  1.097e+01  Zghiche:1993xg  
  2   4  0.4500   75.0    0.2300   4.308e+02  1.087e+01  Zghiche:1993xg  
  2   4  0.4500   75.0    0.2400   4.326e+02  1.012e+01  Zghiche:1993xg  
  2   4  0.4500   75.0    0.2500   4.704e+02  1.065e+01  Zghiche:1993xg  
  2   4  0.4500   75.0    0.2600   5.129e+02  1.082e+01  Zghiche:1993xg  
  2   4  0.4500   75.0    0.2700   5.797e+02  1.119e+01  Zghiche:1993xg  
  2   4  0.4500   75.0    0.2800   6.413e+02  1.174e+01  Zghiche:1993xg  
  2   4  0.4500   75.0    0.2900   7.296e+02  1.261e+01  Zghiche:1993xg  
  2   4  0.4500   75.0    0.3000   8.535e+02  1.358e+01  Zghiche:1993xg  
  2   4  0.4500   75.0    0.3100   9.561e+02  1.799e+01  Zghiche:1993xg  
  2   4  0.4500   75.0    0.3200   1.058e+03  1.924e+01  Zghiche:1993xg  
  2   4  0.4500   75.0    0.3300   1.064e+03  2.027e+01  Zghiche:1993xg  
  2   4  0.4500   75.0    0.3400   1.204e+03  2.282e+01  Zghiche:1993xg  
  2   4  0.4500   75.0    0.3500   1.303e+03  2.371e+01  Zghiche:1993xg  
  2   4  0.4500   75.0    0.3600   1.310e+03  2.570e+01  Zghiche:1993xg  
  2   4  0.4500   90.0    0.0650   7.555e+00  8.153e-01  Zghiche:1993xg  
  2   4  0.4500   90.0    0.0750   5.638e+01  1.619e+00  Zghiche:1993xg  
  2   4  0.4500   90.0    0.0850   9.008e+01  2.077e+00  Zghiche:1993xg  
  2   4  0.4500   90.0    0.0950   1.465e+02  2.686e+00  Zghiche:1993xg  
  2   4  0.4500   90.0    0.1050   2.195e+02  3.374e+00  Zghiche:1993xg  
  2   4  0.4500   90.0    0.1150   3.242e+02  4.221e+00  Zghiche:1993xg  
  2   4  0.4500   90.0    0.1250   4.569e+02  5.210e+00  Zghiche:1993xg  
  2   4  0.4500   90.0    0.1350   6.190e+02  6.436e+00  Zghiche:1993xg  
  2   4  0.4500   90.0    0.1450   7.546e+02  6.418e+00  Zghiche:1993xg  
  2   4  0.4500   90.0    0.1550   7.971e+02  7.816e+00  Zghiche:1993xg  
  2   4  0.4500   90.0    0.1650   8.123e+02  8.356e+00  Zghiche:1993xg  
  2   4  0.4500   90.0    0.1750   7.783e+02  8.665e+00  Zghiche:1993xg  
  2   4  0.4500   90.0    0.1850   6.909e+02  8.634e+00  Zghiche:1993xg  
  2   4  0.4500   90.0    0.1950   5.876e+02  8.422e+00  Zghiche:1993xg  
  2   4  0.4500   90.0    0.2050   4.775e+02  7.967e+00  Zghiche:1993xg  
  2   4  0.4500   90.0    0.2150   3.768e+02  7.411e+00  Zghiche:1993xg  
  2   4  0.4500   90.0    0.2250   3.439e+02  7.168e+00  Zghiche:1993xg  
  2   4  0.4500   90.0    0.2350   3.124e+02  6.998e+00  Zghiche:1993xg  
  2   4  0.4500   90.0    0.2450   2.705e+02  6.734e+00  Zghiche:1993xg  
  2   4  0.4500   90.0    0.2550   2.791e+02  6.642e+00  Zghiche:1993xg  
  2   4  0.4500   90.0    0.2650   3.018e+02  6.695e+00  Zghiche:1993xg  
  2   4  0.4500   90.0    0.2750   3.294e+02  6.851e+00  Zghiche:1993xg  
  2   4  0.4500   90.0    0.2850   3.264e+02  6.988e+00  Zghiche:1993xg  
  2   4  0.4500   90.0    0.2950   4.221e+02  7.826e+00  Zghiche:1993xg  
  2   4  0.4500   90.0    0.3050   4.896e+02  9.321e+00  Zghiche:1993xg  
  2   4  0.4500   90.0    0.3150   5.441e+02  9.925e+00  Zghiche:1993xg  
  2   4  0.4500   90.0    0.3250   6.154e+02  1.071e+01  Zghiche:1993xg  
  2   4  0.4500   90.0    0.3350   6.731e+02  1.190e+01  Zghiche:1993xg  
  2   4  0.4500   90.0    0.3450   7.596e+02  1.171e+01  Zghiche:1993xg  
  2   4  0.4500   90.0    0.3550   7.938e+02  1.365e+01  Zghiche:1993xg  
  2   4  0.4500   90.0    0.3650   8.113e+02  1.494e+01  Zghiche:1993xg  
  2   4  0.4500   90.0    0.3750   9.407e+02  1.873e+01  Zghiche:1993xg  
  2   4  0.4500   90.0    0.3850   9.532e+02  2.127e+01  Zghiche:1993xg  
  2   4  0.5000   34.0    0.0250   4.783e+03  2.006e+02  Zghiche:1993xg  
  2   4  0.5000   34.0    0.0350   2.479e+04  2.050e+02  Zghiche:1993xg  
  2   4  0.5000   34.0    0.0450   4.537e+04  2.658e+02  Zghiche:1993xg  
  2   4  0.5000   34.0    0.0550   4.591e+04  2.940e+02  Zghiche:1993xg  
  2   4  0.5000   34.0    0.0650   3.888e+04  2.875e+02  Zghiche:1993xg  
  2   4  0.5000   34.0    0.0750   3.249e+04  3.028e+02  Zghiche:1993xg  
  2   4  0.5000   34.0    0.0850   2.451e+04  2.839e+02  Zghiche:1993xg  
  2   4  0.5000   34.0    0.0950   1.844e+04  2.601e+02  Zghiche:1993xg  
  2   4  0.5000   34.0    0.1050   1.405e+04  2.359e+02  Zghiche:1993xg  
  2   4  0.5000   34.0    0.1150   1.030e+04  2.114e+02  Zghiche:1993xg  
  2   4  0.5000   34.0    0.1250   8.195e+03  1.917e+02  Zghiche:1993xg  
  2   4  0.5000   34.0    0.1350   6.436e+03  1.754e+02  Zghiche:1993xg  
  2   4  0.5000   34.0    0.1450   5.126e+03  1.611e+02  Zghiche:1993xg  
  2   4  0.5000   34.0    0.1550   4.319e+03  1.498e+02  Zghiche:1993xg  
  2   4  0.5000   34.0    0.1650   3.880e+03  1.416e+02  Zghiche:1993xg  
  2   4  0.5000   34.0    0.1750   3.486e+03  1.369e+02  Zghiche:1993xg  
  2   4  0.5000   34.0    0.1850   3.740e+03  1.373e+02  Zghiche:1993xg  
  2   4  0.5000   34.0    0.1950   3.618e+03  1.079e+02  Zghiche:1993xg  
  2   4  0.5000   34.0    0.2050   3.692e+03  1.052e+02  Zghiche:1993xg  
  2   4  0.5000   34.0    0.2150   4.196e+03  1.069e+02  Zghiche:1993xg  
  2   4  0.5000   34.0    0.2250   4.459e+03  1.086e+02  Zghiche:1993xg  
  2   4  0.5000   34.0    0.2350   4.815e+03  1.112e+02  Zghiche:1993xg  
  2   4  0.5000   34.0    0.2450   5.356e+03  1.144e+02  Zghiche:1993xg  
  2   4  0.5000   34.0    0.2550   5.553e+03  1.173e+02  Zghiche:1993xg  
  2   4  0.5000   34.0    0.2650   5.745e+03  1.201e+02  Zghiche:1993xg  
  2   4  0.5000   34.0    0.2750   6.207e+03  1.263e+02  Zghiche:1993xg  
  2   4  0.5000   34.0    0.2850   6.670e+03  1.330e+02  Zghiche:1993xg  
  2   4  0.5000   34.0    0.2950   6.799e+03  1.611e+02  Zghiche:1993xg  
  2   4  0.5000   34.0    0.3050   7.623e+03  1.700e+02  Zghiche:1993xg  
  2   4  0.5000   34.0    0.3150   7.696e+03  1.766e+02  Zghiche:1993xg  
  2   4  0.5000   34.0    0.3250   7.621e+03  1.840e+02  Zghiche:1993xg  
  2   4  0.5000   34.0    0.3350   7.536e+03  1.921e+02  Zghiche:1993xg  
  2   4  0.5000   34.0    0.3450   7.914e+03  2.083e+02  Zghiche:1993xg  
  2   4  0.5000   60.0    0.0450   1.525e+01  1.780e+00  Zghiche:1993xg  
  2   4  0.5000   60.0    0.0550   5.209e+02  6.168e+00  Zghiche:1993xg  
  2   4  0.5000   60.0    0.0650   1.054e+03  1.101e+01  Zghiche:1993xg  
  2   4  0.5000   60.0    0.0750   1.427e+03  1.592e+01  Zghiche:1993xg  
  2   4  0.5000   60.0    0.0850   1.909e+03  1.903e+01  Zghiche:1993xg  
  2   4  0.5000   60.0    0.0950   2.414e+03  2.221e+01  Zghiche:1993xg  
  2   4  0.5000   60.0    0.1050   2.889e+03  2.543e+01  Zghiche:1993xg  
  2   4  0.5000   60.0    0.1150   3.201e+03  2.828e+01  Zghiche:1993xg  
  2   4  0.5000   60.0    0.1250   3.177e+03  2.989e+01  Zghiche:1993xg  
  2   4  0.5000   60.0    0.1350   2.971e+03  3.061e+01  Zghiche:1993xg  
  2   4  0.5000   60.0    0.1450   2.502e+03  3.003e+01  Zghiche:1993xg  
  2   4  0.5000   60.0    0.1550   2.084e+03  2.872e+01  Zghiche:1993xg  
  2   4  0.5000   60.0    0.1650   1.657e+03  2.685e+01  Zghiche:1993xg  
  2   4  0.5000   60.0    0.1750   1.342e+03  2.529e+01  Zghiche:1993xg  
  2   4  0.5000   60.0    0.1850   1.154e+03  2.418e+01  Zghiche:1993xg  
  2   4  0.5000   60.0    0.1950   8.987e+02  1.903e+01  Zghiche:1993xg  
  2   4  0.5000   60.0    0.2050   8.021e+02  1.775e+01  Zghiche:1993xg  
  2   4  0.5000   60.0    0.2150   7.423e+02  1.687e+01  Zghiche:1993xg  
  2   4  0.5000   60.0    0.2250   6.840e+02  1.612e+01  Zghiche:1993xg  
  2   4  0.5000   60.0    0.2350   6.825e+02  1.567e+01  Zghiche:1993xg  
  2   4  0.5000   60.0    0.2450   7.288e+02  1.556e+01  Zghiche:1993xg  
  2   4  0.5000   60.0    0.2550   7.546e+02  1.539e+01  Zghiche:1993xg  
  2   4  0.5000   60.0    0.2650   8.110e+02  1.539e+01  Zghiche:1993xg  
  2   4  0.5000   60.0    0.2750   9.339e+02  1.604e+01  Zghiche:1993xg  
  2   4  0.5000   60.0    0.2850   1.075e+03  1.698e+01  Zghiche:1993xg  
  2   4  0.5000   60.0    0.2950   1.135e+03  2.280e+01  Zghiche:1993xg  
  2   4  0.5000   60.0    0.3050   1.271e+03  2.408e+01  Zghiche:1993xg  
  2   4  0.5000   60.0    0.3150   1.399e+03  2.539e+01  Zghiche:1993xg  
  2   4  0.5000   60.0    0.3250   1.480e+03  2.670e+01  Zghiche:1993xg  
  2   4  0.5000   60.0    0.3350   1.487e+03  2.772e+01  Zghiche:1993xg  
  2   4  0.5000   60.0    0.3450   1.657e+03  3.042e+01  Zghiche:1993xg  
  2   4  0.5000   60.0    0.3550   1.638e+03  3.333e+01  Zghiche:1993xg  
  2   4  0.5000   60.0    0.3650   1.777e+03  3.535e+01  Zghiche:1993xg  
  2   4  0.5000   60.0    0.3750   1.665e+03  3.664e+01  Zghiche:1993xg  
  2   4  0.5000   60.0    0.3850   1.768e+03  4.037e+01  Zghiche:1993xg  
  2   4  0.5000   75.0    0.0650   6.220e+01  2.462e+00  Zghiche:1993xg  
  2   4  0.5000   75.0    0.0750   1.156e+02  2.476e+00  Zghiche:1993xg  
  2   4  0.5000   75.0    0.0850   1.744e+02  3.100e+00  Zghiche:1993xg  
  2   4  0.5000   75.0    0.0950   2.827e+02  4.006e+00  Zghiche:1993xg  
  2   4  0.5000   75.0    0.1050   4.125e+02  4.985e+00  Zghiche:1993xg  
  2   4  0.5000   75.0    0.1150   5.878e+02  6.119e+00  Zghiche:1993xg  
  2   4  0.5000   75.0    0.1250   7.925e+02  7.346e+00  Zghiche:1993xg  
  2   4  0.5000   75.0    0.1350   9.992e+02  8.649e+00  Zghiche:1993xg  
  2   4  0.5000   75.0    0.1450   1.126e+03  9.767e+00  Zghiche:1993xg  
  2   4  0.5000   75.0    0.1550   1.161e+03  1.063e+01  Zghiche:1993xg  
  2   4  0.5000   75.0    0.1650   1.134e+03  1.117e+01  Zghiche:1993xg  
  2   4  0.5000   75.0    0.1750   1.051e+03  1.154e+01  Zghiche:1993xg  
  2   4  0.5000   75.0    0.1850   9.386e+02  1.172e+01  Zghiche:1993xg  
  2   4  0.5000   75.0    0.1950   7.863e+02  1.031e+01  Zghiche:1993xg  
  2   4  0.5000   75.0    0.2050   6.526e+02  1.039e+01  Zghiche:1993xg  
  2   4  0.5000   75.0    0.2150   5.495e+02  9.790e+00  Zghiche:1993xg  
  2   4  0.5000   75.0    0.2250   4.718e+02  9.244e+00  Zghiche:1993xg  
  2   4  0.5000   75.0    0.2350   3.989e+02  8.757e+00  Zghiche:1993xg  
  2   4  0.5000   75.0    0.2450   3.699e+02  8.396e+00  Zghiche:1993xg  
  2   4  0.5000   75.0    0.2550   3.491e+02  8.134e+00  Zghiche:1993xg  
  2   4  0.5000   75.0    0.2650   3.447e+02  7.962e+00  Zghiche:1993xg  
  2   4  0.5000   75.0    0.2750   3.787e+02  8.139e+00  Zghiche:1993xg  
  2   4  0.5000   75.0    0.2850   4.410e+02  8.570e+00  Zghiche:1993xg  
  2   4  0.5000   75.0    0.2950   4.863e+02  1.084e+01  Zghiche:1993xg  
  2   4  0.5000   75.0    0.3050   5.672e+02  1.146e+01  Zghiche:1993xg  
  2   4  0.5000   75.0    0.3150   6.116e+02  1.194e+01  Zghiche:1993xg  
  2   4  0.5000   75.0    0.3250   6.620e+02  1.253e+01  Zghiche:1993xg  
  2   4  0.5000   75.0    0.3350   6.771e+02  1.308e+01  Zghiche:1993xg  
  2   4  0.5000   75.0    0.3450   8.121e+02  1.461e+01  Zghiche:1993xg  
  2   4  0.5000   75.0    0.3550   8.921e+02  1.647e+01  Zghiche:1993xg  
  2   4  0.5000   75.0    0.3650   9.407e+02  1.738e+01  Zghiche:1993xg  
  2   4  0.5000   75.0    0.3750   9.568e+02  1.824e+01  Zghiche:1993xg  
  2   4  0.5000   75.0    0.3850   1.022e+03  2.008e+01  Zghiche:1993xg  
  2   4  0.5000   75.0    0.3950   1.040e+03  1.944e+01  Zghiche:1993xg  
  2   4  0.5000   75.0    0.4050   9.929e+02  2.226e+01  Zghiche:1993xg  
  2   4  0.5000   75.0    0.4150   1.012e+03  2.440e+01  Zghiche:1993xg  
  2   4  0.5000  145.0    0.1300   3.556e-01  5.881e-02  Zghiche:1993xg  
  2   4  0.5000  145.0    0.1400   1.028e+00  1.009e-01  Zghiche:1993xg  
  2   4  0.5000  145.0    0.1500   2.214e+00  1.522e-01  Zghiche:1993xg  
  2   4  0.5000  145.0    0.1600   3.720e+00  1.986e-01  Zghiche:1993xg  
  2   4  0.5000  145.0    0.1700   6.432e+00  2.614e-01  Zghiche:1993xg  
  2   4  0.5000  145.0    0.1800   1.114e+01  3.547e-01  Zghiche:1993xg  
  2   4  0.5000  145.0    0.1900   1.914e+01  4.754e-01  Zghiche:1993xg  
  2   4  0.5000  145.0    0.2000   2.812e+01  4.730e-01  Zghiche:1993xg  
  2   4  0.5000  145.0    0.2100   4.466e+01  6.216e-01  Zghiche:1993xg  
  2   4  0.5000  145.0    0.2200   6.431e+01  7.770e-01  Zghiche:1993xg  
  2   4  0.5000  145.0    0.2300   8.753e+01  9.553e-01  Zghiche:1993xg  
  2   4  0.5000  145.0    0.2400   1.092e+02  1.134e+00  Zghiche:1993xg  
  2   4  0.5000  145.0    0.2500   1.299e+02  1.320e+00  Zghiche:1993xg  
  2   4  0.5000  145.0    0.2600   1.351e+02  1.472e+00  Zghiche:1993xg  
  2   4  0.5000  145.0    0.2700   1.370e+02  1.608e+00  Zghiche:1993xg  
  2   4  0.5000  145.0    0.2800   1.325e+02  1.721e+00  Zghiche:1993xg  
  2   4  0.5000  145.0    0.2900   1.137e+02  1.765e+00  Zghiche:1993xg  
  2   4  0.5000  145.0    0.3000   1.016e+02  2.013e+00  Zghiche:1993xg  
  2   4  0.5000  145.0    0.3100   9.327e+01  1.987e+00  Zghiche:1993xg  
  2   4  0.5000  145.0    0.3200   8.430e+01  1.930e+00  Zghiche:1993xg  
  2   4  0.5000  145.0    0.3300   8.221e+01  1.921e+00  Zghiche:1993xg  
  2   4  0.5000  145.0    0.3400   9.220e+01  2.026e+00  Zghiche:1993xg  
  2   4  0.5000  145.0    0.3500   1.029e+02  2.044e+00  Zghiche:1993xg  
  2   4  0.5000  145.0    0.3600   1.225e+02  2.572e+00  Zghiche:1993xg  
  2   4  0.5000  145.0    0.3700   1.477e+02  2.794e+00  Zghiche:1993xg  
  2   4  0.5000  145.0    0.3800   1.620e+02  3.017e+00  Zghiche:1993xg  
  2   4  0.5000  145.0    0.3900   2.025e+02  3.486e+00  Zghiche:1993xg  
  2   4  0.5000  145.0    0.4000   2.257e+02  3.905e+00  Zghiche:1993xg  
  2   4  0.5000  145.0    0.4100   2.331e+02  4.220e+00  Zghiche:1993xg  
  2   4  0.5000  145.0    0.4200   2.718e+02  4.808e+00  Zghiche:1993xg  
  2   4  0.5000  145.0    0.4300   2.698e+02  5.465e+00  Zghiche:1993xg  
  2   4  0.5500   34.0    0.0300   3.129e+03  1.033e+02  Zghiche:1993xg  
  2   4  0.5500   34.0    0.0400   2.410e+04  1.503e+02  Zghiche:1993xg  
  2   4  0.5500   34.0    0.0500   3.322e+04  1.831e+02  Zghiche:1993xg  
  2   4  0.5500   34.0    0.0600   3.422e+04  2.065e+02  Zghiche:1993xg  
  2   4  0.5500   34.0    0.0700   3.154e+04  2.197e+02  Zghiche:1993xg  
  2   4  0.5500   34.0    0.0800   2.672e+04  2.239e+02  Zghiche:1993xg  
  2   4  0.5500   34.0    0.0900   2.103e+04  2.176e+02  Zghiche:1993xg  
  2   4  0.5500   34.0    0.1000   1.650e+04  2.045e+02  Zghiche:1993xg  
  2   4  0.5500   34.0    0.1100   1.257e+04  1.871e+02  Zghiche:1993xg  
  2   4  0.5500   34.0    0.1200   1.010e+04  1.508e+02  Zghiche:1993xg  
  2   4  0.5500   34.0    0.1300   7.735e+03  1.378e+02  Zghiche:1993xg  
  2   4  0.5500   34.0    0.1400   6.219e+03  1.264e+02  Zghiche:1993xg  
  2   4  0.5500   34.0    0.1500   5.106e+03  1.158e+02  Zghiche:1993xg  
  2   4  0.5500   34.0    0.1600   4.291e+03  1.072e+02  Zghiche:1993xg  
  2   4  0.5500   34.0    0.1700   3.702e+03  9.987e+01  Zghiche:1993xg  
  2   4  0.5500   34.0    0.1800   3.211e+03  9.369e+01  Zghiche:1993xg  
  2   4  0.5500   34.0    0.1900   3.244e+03  8.984e+01  Zghiche:1993xg  
  2   4  0.5500   34.0    0.2000   3.222e+03  8.691e+01  Zghiche:1993xg  
  2   4  0.5500   34.0    0.2100   3.258e+03  8.487e+01  Zghiche:1993xg  
  2   4  0.5500   34.0    0.2200   3.420e+03  8.400e+01  Zghiche:1993xg  
  2   4  0.5500   34.0    0.2300   3.792e+03  8.583e+01  Zghiche:1993xg  
  2   4  0.5500   34.0    0.2400   4.246e+03  8.804e+01  Zghiche:1993xg  
  2   4  0.5500   34.0    0.2500   4.430e+03  8.218e+01  Zghiche:1993xg  
  2   4  0.5500   34.0    0.2600   4.888e+03  9.153e+01  Zghiche:1993xg  
  2   4  0.5500   34.0    0.2700   5.217e+03  9.432e+01  Zghiche:1993xg  
  2   4  0.5500   34.0    0.2800   5.361e+03  9.687e+01  Zghiche:1993xg  
  2   4  0.5500   34.0    0.2900   5.664e+03  9.956e+01  Zghiche:1993xg  
  2   4  0.5500   34.0    0.3000   5.733e+03  1.020e+02  Zghiche:1993xg  
  2   4  0.5500   34.0    0.3100   6.252e+03  1.056e+02  Zghiche:1993xg  
  2   4  0.5500   34.0    0.3200   6.142e+03  1.087e+02  Zghiche:1993xg  
  2   4  0.5500   34.0    0.3300   6.836e+03  1.157e+02  Zghiche:1993xg  
  2   4  0.5500   34.0    0.3400   6.457e+03  1.239e+02  Zghiche:1993xg  
  2   4  0.5500   34.0    0.3500   6.461e+03  1.517e+02  Zghiche:1993xg  
  2   4  0.5500   34.0    0.3600   6.631e+03  1.571e+02  Zghiche:1993xg  
  2   4  0.5500   34.0    0.3700   6.273e+03  1.612e+02  Zghiche:1993xg  
  2   4  0.5500   34.0    0.3800   6.342e+03  1.682e+02  Zghiche:1993xg  
  2   4  0.5500   34.0    0.3900   5.986e+03  1.773e+02  Zghiche:1993xg  
  2   4  0.5500   60.0    0.0500   2.667e+00  9.119e-01  Zghiche:1993xg  
  2   4  0.5500   60.0    0.0600   1.448e+02  3.325e+00  Zghiche:1993xg  
  2   4  0.5500   60.0    0.0700   4.048e+02  6.177e+00  Zghiche:1993xg  
  2   4  0.5500   60.0    0.0800   6.355e+02  8.155e+00  Zghiche:1993xg  
  2   4  0.5500   60.0    0.0900   9.052e+02  1.019e+01  Zghiche:1993xg  
  2   4  0.5500   60.0    0.1000   1.268e+03  1.254e+01  Zghiche:1993xg  
  2   4  0.5500   60.0    0.1100   1.676e+03  1.502e+01  Zghiche:1993xg  
  2   4  0.5500   60.0    0.1200   1.993e+03  1.609e+01  Zghiche:1993xg  
  2   4  0.5500   60.0    0.1300   2.239e+03  1.799e+01  Zghiche:1993xg  
  2   4  0.5500   60.0    0.1400   2.382e+03  1.974e+01  Zghiche:1993xg  
  2   4  0.5500   60.0    0.1500   2.307e+03  2.078e+01  Zghiche:1993xg  
  2   4  0.5500   60.0    0.1600   2.037e+03  2.105e+01  Zghiche:1993xg  
  2   4  0.5500   60.0    0.1700   1.769e+03  2.064e+01  Zghiche:1993xg  
  2   4  0.5500   60.0    0.1800   1.458e+03  1.976e+01  Zghiche:1993xg  
  2   4  0.5500   60.0    0.1900   1.218e+03  1.870e+01  Zghiche:1993xg  
  2   4  0.5500   60.0    0.2000   9.940e+02  1.757e+01  Zghiche:1993xg  
  2   4  0.5500   60.0    0.2100   8.521e+02  1.653e+01  Zghiche:1993xg  
  2   4  0.5500   60.0    0.2200   7.178e+02  1.553e+01  Zghiche:1993xg  
  2   4  0.5500   60.0    0.2300   6.148e+02  1.492e+01  Zghiche:1993xg  
  2   4  0.5500   60.0    0.2400   6.170e+02  1.464e+01  Zghiche:1993xg  
  2   4  0.5500   60.0    0.2500   5.905e+02  1.300e+01  Zghiche:1993xg  
  2   4  0.5500   60.0    0.2600   6.142e+02  1.334e+01  Zghiche:1993xg  
  2   4  0.5500   60.0    0.2700   6.517e+02  1.334e+01  Zghiche:1993xg  
  2   4  0.5500   60.0    0.2800   6.959e+02  1.350e+01  Zghiche:1993xg  
  2   4  0.5500   60.0    0.2900   7.392e+02  1.379e+01  Zghiche:1993xg  
  2   4  0.5500   60.0    0.3000   8.161e+02  1.407e+01  Zghiche:1993xg  
  2   4  0.5500   60.0    0.3100   9.005e+02  1.450e+01  Zghiche:1993xg  
  2   4  0.5500   60.0    0.3200   9.970e+02  1.509e+01  Zghiche:1993xg  
  2   4  0.5500   60.0    0.3300   1.161e+03  1.631e+01  Zghiche:1993xg  
  2   4  0.5500   60.0    0.3400   1.234e+03  1.728e+01  Zghiche:1993xg  
  2   4  0.5500   60.0    0.3500   1.264e+03  2.078e+01  Zghiche:1993xg  
  2   4  0.5500   60.0    0.3600   1.350e+03  2.178e+01  Zghiche:1993xg  
  2   4  0.5500   60.0    0.3700   1.374e+03  2.255e+01  Zghiche:1993xg  
  2   4  0.5500   60.0    0.3800   1.374e+03  2.340e+01  Zghiche:1993xg  
  2   4  0.5500   60.0    0.3900   1.425e+03  2.473e+01  Zghiche:1993xg  
  2   4  0.5500   60.0    0.4000   1.464e+03  2.120e+01  Zghiche:1993xg  
  2   4  0.5500   60.0    0.4100   1.466e+03  2.136e+01  Zghiche:1993xg  
  2   4  0.5500   60.0    0.4200   1.494e+03  2.263e+01  Zghiche:1993xg  
  2   4  0.5500   60.0    0.4300   1.385e+03  2.415e+01  Zghiche:1993xg  
  2   4  0.5500   60.0    0.4400   1.507e+03  2.690e+01  Zghiche:1993xg  
  2   4  0.5500   75.0    0.0700   9.174e-01  1.081e-01  Zghiche:1993xg  
  2   4  0.5500   75.0    0.0800   3.251e+01  9.726e-01  Zghiche:1993xg  
  2   4  0.5500   75.0    0.0900   5.408e+01  1.325e+00  Zghiche:1993xg  
  2   4  0.5500   75.0    0.1000   9.237e+01  1.772e+00  Zghiche:1993xg  
  2   4  0.5500   75.0    0.1100   1.464e+02  2.275e+00  Zghiche:1993xg  
  2   4  0.5500   75.0    0.1200   2.148e+02  3.125e+00  Zghiche:1993xg  
  2   4  0.5500   75.0    0.1300   3.194e+02  3.876e+00  Zghiche:1993xg  
  2   4  0.5500   75.0    0.1400   4.481e+02  4.715e+00  Zghiche:1993xg  
  2   4  0.5500   75.0    0.1500   5.824e+02  5.569e+00  Zghiche:1993xg  
  2   4  0.5500   75.0    0.1600   7.156e+02  6.478e+00  Zghiche:1993xg  
  2   4  0.5500   75.0    0.1700   7.946e+02  7.255e+00  Zghiche:1993xg  
  2   4  0.5500   75.0    0.1800   8.258e+02  7.875e+00  Zghiche:1993xg  
  2   4  0.5500   75.0    0.1900   8.115e+02  8.257e+00  Zghiche:1993xg  
  2   4  0.5500   75.0    0.2000   7.717e+02  8.501e+00  Zghiche:1993xg  
  2   4  0.5500   75.0    0.2100   6.790e+02  8.488e+00  Zghiche:1993xg  
  2   4  0.5500   75.0    0.2200   5.873e+02  8.310e+00  Zghiche:1993xg  
  2   4  0.5500   75.0    0.2300   5.256e+02  8.203e+00  Zghiche:1993xg  
  2   4  0.5500   75.0    0.2400   4.507e+02  7.980e+00  Zghiche:1993xg  
  2   4  0.5500   75.0    0.2500   3.954e+02  6.940e+00  Zghiche:1993xg  
  2   4  0.5500   75.0    0.2600   3.348e+02  6.697e+00  Zghiche:1993xg  
  2   4  0.5500   75.0    0.2700   3.066e+02  6.420e+00  Zghiche:1993xg  
  2   4  0.5500   75.0    0.2800   3.031e+02  6.275e+00  Zghiche:1993xg  
  2   4  0.5500   75.0    0.2900   2.945e+02  6.203e+00  Zghiche:1993xg  
  2   4  0.5500   75.0    0.3000   3.174e+02  6.230e+00  Zghiche:1993xg  
  2   4  0.5500   75.0    0.3100   3.544e+02  6.368e+00  Zghiche:1993xg  
  2   4  0.5500   75.0    0.3200   3.974e+02  6.614e+00  Zghiche:1993xg  
  2   4  0.5500   75.0    0.3300   4.702e+02  7.157e+00  Zghiche:1993xg  
  2   4  0.5500   75.0    0.3400   5.193e+02  7.657e+00  Zghiche:1993xg  
  2   4  0.5500   75.0    0.3500   5.712e+02  9.186e+00  Zghiche:1993xg  
  2   4  0.5500   75.0    0.3600   6.113e+02  9.606e+00  Zghiche:1993xg  
  2   4  0.5500   75.0    0.3700   6.520e+02  1.004e+01  Zghiche:1993xg  
  2   4  0.5500   75.0    0.3800   7.271e+02  1.070e+01  Zghiche:1993xg  
  2   4  0.5500   75.0    0.3900   7.441e+02  1.135e+01  Zghiche:1993xg  
  2   4  0.5500   75.0    0.4000   8.017e+02  1.203e+01  Zghiche:1993xg  
  2   4  0.5500   75.0    0.4100   8.027e+02  1.531e+01  Zghiche:1993xg  
  2   4  0.5500   75.0    0.4200   8.346e+02  1.604e+01  Zghiche:1993xg  
  2   4  0.5500   75.0    0.4300   7.749e+02  1.659e+01  Zghiche:1993xg  
  2   4  0.5500   75.0    0.4400   8.543e+02  1.844e+01  Zghiche:1993xg  
  2   4  0.5500   75.0    0.4500   8.388e+02  1.896e+01  Zghiche:1993xg  
  2   4  0.5500   75.0    0.4600   8.337e+02  2.045e+01  Zghiche:1993xg  
  2   4  0.5500  145.0    0.1550   1.681e-01  3.346e-02  Zghiche:1993xg  
  2   4  0.5500  145.0    0.1650   3.354e-01  4.987e-02  Zghiche:1993xg  
  2   4  0.5500  145.0    0.1750   9.661e-01  8.538e-02  Zghiche:1993xg  
  2   4  0.5500  145.0    0.1850   1.767e+00  1.183e-01  Zghiche:1993xg  
  2   4  0.5500  145.0    0.1950   2.950e+00  1.527e-01  Zghiche:1993xg  
  2   4  0.5500  145.0    0.2050   4.741e+00  1.954e-01  Zghiche:1993xg  
  2   4  0.5500  145.0    0.2150   7.975e+00  2.540e-01  Zghiche:1993xg  
  2   4  0.5500  145.0    0.2250   1.379e+01  3.370e-01  Zghiche:1993xg  
  2   4  0.5500  145.0    0.2350   2.206e+01  4.442e-01  Zghiche:1993xg  
  2   4  0.5500  145.0    0.2450   3.543e+01  4.838e-01  Zghiche:1993xg  
  2   4  0.5500  145.0    0.2550   4.674e+01  6.457e-01  Zghiche:1993xg  
  2   4  0.5500  145.0    0.2650   6.396e+01  7.827e-01  Zghiche:1993xg  
  2   4  0.5500  145.0    0.2750   8.349e+01  9.334e-01  Zghiche:1993xg  
  2   4  0.5500  145.0    0.2850   9.889e+01  1.079e+00  Zghiche:1993xg  
  2   4  0.5500  145.0    0.2950   1.106e+02  1.213e+00  Zghiche:1993xg  
  2   4  0.5500  145.0    0.3050   1.109e+02  1.301e+00  Zghiche:1993xg  
  2   4  0.5500  145.0    0.3150   1.041e+02  1.358e+00  Zghiche:1993xg  
  2   4  0.5500  145.0    0.3250   9.824e+01  1.413e+00  Zghiche:1993xg  
  2   4  0.5500  145.0    0.3350   8.980e+01  1.426e+00  Zghiche:1993xg  
  2   4  0.5500  145.0    0.3450   7.095e+01  1.557e+00  Zghiche:1993xg  
  2   4  0.5500  145.0    0.3550   6.923e+01  1.564e+00  Zghiche:1993xg  
  2   4  0.5500  145.0    0.3650   7.178e+01  1.583e+00  Zghiche:1993xg  
  2   4  0.5500  145.0    0.3750   7.702e+01  1.626e+00  Zghiche:1993xg  
  2   4  0.5500  145.0    0.3850   8.011e+01  1.684e+00  Zghiche:1993xg  
  2   4  0.5500  145.0    0.3950   9.632e+01  1.858e+00  Zghiche:1993xg  
  2   4  0.5500  145.0    0.4050   1.315e+02  2.552e+00  Zghiche:1993xg  
  2   4  0.5500  145.0    0.4150   1.622e+02  2.829e+00  Zghiche:1993xg  
  2   4  0.5500  145.0    0.4250   1.824e+02  3.070e+00  Zghiche:1993xg  
  2   4  0.5500  145.0    0.4350   1.975e+02  3.378e+00  Zghiche:1993xg  
  2   4  0.5500  145.0    0.4450   2.267e+02  3.554e+00  Zghiche:1993xg  
  2   4  0.5500  145.0    0.4550   2.452e+02  4.390e+00  Zghiche:1993xg  
  2   4  0.5500  145.0    0.4650   2.457e+02  4.727e+00  Zghiche:1993xg  
  2   4  0.5500  145.0    0.4750   2.909e+02  7.959e+00  Zghiche:1993xg  
  2   4  0.5500  145.0    0.4850   2.535e+02  8.471e+00  Zghiche:1993xg  
  2   4  0.6000   34.0    0.0300   1.536e+03  6.954e+01  Zghiche:1993xg  
  2   4  0.6000   34.0    0.0400   1.175e+04  9.177e+01  Zghiche:1993xg  
  2   4  0.6000   34.0    0.0500   2.301e+04  1.297e+02  Zghiche:1993xg  
  2   4  0.6000   34.0    0.0600   2.633e+04  1.523e+02  Zghiche:1993xg  
  2   4  0.6000   34.0    0.0700   2.745e+04  1.710e+02  Zghiche:1993xg  
  2   4  0.6000   34.0    0.0800   2.537e+04  1.807e+02  Zghiche:1993xg  
  2   4  0.6000   34.0    0.0900   2.178e+04  1.822e+02  Zghiche:1993xg  
  2   4  0.6000   34.0    0.1000   1.765e+04  1.760e+02  Zghiche:1993xg  
  2   4  0.6000   34.0    0.1100   1.362e+04  1.645e+02  Zghiche:1993xg  
  2   4  0.6000   34.0    0.1200   1.049e+04  1.511e+02  Zghiche:1993xg  
  2   4  0.6000   34.0    0.1300   8.201e+03  1.395e+02  Zghiche:1993xg  
  2   4  0.6000   34.0    0.1400   6.352e+03  1.287e+02  Zghiche:1993xg  
  2   4  0.6000   34.0    0.1500   4.995e+03  1.177e+02  Zghiche:1993xg  
  2   4  0.6000   34.0    0.1600   4.291e+03  1.093e+02  Zghiche:1993xg  
  2   4  0.6000   34.0    0.1700   3.939e+03  9.002e+01  Zghiche:1993xg  
  2   4  0.6000   34.0    0.1800   3.186e+03  8.422e+01  Zghiche:1993xg  
  2   4  0.6000   34.0    0.1900   3.203e+03  8.051e+01  Zghiche:1993xg  
  2   4  0.6000   34.0    0.2000   3.014e+03  7.700e+01  Zghiche:1993xg  
  2   4  0.6000   34.0    0.2100   2.920e+03  7.419e+01  Zghiche:1993xg  
  2   4  0.6000   34.0    0.2200   3.016e+03  7.248e+01  Zghiche:1993xg  
  2   4  0.6000   34.0    0.2300   3.205e+03  7.172e+01  Zghiche:1993xg  
  2   4  0.6000   34.0    0.2400   3.384e+03  7.163e+01  Zghiche:1993xg  
  2   4  0.6000   34.0    0.2500   3.846e+03  7.266e+01  Zghiche:1993xg  
  2   4  0.6000   34.0    0.2600   3.999e+03  7.325e+01  Zghiche:1993xg  
  2   4  0.6000   34.0    0.2700   4.351e+03  7.474e+01  Zghiche:1993xg  
  2   4  0.6000   34.0    0.2800   4.697e+03  7.778e+01  Zghiche:1993xg  
  2   4  0.6000   34.0    0.2900   5.006e+03  8.046e+01  Zghiche:1993xg  
  2   4  0.6000   34.0    0.3000   5.221e+03  7.695e+01  Zghiche:1993xg  
  2   4  0.6000   34.0    0.3100   5.528e+03  8.881e+01  Zghiche:1993xg  
  2   4  0.6000   34.0    0.3200   5.632e+03  9.106e+01  Zghiche:1993xg  
  2   4  0.6000   34.0    0.3300   5.727e+03  9.332e+01  Zghiche:1993xg  
  2   4  0.6000   34.0    0.3400   5.727e+03  9.507e+01  Zghiche:1993xg  
  2   4  0.6000   34.0    0.3500   5.832e+03  9.720e+01  Zghiche:1993xg  
  2   4  0.6000   34.0    0.3600   5.721e+03  9.890e+01  Zghiche:1993xg  
  2   4  0.6000   34.0    0.3700   5.639e+03  1.011e+02  Zghiche:1993xg  
  2   4  0.6000   34.0    0.3800   5.711e+03  1.056e+02  Zghiche:1993xg  
  2   4  0.6000   34.0    0.3900   5.446e+03  1.065e+02  Zghiche:1993xg  
  2   4  0.6000   34.0    0.4000   4.944e+03  1.202e+02  Zghiche:1993xg  
  2   4  0.6000   34.0    0.4100   4.887e+03  1.237e+02  Zghiche:1993xg  
  2   4  0.6000   34.0    0.4200   4.726e+03  1.280e+02  Zghiche:1993xg  
  2   4  0.6000   34.0    0.4300   4.836e+03  1.342e+02  Zghiche:1993xg  
  2   4  0.6000   34.0    0.4400   4.805e+03  1.430e+02  Zghiche:1993xg  
  2   4  0.6000   60.0    0.0600   3.467e+00  4.682e-01  Zghiche:1993xg  
  2   4  0.6000   60.0    0.0700   1.257e+02  3.182e+00  Zghiche:1993xg  
  2   4  0.6000   60.0    0.0800   2.201e+02  4.369e+00  Zghiche:1993xg  
  2   4  0.6000   60.0    0.0900   3.209e+02  5.372e+00  Zghiche:1993xg  
  2   4  0.6000   60.0    0.1000   4.736e+02  6.679e+00  Zghiche:1993xg  
  2   4  0.6000   60.0    0.1100   6.605e+02  8.080e+00  Zghiche:1993xg  
  2   4  0.6000   60.0    0.1200   9.240e+02  9.836e+00  Zghiche:1993xg  
  2   4  0.6000   60.0    0.1300   1.150e+03  1.159e+01  Zghiche:1993xg  
  2   4  0.6000   60.0    0.1400   1.407e+03  1.359e+01  Zghiche:1993xg  
  2   4  0.6000   60.0    0.1500   1.589e+03  1.528e+01  Zghiche:1993xg  
  2   4  0.6000   60.0    0.1600   1.672e+03  1.649e+01  Zghiche:1993xg  
  2   4  0.6000   60.0    0.1700   1.678e+03  1.631e+01  Zghiche:1993xg  
  2   4  0.6000   60.0    0.1800   1.536e+03  1.661e+01  Zghiche:1993xg  
  2   4  0.6000   60.0    0.1900   1.348e+03  1.641e+01  Zghiche:1993xg  
  2   4  0.6000   60.0    0.2000   1.193e+03  1.600e+01  Zghiche:1993xg  
  2   4  0.6000   60.0    0.2100   1.008e+03  1.539e+01  Zghiche:1993xg  
  2   4  0.6000   60.0    0.2200   8.300e+02  1.450e+01  Zghiche:1993xg  
  2   4  0.6000   60.0    0.2300   6.956e+02  1.365e+01  Zghiche:1993xg  
  2   4  0.6000   60.0    0.2400   6.207e+02  1.300e+01  Zghiche:1993xg  
  2   4  0.6000   60.0    0.2500   5.403e+02  1.238e+01  Zghiche:1993xg  
  2   4  0.6000   60.0    0.2600   4.983e+02  1.188e+01  Zghiche:1993xg  
  2   4  0.6000   60.0    0.2700   4.828e+02  1.159e+01  Zghiche:1993xg  
  2   4  0.6000   60.0    0.2800   4.886e+02  1.169e+01  Zghiche:1993xg  
  2   4  0.6000   60.0    0.2900   5.423e+02  1.198e+01  Zghiche:1993xg  
  2   4  0.6000   60.0    0.3000   5.986e+02  1.102e+01  Zghiche:1993xg  
  2   4  0.6000   60.0    0.3100   6.519e+02  1.186e+01  Zghiche:1993xg  
  2   4  0.6000   60.0    0.3200   7.374e+02  1.229e+01  Zghiche:1993xg  
  2   4  0.6000   60.0    0.3300   7.640e+02  1.265e+01  Zghiche:1993xg  
  2   4  0.6000   60.0    0.3400   8.399e+02  1.317e+01  Zghiche:1993xg  
  2   4  0.6000   60.0    0.3500   9.319e+02  1.370e+01  Zghiche:1993xg  
  2   4  0.6000   60.0    0.3600   9.634e+02  1.413e+01  Zghiche:1993xg  
  2   4  0.6000   60.0    0.3700   1.004e+03  1.464e+01  Zghiche:1993xg  
  2   4  0.6000   60.0    0.3800   1.058e+03  1.543e+01  Zghiche:1993xg  
  2   4  0.6000   60.0    0.3900   1.142e+03  1.661e+01  Zghiche:1993xg  
  2   4  0.6000   60.0    0.4000   1.132e+03  2.024e+01  Zghiche:1993xg  
  2   4  0.6000   60.0    0.4100   1.141e+03  2.085e+01  Zghiche:1993xg  
  2   4  0.6000   60.0    0.4200   1.035e+03  2.091e+01  Zghiche:1993xg  
  2   4  0.6000   60.0    0.4300   1.071e+03  2.162e+01  Zghiche:1993xg  
  2   4  0.6000   60.0    0.4400   1.014e+03  2.246e+01  Zghiche:1993xg  
  2   4  0.6000   60.0    0.4500   1.121e+03  2.141e+01  Zghiche:1993xg  
  2   4  0.6000   60.0    0.4600   1.094e+03  2.508e+01  Zghiche:1993xg  
  2   4  0.6000   60.0    0.4700   9.112e+02  2.554e+01  Zghiche:1993xg  
  2   4  0.6000   60.0    0.4800   9.317e+02  2.722e+01  Zghiche:1993xg  
  2   4  0.6000   60.0    0.4900   1.014e+03  3.058e+01  Zghiche:1993xg  
  2   4  0.6000   75.0    0.0750   1.048e-01  1.262e-01  Zghiche:1993xg  
  2   4  0.6000   75.0    0.0850   4.959e+00  4.810e-01  Zghiche:1993xg  
  2   4  0.6000   75.0    0.0950   1.545e+01  9.487e-01  Zghiche:1993xg  
  2   4  0.6000   75.0    0.1050   2.649e+01  1.229e+00  Zghiche:1993xg  
  2   4  0.6000   75.0    0.1150   4.155e+01  1.584e+00  Zghiche:1993xg  
  2   4  0.6000   75.0    0.1250   6.779e+01  2.043e+00  Zghiche:1993xg  
  2   4  0.6000   75.0    0.1350   1.116e+02  2.742e+00  Zghiche:1993xg  
  2   4  0.6000   75.0    0.1450   1.680e+02  3.448e+00  Zghiche:1993xg  
  2   4  0.6000   75.0    0.1550   2.423e+02  4.252e+00  Zghiche:1993xg  
  2   4  0.6000   75.0    0.1650   3.383e+02  4.134e+00  Zghiche:1993xg  
  2   4  0.6000   75.0    0.1750   4.191e+02  4.469e+00  Zghiche:1993xg  
  2   4  0.6000   75.0    0.1850   5.057e+02  5.095e+00  Zghiche:1993xg  
  2   4  0.6000   75.0    0.1950   5.655e+02  5.667e+00  Zghiche:1993xg  
  2   4  0.6000   75.0    0.2050   6.235e+02  6.239e+00  Zghiche:1993xg  
  2   4  0.6000   75.0    0.2150   6.126e+02  6.565e+00  Zghiche:1993xg  
  2   4  0.6000   75.0    0.2250   5.632e+02  6.666e+00  Zghiche:1993xg  
  2   4  0.6000   75.0    0.2350   5.070e+02  6.649e+00  Zghiche:1993xg  
  2   4  0.6000   75.0    0.2450   4.572e+02  6.564e+00  Zghiche:1993xg  
  2   4  0.6000   75.0    0.2550   3.954e+02  6.389e+00  Zghiche:1993xg  
  2   4  0.6000   75.0    0.2650   3.325e+02  6.128e+00  Zghiche:1993xg  
  2   4  0.6000   75.0    0.2750   3.003e+02  5.965e+00  Zghiche:1993xg  
  2   4  0.6000   75.0    0.2850   2.825e+02  5.934e+00  Zghiche:1993xg  
  2   4  0.6000   75.0    0.2950   2.557e+02  5.226e+00  Zghiche:1993xg  
  2   4  0.6000   75.0    0.3050   2.508e+02  5.410e+00  Zghiche:1993xg  
  2   4  0.6000   75.0    0.3150   2.629e+02  5.403e+00  Zghiche:1993xg  
  2   4  0.6000   75.0    0.3250   2.835e+02  5.482e+00  Zghiche:1993xg  
  2   4  0.6000   75.0    0.3350   2.954e+02  5.586e+00  Zghiche:1993xg  
  2   4  0.6000   75.0    0.3450   3.239e+02  5.780e+00  Zghiche:1993xg  
  2   4  0.6000   75.0    0.3550   3.606e+02  6.018e+00  Zghiche:1993xg  
  2   4  0.6000   75.0    0.3650   3.922e+02  6.300e+00  Zghiche:1993xg  
  2   4  0.6000   75.0    0.3750   4.508e+02  6.799e+00  Zghiche:1993xg  
  2   4  0.6000   75.0    0.3850   5.052e+02  7.341e+00  Zghiche:1993xg  
  2   4  0.6000   75.0    0.3950   5.198e+02  9.529e+00  Zghiche:1993xg  
  2   4  0.6000   75.0    0.4050   5.391e+02  9.852e+00  Zghiche:1993xg  
  2   4  0.6000   75.0    0.4150   5.513e+02  1.018e+01  Zghiche:1993xg  
  2   4  0.6000   75.0    0.4250   5.869e+02  1.063e+01  Zghiche:1993xg  
  2   4  0.6000   75.0    0.4350   5.777e+02  1.104e+01  Zghiche:1993xg  
  2   4  0.6000   75.0    0.4450   6.346e+02  1.201e+01  Zghiche:1993xg  
  2   4  0.6000   75.0    0.4550   6.282e+02  1.339e+01  Zghiche:1993xg  
  2   4  0.6000   75.0    0.4650   6.051e+02  1.378e+01  Zghiche:1993xg  
  2   4  0.6000   75.0    0.4750   5.890e+02  1.432e+01  Zghiche:1993xg  
  2   4  0.6000   75.0    0.4850   5.919e+02  1.558e+01  Zghiche:1993xg  
  2   4  0.6000   75.0    0.4950   6.124e+02  1.556e+01  Zghiche:1993xg  
  2   4  0.6000   75.0    0.5050   5.357e+02  1.816e+01  Zghiche:1993xg  
  2   4  0.6000   75.0    0.5150   6.149e+02  2.043e+01  Zghiche:1993xg  
  2   4  0.6400   34.0    0.0350   1.598e+03  5.089e+01  Zghiche:1993xg  
  2   4  0.6400   34.0    0.0450   1.310e+04  1.072e+02  Zghiche:1993xg  
  2   4  0.6400   34.0    0.0550   1.938e+04  1.360e+02  Zghiche:1993xg  
  2   4  0.6400   34.0    0.0650   2.221e+04  1.551e+02  Zghiche:1993xg  
  2   4  0.6400   34.0    0.0750   2.350e+04  1.711e+02  Zghiche:1993xg  
  2   4  0.6400   34.0    0.0850   2.281e+04  1.806e+02  Zghiche:1993xg  
  2   4  0.6400   34.0    0.0950   2.066e+04  1.833e+02  Zghiche:1993xg  
  2   4  0.6400   34.0    0.1050   1.745e+04  1.788e+02  Zghiche:1993xg  
  2   4  0.6400   34.0    0.1150   1.402e+04  1.693e+02  Zghiche:1993xg  
  2   4  0.6400   34.0    0.1250   1.083e+04  1.558e+02  Zghiche:1993xg  
  2   4  0.6400   34.0    0.1350   8.604e+03  1.432e+02  Zghiche:1993xg  
  2   4  0.6400   34.0    0.1450   6.646e+03  1.302e+02  Zghiche:1993xg  
  2   4  0.6400   34.0    0.1550   5.478e+03  1.200e+02  Zghiche:1993xg  
  2   4  0.6400   34.0    0.1650   4.469e+03  1.104e+02  Zghiche:1993xg  
  2   4  0.6400   34.0    0.1750   3.632e+03  1.041e+02  Zghiche:1993xg  
  2   4  0.6400   34.0    0.1850   3.201e+03  9.881e+01  Zghiche:1993xg  
  2   4  0.6400   34.0    0.1950   2.942e+03  9.418e+01  Zghiche:1993xg  
  2   4  0.6400   34.0    0.2050   2.799e+03  7.770e+01  Zghiche:1993xg  
  2   4  0.6400   34.0    0.2150   2.961e+03  7.139e+01  Zghiche:1993xg  
  2   4  0.6400   34.0    0.2250   3.028e+03  7.032e+01  Zghiche:1993xg  
  2   4  0.6400   34.0    0.2350   3.185e+03  6.968e+01  Zghiche:1993xg  
  2   4  0.6400   34.0    0.2450   3.393e+03  6.968e+01  Zghiche:1993xg  
  2   4  0.6400   34.0    0.2550   3.721e+03  7.025e+01  Zghiche:1993xg  
  2   4  0.6400   34.0    0.2650   4.047e+03  7.146e+01  Zghiche:1993xg  
  2   4  0.6400   34.0    0.2750   4.343e+03  7.287e+01  Zghiche:1993xg  
  2   4  0.6400   34.0    0.2850   4.641e+03  7.439e+01  Zghiche:1993xg  
  2   4  0.6400   34.0    0.2950   4.882e+03  7.594e+01  Zghiche:1993xg  
  2   4  0.6400   34.0    0.3050   4.952e+03  7.683e+01  Zghiche:1993xg  
  2   4  0.6400   34.0    0.3150   5.333e+03  7.972e+01  Zghiche:1993xg  
  2   4  0.6400   34.0    0.3250   5.502e+03  8.278e+01  Zghiche:1993xg  
  2   4  0.6400   34.0    0.3350   5.698e+03  7.846e+01  Zghiche:1993xg  
  2   4  0.6400   34.0    0.3450   5.832e+03  8.723e+01  Zghiche:1993xg  
  2   4  0.6400   34.0    0.3550   5.895e+03  8.893e+01  Zghiche:1993xg  
  2   4  0.6400   34.0    0.3650   5.820e+03  9.033e+01  Zghiche:1993xg  
  2   4  0.6400   34.0    0.3750   5.742e+03  9.153e+01  Zghiche:1993xg  
  2   4  0.6400   34.0    0.3850   5.647e+03  9.255e+01  Zghiche:1993xg  
  2   4  0.6400   34.0    0.3950   5.316e+03  9.283e+01  Zghiche:1993xg  
  2   4  0.6400   34.0    0.4050   5.111e+03  9.343e+01  Zghiche:1993xg  
  2   4  0.6400   34.0    0.4150   5.068e+03  9.633e+01  Zghiche:1993xg  
  2   4  0.6400   34.0    0.4250   5.041e+03  9.927e+01  Zghiche:1993xg  
  2   4  0.6400   34.0    0.4350   4.610e+03  1.182e+02  Zghiche:1993xg  
  2   4  0.6400   34.0    0.4450   4.902e+03  1.226e+02  Zghiche:1993xg  
  2   4  0.6400   34.0    0.4550   4.667e+03  1.256e+02  Zghiche:1993xg  
  2   4  0.6400   34.0    0.4650   4.428e+03  1.295e+02  Zghiche:1993xg  
  2   4  0.6400   34.0    0.4750   4.628e+03  1.363e+02  Zghiche:1993xg  
  2   4  0.6400   34.0    0.4850   5.027e+03  1.499e+02  Zghiche:1993xg  
  2   4  0.6400   60.0    0.0650   2.273e-01  1.475e-01  Zghiche:1993xg  
  2   4  0.6400   60.0    0.0750   4.314e+01  1.255e+00  Zghiche:1993xg  
  2   4  0.6400   60.0    0.0850   9.593e+01  2.043e+00  Zghiche:1993xg  
  2   4  0.6400   60.0    0.0950   1.551e+02  2.644e+00  Zghiche:1993xg  
  2   4  0.6400   60.0    0.1050   2.416e+02  3.365e+00  Zghiche:1993xg  
  2   4  0.6400   60.0    0.1150   3.650e+02  4.246e+00  Zghiche:1993xg  
  2   4  0.6400   60.0    0.1250   5.051e+02  5.131e+00  Zghiche:1993xg  
  2   4  0.6400   60.0    0.1350   6.722e+02  6.115e+00  Zghiche:1993xg  
  2   4  0.6400   60.0    0.1450   8.605e+02  7.250e+00  Zghiche:1993xg  
  2   4  0.6400   60.0    0.1550   1.030e+03  8.402e+00  Zghiche:1993xg  
  2   4  0.6400   60.0    0.1650   1.168e+03  9.503e+00  Zghiche:1993xg  
  2   4  0.6400   60.0    0.1750   1.251e+03  1.072e+01  Zghiche:1993xg  
  2   4  0.6400   60.0    0.1850   1.271e+03  1.161e+01  Zghiche:1993xg  
  2   4  0.6400   60.0    0.1950   1.207e+03  1.213e+01  Zghiche:1993xg  
  2   4  0.6400   60.0    0.2050   1.102e+03  1.163e+01  Zghiche:1993xg  
  2   4  0.6400   60.0    0.2150   9.879e+02  1.184e+01  Zghiche:1993xg  
  2   4  0.6400   60.0    0.2250   8.649e+02  1.156e+01  Zghiche:1993xg  
  2   4  0.6400   60.0    0.2350   7.225e+02  1.107e+01  Zghiche:1993xg  
  2   4  0.6400   60.0    0.2450   6.365e+02  1.064e+01  Zghiche:1993xg  
  2   4  0.6400   60.0    0.2550   5.431e+02  1.012e+01  Zghiche:1993xg  
  2   4  0.6400   60.0    0.2650   4.924e+02  9.687e+00  Zghiche:1993xg  
  2   4  0.6400   60.0    0.2750   4.540e+02  9.341e+00  Zghiche:1993xg  
  2   4  0.6400   60.0    0.2850   4.333e+02  9.083e+00  Zghiche:1993xg  
  2   4  0.6400   60.0    0.2950   4.250e+02  8.922e+00  Zghiche:1993xg  
  2   4  0.6400   60.0    0.3050   4.531e+02  8.894e+00  Zghiche:1993xg  
  2   4  0.6400   60.0    0.3150   4.646e+02  9.018e+00  Zghiche:1993xg  
  2   4  0.6400   60.0    0.3250   5.244e+02  9.410e+00  Zghiche:1993xg  
  2   4  0.6400   60.0    0.3350   5.890e+02  9.173e+00  Zghiche:1993xg  
  2   4  0.6400   60.0    0.3450   6.390e+02  1.007e+01  Zghiche:1993xg  
  2   4  0.6400   60.0    0.3550   7.190e+02  1.053e+01  Zghiche:1993xg  
  2   4  0.6400   60.0    0.3650   7.652e+02  1.095e+01  Zghiche:1993xg  
  2   4  0.6400   60.0    0.3750   8.284e+02  1.144e+01  Zghiche:1993xg  
  2   4  0.6400   60.0    0.3850   8.748e+02  1.189e+01  Zghiche:1993xg  
  2   4  0.6400   60.0    0.3950   8.895e+02  1.220e+01  Zghiche:1993xg  
  2   4  0.6400   60.0    0.4050   8.971e+02  1.242e+01  Zghiche:1993xg  
  2   4  0.6400   60.0    0.4150   9.218e+02  1.290e+01  Zghiche:1993xg  
  2   4  0.6400   60.0    0.4250   9.439e+02  1.340e+01  Zghiche:1993xg  
  2   4  0.6400   60.0    0.4350   9.651e+02  1.578e+01  Zghiche:1993xg  
  2   4  0.6400   60.0    0.4450   9.533e+02  1.615e+01  Zghiche:1993xg  
  2   4  0.6400   60.0    0.4550   9.413e+02  1.653e+01  Zghiche:1993xg  
  2   4  0.6400   60.0    0.4650   9.191e+02  1.694e+01  Zghiche:1993xg  
  2   4  0.6400   60.0    0.4750   8.284e+02  1.718e+01  Zghiche:1993xg  
  2   4  0.6400   60.0    0.4850   8.606e+02  1.826e+01  Zghiche:1993xg  
  2   4  0.6400   60.0    0.4950   8.608e+02  2.179e+01  Zghiche:1993xg  
  2   4  0.6400   60.0    0.5050   9.127e+02  2.306e+01  Zghiche:1993xg  
  2   4  0.6400   60.0    0.5150   8.129e+02  2.401e+01  Zghiche:1993xg  
  2   4  0.6400   60.0    0.5250   8.065e+02  2.647e+01  Zghiche:1993xg  
  2   4  0.6400   75.0    0.0850   1.367e-01  9.420e-02  Zghiche:1993xg  
  2   4  0.6400   75.0    0.0950   3.399e+00  2.832e-01  Zghiche:1993xg  
  2   4  0.6400   75.0    0.1050   7.594e+00  4.553e-01  Zghiche:1993xg  
  2   4  0.6400   75.0    0.1150   1.241e+01  5.931e-01  Zghiche:1993xg  
  2   4  0.6400   75.0    0.1250   2.419e+01  8.266e-01  Zghiche:1993xg  
  2   4  0.6400   75.0    0.1350   3.677e+01  1.038e+00  Zghiche:1993xg  
  2   4  0.6400   75.0    0.1450   6.080e+01  1.340e+00  Zghiche:1993xg  
  2   4  0.6400   75.0    0.1550   8.711e+01  1.625e+00  Zghiche:1993xg  
  2   4  0.6400   75.0    0.1650   1.263e+02  1.992e+00  Zghiche:1993xg  
  2   4  0.6400   75.0    0.1750   1.797e+02  2.510e+00  Zghiche:1993xg  
  2   4  0.6400   75.0    0.1850   2.483e+02  3.050e+00  Zghiche:1993xg  
  2   4  0.6400   75.0    0.1950   3.211e+02  3.614e+00  Zghiche:1993xg  
  2   4  0.6400   75.0    0.2050   3.954e+02  3.791e+00  Zghiche:1993xg  
  2   4  0.6400   75.0    0.2150   4.495e+02  4.433e+00  Zghiche:1993xg  
  2   4  0.6400   75.0    0.2250   4.839e+02  4.834e+00  Zghiche:1993xg  
  2   4  0.6400   75.0    0.2350   4.869e+02  5.137e+00  Zghiche:1993xg  
  2   4  0.6400   75.0    0.2450   4.681e+02  5.312e+00  Zghiche:1993xg  
  2   4  0.6400   75.0    0.2550   4.273e+02  5.350e+00  Zghiche:1993xg  
  2   4  0.6400   75.0    0.2650   3.867e+02  5.303e+00  Zghiche:1993xg  
  2   4  0.6400   75.0    0.2750   3.380e+02  5.163e+00  Zghiche:1993xg  
  2   4  0.6400   75.0    0.2850   3.009e+02  5.040e+00  Zghiche:1993xg  
  2   4  0.6400   75.0    0.2950   2.586e+02  4.852e+00  Zghiche:1993xg  
  2   4  0.6400   75.0    0.3050   2.292e+02  4.688e+00  Zghiche:1993xg  
  2   4  0.6400   75.0    0.3150   2.311e+02  4.684e+00  Zghiche:1993xg  
  2   4  0.6400   75.0    0.3250   2.263e+02  4.741e+00  Zghiche:1993xg  
  2   4  0.6400   75.0    0.3350   2.197e+02  4.410e+00  Zghiche:1993xg  
  2   4  0.6400   75.0    0.3450   2.317e+02  4.798e+00  Zghiche:1993xg  
  2   4  0.6400   75.0    0.3550   2.523e+02  4.919e+00  Zghiche:1993xg  
  2   4  0.6400   75.0    0.3650   2.810e+02  5.090e+00  Zghiche:1993xg  
  2   4  0.6400   75.0    0.3750   3.049e+02  5.297e+00  Zghiche:1993xg  
  2   4  0.6400   75.0    0.3850   3.292e+02  5.539e+00  Zghiche:1993xg  
  2   4  0.6400   75.0    0.3950   3.585e+02  5.790e+00  Zghiche:1993xg  
  2   4  0.6400   75.0    0.4050   3.807e+02  6.073e+00  Zghiche:1993xg  
  2   4  0.6400   75.0    0.4150   4.275e+02  6.528e+00  Zghiche:1993xg  
  2   4  0.6400   75.0    0.4250   4.700e+02  7.018e+00  Zghiche:1993xg  
  2   4  0.6400   75.0    0.4350   4.688e+02  7.936e+00  Zghiche:1993xg  
  2   4  0.6400   75.0    0.4450   4.798e+02  8.176e+00  Zghiche:1993xg  
  2   4  0.6400   75.0    0.4550   5.043e+02  8.490e+00  Zghiche:1993xg  
  2   4  0.6400   75.0    0.4650   5.010e+02  8.753e+00  Zghiche:1993xg  
  2   4  0.6400   75.0    0.4750   4.733e+02  8.976e+00  Zghiche:1993xg  
  2   4  0.6400   75.0    0.4850   5.019e+02  9.631e+00  Zghiche:1993xg  
  2   4  0.6400   75.0    0.4950   4.915e+02  1.161e+01  Zghiche:1993xg  
  2   4  0.6400   75.0    0.5050   4.988e+02  1.208e+01  Zghiche:1993xg  
  2   4  0.6400   75.0    0.5150   4.563e+02  1.249e+01  Zghiche:1993xg  
  2   4  0.6400   75.0    0.5250   4.645e+02  1.366e+01  Zghiche:1993xg  
  2   4  0.6400   75.0    0.5350   5.137e+02  1.367e+01  Zghiche:1993xg  
  2   4  0.6400   75.0    0.5450   5.099e+02  1.623e+01  Zghiche:1993xg  
  2   4  0.6400   75.0    0.5550   5.181e+02  1.799e+01  Zghiche:1993xg  
