  2   4   0.279 134.500  0.061  4.196e+02  2.106e+01 vonReden:1990ah 
  2   4   0.279 134.500  0.065  4.546e+02  1.884e+01 vonReden:1990ah 
  2   4   0.279 134.500  0.069  4.592e+02  1.793e+01 vonReden:1990ah 
  2   4   0.279 134.500  0.071  5.617e+02  2.657e+01 vonReden:1990ah 
  2   4   0.279 134.500  0.075  6.171e+02  2.595e+01 vonReden:1990ah 
  2   4   0.279 134.500  0.078  6.517e+02  2.542e+01 vonReden:1990ah 
  2   4   0.279 134.500  0.081  7.956e+02  3.514e+01 vonReden:1990ah 
  2   4   0.279 134.500  0.084  7.685e+02  3.336e+01 vonReden:1990ah 
  2   4   0.279 134.500  0.088  8.350e+02  3.349e+01 vonReden:1990ah 
  2   4   0.279 134.500  0.100  1.014e+03  4.435e+01 vonReden:1990ah 
  2   4   0.279 134.500  0.103  1.050e+03  4.409e+01 vonReden:1990ah 
  2   4   0.279 134.500  0.106  9.951e+02  4.271e+01 vonReden:1990ah 
  2   4   0.279 134.500  0.109  1.013e+03  4.466e+01 vonReden:1990ah 
  2   4   0.279 134.500  0.111  1.016e+03  4.430e+01 vonReden:1990ah 
  2   4   0.279 134.500  0.114  9.842e+02  4.347e+01 vonReden:1990ah 
  2   4   0.279 134.500  0.117  8.761e+02  4.229e+01 vonReden:1990ah 
  2   4   0.279 134.500  0.120  9.112e+02  4.313e+01 vonReden:1990ah 
  2   4   0.279 134.500  0.123  8.223e+02  4.138e+01 vonReden:1990ah 
  2   4   0.279 134.500  0.138  6.158e+02  3.827e+01 vonReden:1990ah 
  2   4   0.279 134.500  0.141  5.243e+02  3.727e+01 vonReden:1990ah 
  2   4   0.279 134.500  0.143  5.251e+02  3.655e+01 vonReden:1990ah 
  2   4   0.279 134.500  0.159  4.064e+02  3.231e+01 vonReden:1990ah 
  2   4   0.279 134.500  0.161  3.973e+02  3.202e+01 vonReden:1990ah 
  2   4   0.279 134.500  0.163  3.837e+02  3.175e+01 vonReden:1990ah 
  2   4   0.279 134.500  0.174  3.328e+02  3.238e+01 vonReden:1990ah 
  2   4   0.279 134.500  0.176  3.478e+02  3.230e+01 vonReden:1990ah 
  2   4   0.279 134.500  0.178  3.113e+02  2.607e+01 vonReden:1990ah 
  2   4   0.279 134.500  0.179  2.899e+02  3.126e+01 vonReden:1990ah 
  2   4   0.279 134.500  0.181  3.406e+02  3.117e+01 vonReden:1990ah 
  2   4   0.279 134.500  0.189  3.927e+02  4.002e+01 vonReden:1990ah 
  2   4   0.279 134.500  0.190  4.093e+02  4.038e+01 vonReden:1990ah 
  2   4   0.279 134.500  0.192  4.599e+02  4.065e+01 vonReden:1990ah 
  2   4   0.279 134.500  0.201  4.161e+02  4.109e+01 vonReden:1990ah 
  2   4   0.279 134.500  0.203  4.861e+02  4.143e+01 vonReden:1990ah 
  2   4   0.279 134.500  0.204  5.221e+02  3.691e+01 vonReden:1990ah 
  2   4   0.279 134.500  0.209  5.009e+02  5.211e+01 vonReden:1990ah 
  2   4   0.279 134.500  0.210  6.115e+02  4.980e+01 vonReden:1990ah 
  2   4   0.279 134.500  0.211  6.905e+02  5.148e+01 vonReden:1990ah 
  2   4   0.279 134.500  0.216  5.227e+02  6.749e+01 vonReden:1990ah 
  2   4   0.279 134.500  0.217  6.411e+02  6.517e+01 vonReden:1990ah 
  2   4   0.279 134.500  0.218  8.048e+02  7.054e+01 vonReden:1990ah 
  2   4   0.328 134.500  0.060  3.328e+00  8.592e-01 vonReden:1990ah 
  2   4   0.328 134.500  0.065  7.081e+01  3.840e+00 vonReden:1990ah 
  2   4   0.328 134.500  0.070  8.884e+01  4.087e+00 vonReden:1990ah 
  2   4   0.328 134.500  0.079  1.642e+02  6.251e+00 vonReden:1990ah 
  2   4   0.328 134.500  0.084  1.850e+02  6.570e+00 vonReden:1990ah 
  2   4   0.328 134.500  0.088  2.191e+02  7.130e+00 vonReden:1990ah 
  2   4   0.328 134.500  0.093  2.502e+02  7.780e+00 vonReden:1990ah 
  2   4   0.328 134.500  0.097  3.050e+02  9.446e+00 vonReden:1990ah 
  2   4   0.328 134.500  0.101  3.585e+02  9.451e+00 vonReden:1990ah 
  2   4   0.328 134.500  0.107  4.330e+02  1.174e+01 vonReden:1990ah 
  2   4   0.328 134.500  0.111  4.568e+02  1.220e+01 vonReden:1990ah 
  2   4   0.328 134.500  0.114  5.086e+02  1.290e+01 vonReden:1990ah 
  2   4   0.328 134.500  0.119  6.185e+02  1.221e+01 vonReden:1990ah 
  2   4   0.328 134.500  0.123  6.425e+02  1.240e+01 vonReden:1990ah 
  2   4   0.328 134.500  0.127  6.310e+02  1.222e+01 vonReden:1990ah 
  2   4   0.328 134.500  0.132  6.630e+02  1.731e+01 vonReden:1990ah 
  2   4   0.328 134.500  0.135  6.982e+02  1.773e+01 vonReden:1990ah 
  2   4   0.328 134.500  0.139  6.451e+02  1.700e+01 vonReden:1990ah 
  2   4   0.328 134.500  0.143  6.412e+02  1.810e+01 vonReden:1990ah 
  2   4   0.328 134.500  0.147  6.198e+02  1.734e+01 vonReden:1990ah 
  2   4   0.328 134.500  0.150  5.557e+02  2.756e+01 vonReden:1990ah 
  2   4   0.328 134.500  0.159  4.977e+02  2.575e+01 vonReden:1990ah 
  2   4   0.328 134.500  0.162  5.106e+02  2.586e+01 vonReden:1990ah 
  2   4   0.328 134.500  0.165  4.340e+02  2.487e+01 vonReden:1990ah 
  2   4   0.328 134.500  0.172  3.833e+02  2.264e+01 vonReden:1990ah 
  2   4   0.328 134.500  0.175  3.858e+02  2.204e+01 vonReden:1990ah 
  2   4   0.328 134.500  0.177  3.704e+02  2.217e+01 vonReden:1990ah 
  2   4   0.328 134.500  0.190  2.666e+02  1.938e+01 vonReden:1990ah 
  2   4   0.328 134.500  0.192  2.806e+02  1.962e+01 vonReden:1990ah 
  2   4   0.328 134.500  0.195  2.696e+02  1.892e+01 vonReden:1990ah 
  2   4   0.328 134.500  0.207  2.479e+02  1.889e+01 vonReden:1990ah 
  2   4   0.328 134.500  0.209  2.158e+02  1.973e+01 vonReden:1990ah 
  2   4   0.328 134.500  0.211  2.977e+02  2.046e+01 vonReden:1990ah 
  2   4   0.328 134.500  0.221  3.272e+02  2.098e+01 vonReden:1990ah 
  2   4   0.328 134.500  0.223  3.326e+02  2.202e+01 vonReden:1990ah 
  2   4   0.328 134.500  0.225  3.479e+02  2.238e+01 vonReden:1990ah 
  2   4   0.328 134.500  0.235  4.019e+02  2.691e+01 vonReden:1990ah 
  2   4   0.328 134.500  0.236  4.798e+02  2.774e+01 vonReden:1990ah 
  2   4   0.328 134.500  0.238  4.746e+02  2.258e+01 vonReden:1990ah 
  2   4   0.364  60.000  0.027  6.789e+02  7.668e+01 vonReden:1990ah 
  2   4   0.364  60.000  0.033  2.161e+02  3.479e+01 vonReden:1990ah 
  2   4   0.364  60.000  0.039  3.659e+03  6.062e+01 vonReden:1990ah 
  2   4   0.364  60.000  0.041  4.990e+03  1.124e+02 vonReden:1990ah 
  2   4   0.364  60.000  0.047  6.958e+03  1.294e+02 vonReden:1990ah 
  2   4   0.364  60.000  0.052  7.458e+03  1.309e+02 vonReden:1990ah 
  2   4   0.364  60.000  0.055  8.235e+03  1.087e+02 vonReden:1990ah 
  2   4   0.364  60.000  0.061  8.596e+03  1.111e+02 vonReden:1990ah 
  2   4   0.364  60.000  0.066  8.478e+03  1.089e+02 vonReden:1990ah 
  2   4   0.364  60.000  0.070  8.618e+03  1.590e+02 vonReden:1990ah 
  2   4   0.364  60.000  0.075  8.264e+03  1.535e+02 vonReden:1990ah 
  2   4   0.364  60.000  0.080  7.740e+03  1.458e+02 vonReden:1990ah 
  2   4   0.364  60.000  0.083  7.878e+03  1.158e+02 vonReden:1990ah 
  2   4   0.364  60.000  0.088  7.264e+03  1.086e+02 vonReden:1990ah 
  2   4   0.364  60.000  0.093  6.137e+03  9.535e+01 vonReden:1990ah 
  2   4   0.364  60.000  0.095  6.151e+03  1.106e+02 vonReden:1990ah 
  2   4   0.364  60.000  0.100  5.123e+03  2.237e+02 vonReden:1990ah 
  2   4   0.364  60.000  0.105  4.783e+03  2.138e+02 vonReden:1990ah 
  2   4   0.364  60.000  0.107  4.300e+03  2.040e+02 vonReden:1990ah 
  2   4   0.364  60.000  0.112  3.762e+03  1.932e+02 vonReden:1990ah 
  2   4   0.364  60.000  0.116  3.229e+03  1.807e+02 vonReden:1990ah 
  2   4   0.364  60.000  0.119  3.328e+03  1.732e+02 vonReden:1990ah 
  2   4   0.364  60.000  0.123  2.757e+03  1.651e+02 vonReden:1990ah 
  2   4   0.364  60.000  0.128  2.376e+03  1.563e+02 vonReden:1990ah 
  2   4   0.364  60.000  0.146  1.714e+03  1.348e+02 vonReden:1990ah 
  2   4   0.364  60.000  0.150  1.397e+03  1.344e+02 vonReden:1990ah 
  2   4   0.364  60.000  0.153  1.311e+03  1.312e+02 vonReden:1990ah 
  2   4   0.364  60.000  0.169  1.107e+03  1.333e+02 vonReden:1990ah 
  2   4   0.364  60.000  0.172  9.059e+02  1.346e+02 vonReden:1990ah 
  2   4   0.364  60.000  0.176  9.865e+02  1.361e+02 vonReden:1990ah 
  2   4   0.364  60.000  0.190  1.241e+03  1.494e+02 vonReden:1990ah 
  2   4   0.364  60.000  0.193  1.163e+03  1.549e+02 vonReden:1990ah 
  2   4   0.364  60.000  0.196  1.259e+03  1.621e+02 vonReden:1990ah 
  2   4   0.364  60.000  0.209  1.168e+03  1.992e+02 vonReden:1990ah 
  2   4   0.364  60.000  0.211  1.317e+03  2.053e+02 vonReden:1990ah 
  2   4   0.364  60.000  0.214  1.444e+03  1.442e+02 vonReden:1990ah 
  2   4   0.364  60.000  0.225  1.539e+03  2.468e+02 vonReden:1990ah 
  2   4   0.364  60.000  0.228  1.696e+03  1.713e+02 vonReden:1990ah 
  2   4   0.364  60.000  0.230  1.568e+03  2.636e+02 vonReden:1990ah 
  2   4   0.364  60.000  0.240  2.127e+03  2.047e+02 vonReden:1990ah 
  2   4   0.364  60.000  0.243  1.776e+03  3.147e+02 vonReden:1990ah 
  2   4   0.364  60.000  0.245  1.986e+03  2.159e+02 vonReden:1990ah 
  2   4   0.364  60.000  0.254  1.937e+03  3.767e+02 vonReden:1990ah 
  2   4   0.364  60.000  0.256  2.864e+03  2.558e+02 vonReden:1990ah 
  2   4   0.364  60.000  0.258  3.356e+03  2.661e+02 vonReden:1990ah 
  2   4   0.367 134.500  0.076  3.059e+01  2.676e+00 vonReden:1990ah 
  2   4   0.367 134.500  0.082  3.677e+01  2.661e+00 vonReden:1990ah 
  2   4   0.367 134.500  0.087  4.292e+01  3.886e+00 vonReden:1990ah 
  2   4   0.367 134.500  0.092  5.379e+01  1.785e+00 vonReden:1990ah 
  2   4   0.367 134.500  0.097  6.220e+01  1.926e+00 vonReden:1990ah 
  2   4   0.367 134.500  0.102  8.080e+01  2.200e+00 vonReden:1990ah 
  2   4   0.367 134.500  0.114  1.605e+02  4.821e+00 vonReden:1990ah 
  2   4   0.367 134.500  0.119  1.737e+02  5.015e+00 vonReden:1990ah 
  2   4   0.367 134.500  0.123  2.130e+02  7.814e+00 vonReden:1990ah 
  2   4   0.367 134.500  0.129  2.720e+02  7.826e+00 vonReden:1990ah 
  2   4   0.367 134.500  0.134  3.060e+02  8.328e+00 vonReden:1990ah 
  2   4   0.367 134.500  0.138  3.513e+02  8.942e+00 vonReden:1990ah 
  2   4   0.367 134.500  0.144  3.875e+02  1.125e+01 vonReden:1990ah 
  2   4   0.367 134.500  0.148  4.418e+02  1.219e+01 vonReden:1990ah 
  2   4   0.367 134.500  0.151  4.383e+02  1.181e+01 vonReden:1990ah 
  2   4   0.367 134.500  0.157  4.349e+02  1.156e+01 vonReden:1990ah 
  2   4   0.367 134.500  0.160  4.579e+02  1.164e+01 vonReden:1990ah 
  2   4   0.367 134.500  0.164  4.211e+02  1.143e+01 vonReden:1990ah 
  2   4   0.367 134.500  0.170  4.396e+02  1.159e+01 vonReden:1990ah 
  2   4   0.367 134.500  0.173  4.322e+02  1.140e+01 vonReden:1990ah 
  2   4   0.367 134.500  0.177  3.796e+02  1.915e+01 vonReden:1990ah 
  2   4   0.367 134.500  0.187  3.198e+02  1.800e+01 vonReden:1990ah 
  2   4   0.367 134.500  0.190  2.846e+02  1.757e+01 vonReden:1990ah 
  2   4   0.367 134.500  0.193  2.982e+02  1.721e+01 vonReden:1990ah 
  2   4   0.367 134.500  0.209  2.038e+02  1.554e+01 vonReden:1990ah 
  2   4   0.367 134.500  0.212  1.949e+02  1.454e+01 vonReden:1990ah 
  2   4   0.367 134.500  0.214  1.931e+02  1.497e+01 vonReden:1990ah 
  2   4   0.367 134.500  0.228  1.748e+02  1.455e+01 vonReden:1990ah 
  2   4   0.367 134.500  0.230  1.865e+02  1.479e+01 vonReden:1990ah 
  2   4   0.367 134.500  0.233  1.812e+02  1.480e+01 vonReden:1990ah 
  2   4   0.367 134.500  0.245  2.041e+02  1.835e+01 vonReden:1990ah 
  2   4   0.367 134.500  0.247  1.817e+02  1.850e+01 vonReden:1990ah 
  2   4   0.367 134.500  0.249  2.193e+02  1.847e+01 vonReden:1990ah 
  2   4   0.367 134.500  0.259  2.380e+02  1.739e+01 vonReden:1990ah 
  2   4   0.367 134.500  0.261  2.373e+02  1.804e+01 vonReden:1990ah 
  2   4   0.367 134.500  0.263  2.908e+02  2.047e+01 vonReden:1990ah 
  2   4   0.367 134.500  0.272  3.648e+02  2.275e+01 vonReden:1990ah 
  2   4   0.367 134.500  0.274  3.679e+02  2.286e+01 vonReden:1990ah 
  2   4   0.367 134.500  0.275  3.879e+02  2.415e+01 vonReden:1990ah 
  2   4   0.476  60.000  0.035  1.462e+02  1.261e+01 vonReden:1990ah 
  2   4   0.476  60.000  0.048  1.878e+02  8.202e+00 vonReden:1990ah 
  2   4   0.476  60.000  0.055  1.337e+03  2.336e+01 vonReden:1990ah 
  2   4   0.476  60.000  0.063  1.728e+03  2.696e+01 vonReden:1990ah 
  2   4   0.476  60.000  0.069  2.191e+03  4.345e+01 vonReden:1990ah 
  2   4   0.476  60.000  0.076  2.658e+03  4.869e+01 vonReden:1990ah 
  2   4   0.476  60.000  0.083  3.041e+03  5.261e+01 vonReden:1990ah 
  2   4   0.476  60.000  0.090  3.670e+03  5.464e+01 vonReden:1990ah 
  2   4   0.476  60.000  0.096  3.919e+03  5.685e+01 vonReden:1990ah 
  2   4   0.476  60.000  0.103  4.043e+03  5.772e+01 vonReden:1990ah 
  2   4   0.476  60.000  0.109  4.229e+03  6.953e+01 vonReden:1990ah 
  2   4   0.476  60.000  0.115  3.896e+03  6.463e+01 vonReden:1990ah 
  2   4   0.476  60.000  0.122  3.784e+03  6.314e+01 vonReden:1990ah 
  2   4   0.476  60.000  0.128  3.688e+03  6.230e+01 vonReden:1990ah 
  2   4   0.476  60.000  0.134  3.228e+03  5.618e+01 vonReden:1990ah 
  2   4   0.476  60.000  0.140  2.807e+03  1.213e+02 vonReden:1990ah 
  2   4   0.476  60.000  0.141  2.896e+03  5.069e+01 vonReden:1990ah 
  2   4   0.476  60.000  0.147  2.378e+03  1.125e+02 vonReden:1990ah 
  2   4   0.476  60.000  0.153  2.211e+03  1.064e+02 vonReden:1990ah 
  2   4   0.476  60.000  0.175  1.392e+03  8.556e+01 vonReden:1990ah 
  2   4   0.476  60.000  0.180  1.171e+03  8.140e+01 vonReden:1990ah 
  2   4   0.476  60.000  0.185  1.014e+03  4.616e+01 vonReden:1990ah 
  2   4   0.476  60.000  0.198  8.927e+02  4.279e+01 vonReden:1990ah 
  2   4   0.476  60.000  0.203  8.636e+02  4.436e+01 vonReden:1990ah 
  2   4   0.476  60.000  0.208  8.317e+02  4.484e+01 vonReden:1990ah 
  2   4   0.476  60.000  0.218  8.839e+02  6.178e+01 vonReden:1990ah 
  2   4   0.476  60.000  0.223  8.944e+02  6.120e+01 vonReden:1990ah 
  2   4   0.476  60.000  0.227  8.463e+02  6.102e+01 vonReden:1990ah 
  2   4   0.476  60.000  0.269  1.183e+03  7.142e+01 vonReden:1990ah 
  2   4   0.476  60.000  0.272  1.210e+03  7.239e+01 vonReden:1990ah 
  2   4   0.476  60.000  0.276  1.310e+03  7.431e+01 vonReden:1990ah 
  2   4   0.476  60.000  0.294  1.666e+03  8.935e+01 vonReden:1990ah 
  2   4   0.476  60.000  0.298  1.562e+03  9.134e+01 vonReden:1990ah 
  2   4   0.476  60.000  0.301  1.669e+03  9.354e+01 vonReden:1990ah 
  2   4   0.476  60.000  0.330  1.984e+03  1.248e+02 vonReden:1990ah 
  2   4   0.476  60.000  0.332  2.199e+03  1.287e+02 vonReden:1990ah 
  2   4   0.476  60.000  0.335  2.193e+03  1.324e+02 vonReden:1990ah 
  2   4   0.476  60.000  0.365  2.437e+03  1.944e+02 vonReden:1990ah 
  2   4   0.476  60.000  0.367  2.457e+03  1.997e+02 vonReden:1990ah 
  2   4   0.476  60.000  0.369  2.646e+03  2.087e+02 vonReden:1990ah 
  2   4   0.589  60.000  0.057  7.049e-01  6.243e+00 vonReden:1990ah 
  2   4   0.589  60.000  0.066  1.147e+02  5.245e+00 vonReden:1990ah 
  2   4   0.589  60.000  0.078  3.016e+02  1.540e+01 vonReden:1990ah 
  2   4   0.589  60.000  0.087  4.199e+02  1.503e+01 vonReden:1990ah 
  2   4   0.589  60.000  0.096  5.497e+02  1.494e+01 vonReden:1990ah 
  2   4   0.589  60.000  0.112  1.040e+03  3.566e+01 vonReden:1990ah 
  2   4   0.589  60.000  0.120  1.328e+03  3.619e+01 vonReden:1990ah 
  2   4   0.589  60.000  0.129  1.500e+03  3.591e+01 vonReden:1990ah 
  2   4   0.589  60.000  0.135  1.670e+03  6.552e+01 vonReden:1990ah 
  2   4   0.589  60.000  0.143  1.806e+03  6.438e+01 vonReden:1990ah 
  2   4   0.589  60.000  0.151  1.786e+03  6.208e+01 vonReden:1990ah 
  2   4   0.589  60.000  0.158  2.023e+03  4.443e+01 vonReden:1990ah 
  2   4   0.589  60.000  0.166  1.836e+03  4.160e+01 vonReden:1990ah 
  2   4   0.589  60.000  0.173  1.600e+03  3.883e+01 vonReden:1990ah 
  2   4   0.589  60.000  0.184  1.559e+03  3.669e+01 vonReden:1990ah 
  2   4   0.589  60.000  0.191  1.424e+03  3.513e+01 vonReden:1990ah 
  2   4   0.589  60.000  0.198  1.093e+03  6.226e+01 vonReden:1990ah 
  2   4   0.589  60.000  0.209  1.012e+03  6.057e+01 vonReden:1990ah 
  2   4   0.589  60.000  0.215  8.690e+02  5.920e+01 vonReden:1990ah 
  2   4   0.589  60.000  0.222  7.274e+02  5.771e+01 vonReden:1990ah 
  2   4   0.589  60.000  0.234  6.590e+02  4.908e+01 vonReden:1990ah 
  2   4   0.589  60.000  0.241  5.831e+02  4.671e+01 vonReden:1990ah 
  2   4   0.589  60.000  0.247  5.151e+02  4.655e+01 vonReden:1990ah 
  2   4   0.589  60.000  0.259  5.823e+02  4.178e+01 vonReden:1990ah 
  2   4   0.589  60.000  0.265  5.197e+02  3.718e+01 vonReden:1990ah 
  2   4   0.589  60.000  0.271  4.776e+02  3.705e+01 vonReden:1990ah 
  2   4   0.589  60.000  0.285  6.962e+02  4.444e+01 vonReden:1990ah 
  2   4   0.589  60.000  0.290  7.164e+02  4.482e+01 vonReden:1990ah 
  2   4   0.589  60.000  0.295  6.543e+02  4.505e+01 vonReden:1990ah 
  2   4   0.589  60.000  0.310  7.820e+02  4.874e+01 vonReden:1990ah 
  2   4   0.589  60.000  0.315  8.474e+02  4.954e+01 vonReden:1990ah 
  2   4   0.589  60.000  0.320  8.072e+02  5.021e+01 vonReden:1990ah 
  2   4   0.589  60.000  0.336  9.521e+02  6.079e+01 vonReden:1990ah 
  2   4   0.589  60.000  0.340  1.073e+03  6.202e+01 vonReden:1990ah 
  2   4   0.589  60.000  0.344  1.099e+03  6.323e+01 vonReden:1990ah 
  2   4   0.589  60.000  0.361  1.224e+03  7.562e+01 vonReden:1990ah 
  2   4   0.589  60.000  0.365  1.106e+03  7.611e+01 vonReden:1990ah 
  2   4   0.589  60.000  0.369  1.149e+03  7.697e+01 vonReden:1990ah 
  2   4   0.589  60.000  0.386  1.528e+03  9.094e+01 vonReden:1990ah 
  2   4   0.589  60.000  0.390  1.654e+03  6.917e+01 vonReden:1990ah 
  2   4   0.589  60.000  0.393  1.361e+03  9.337e+01 vonReden:1990ah 
  2   4   0.589  60.000  0.411  1.359e+03  1.111e+02 vonReden:1990ah 
  2   4   0.589  60.000  0.415  1.483e+03  1.137e+02 vonReden:1990ah 
  2   4   0.589  60.000  0.418  1.259e+03  1.167e+02 vonReden:1990ah 
  2   4   0.724  60.000  0.085  3.138e+00  7.871e-01 vonReden:1990ah 
  2   4   0.724  60.000  0.096  2.668e+01  1.910e+00 vonReden:1990ah 
  2   4   0.724  60.000  0.107  4.093e+01  2.287e+00 vonReden:1990ah 
  2   4   0.724  60.000  0.142  1.754e+02  4.935e+00 vonReden:1990ah 
  2   4   0.724  60.000  0.152  2.367e+02  5.729e+00 vonReden:1990ah 
  2   4   0.724  60.000  0.162  3.586e+02  7.413e+00 vonReden:1990ah 
  2   4   0.724  60.000  0.171  4.729e+02  1.195e+01 vonReden:1990ah 
  2   4   0.724  60.000  0.181  6.046e+02  1.372e+01 vonReden:1990ah 
  2   4   0.724  60.000  0.191  7.050e+02  1.495e+01 vonReden:1990ah 
  2   4   0.724  60.000  0.198  8.244e+02  1.947e+01 vonReden:1990ah 
  2   4   0.724  60.000  0.207  8.430e+02  1.951e+01 vonReden:1990ah 
  2   4   0.724  60.000  0.216  8.253e+02  1.896e+01 vonReden:1990ah 
  2   4   0.724  60.000  0.225  8.910e+02  2.047e+01 vonReden:1990ah 
  2   4   0.724  60.000  0.234  7.963e+02  1.834e+01 vonReden:1990ah 
  2   4   0.724  60.000  0.243  7.478e+02  1.805e+01 vonReden:1990ah 
  2   4   0.724  60.000  0.250  7.381e+02  1.786e+01 vonReden:1990ah 
  2   4   0.724  60.000  0.258  6.967e+02  1.711e+01 vonReden:1990ah 
  2   4   0.724  60.000  0.267  5.861e+02  3.059e+01 vonReden:1990ah 
  2   4   0.724  60.000  0.274  4.815e+02  2.811e+01 vonReden:1990ah 
  2   4   0.724  60.000  0.282  4.257e+02  2.673e+01 vonReden:1990ah 
  2   4   0.724  60.000  0.290  3.983e+02  2.580e+01 vonReden:1990ah 
  2   4   0.724  60.000  0.296  4.124e+02  2.497e+01 vonReden:1990ah 
  2   4   0.724  60.000  0.304  3.853e+02  2.458e+01 vonReden:1990ah 
  2   4   0.724  60.000  0.311  3.428e+02  2.409e+01 vonReden:1990ah 
  2   4   0.724  60.000  0.322  3.850e+02  2.376e+01 vonReden:1990ah 
  2   4   0.724  60.000  0.329  3.374e+02  2.382e+01 vonReden:1990ah 
  2   4   0.724  60.000  0.336  3.780e+02  2.362e+01 vonReden:1990ah 
  2   4   0.724  60.000  0.344  3.602e+02  2.401e+01 vonReden:1990ah 
  2   4   0.724  60.000  0.350  3.384e+02  2.398e+01 vonReden:1990ah 
  2   4   0.724  60.000  0.357  3.523e+02  2.391e+01 vonReden:1990ah 
  2   4   0.724  60.000  0.369  4.881e+02  2.546e+01 vonReden:1990ah 
  2   4   0.724  60.000  0.375  4.829e+02  2.625e+01 vonReden:1990ah 
  2   4   0.724  60.000  0.382  4.967e+02  2.689e+01 vonReden:1990ah 
  2   4   0.724  60.000  0.395  5.527e+02  2.859e+01 vonReden:1990ah 
  2   4   0.724  60.000  0.400  6.082e+02  2.969e+01 vonReden:1990ah 
  2   4   0.724  60.000  0.406  5.880e+02  3.048e+01 vonReden:1990ah 
  2   4   0.724  60.000  0.420  6.841e+02  3.372e+01 vonReden:1990ah 
  2   4   0.724  60.000  0.425  6.748e+02  3.439e+01 vonReden:1990ah 
  2   4   0.724  60.000  0.430  6.723e+02  3.508e+01 vonReden:1990ah 
  2   4   0.724  60.000  0.445  8.055e+02  3.831e+01 vonReden:1990ah 
  2   4   0.724  60.000  0.450  6.911e+02  3.849e+01 vonReden:1990ah 
  2   4   0.724  60.000  0.455  7.664e+02  3.866e+01 vonReden:1990ah 
  2   4   0.724  60.000  0.471  7.672e+02  4.154e+01 vonReden:1990ah 
  2   4   0.724  60.000  0.475  7.862e+02  4.226e+01 vonReden:1990ah 
  2   4   0.724  60.000  0.479  8.476e+02  4.382e+01 vonReden:1990ah 
  2   4   0.724  60.000  0.496  7.375e+02  4.329e+01 vonReden:1990ah 
  2   4   0.724  60.000  0.500  7.024e+02  4.366e+01 vonReden:1990ah 
  2   4   0.724  60.000  0.504  7.434e+02  4.406e+01 vonReden:1990ah 
  2   4   0.724  60.000  0.521  8.158e+02  5.236e+01 vonReden:1990ah 
  2   4   0.724  60.000  0.525  7.995e+02  5.288e+01 vonReden:1990ah 
  2   4   0.724  60.000  0.528  9.578e+02  5.444e+01 vonReden:1990ah 
  2   4   0.724  60.000  0.546  7.634e+02  5.768e+01 vonReden:1990ah 
  2   4   0.724  60.000  0.549  7.679e+02  5.837e+01 vonReden:1990ah 
  2   4   0.724  60.000  0.553  6.781e+02  7.298e+01 vonReden:1990ah 
