  2   4   0.961  37.500  0.084  2.240e+02  6.236e+01 Sealock:1989nx 
  2   4   0.961  37.500  0.094  4.224e+02  6.940e+01 Sealock:1989nx 
  2   4   0.961  37.500  0.104  6.144e+02  8.288e+01 Sealock:1989nx 
  2   4   0.961  37.500  0.114  8.040e+02  9.464e+01 Sealock:1989nx 
  2   4   0.961  37.500  0.124  1.429e+03  1.253e+02 Sealock:1989nx 
  2   4   0.961  37.500  0.134  1.806e+03  9.960e+01 Sealock:1989nx 
  2   4   0.961  37.500  0.144  2.016e+03  8.188e+01 Sealock:1989nx 
  2   4   0.961  37.500  0.154  2.698e+03  1.080e+02 Sealock:1989nx 
  2   4   0.961  37.500  0.164  3.021e+03  1.132e+02 Sealock:1989nx 
  2   4   0.961  37.500  0.174  3.411e+03  1.189e+02 Sealock:1989nx 
  2   4   0.961  37.500  0.184  3.275e+03  1.012e+02 Sealock:1989nx 
  2   4   0.961  37.500  0.194  3.275e+03  8.572e+01 Sealock:1989nx 
  2   4   0.961  37.500  0.204  3.014e+03  9.188e+01 Sealock:1989nx 
  2   4   0.961  37.500  0.214  2.829e+03  1.156e+02 Sealock:1989nx 
  2   4   0.961  37.500  0.224  2.292e+03  1.018e+02 Sealock:1989nx 
  2   4   0.961  37.500  0.234  2.083e+03  8.256e+01 Sealock:1989nx 
  2   4   0.961  37.500  0.244  1.690e+03  5.032e+01 Sealock:1989nx 
  2   4   0.961  37.500  0.254  1.425e+03  5.404e+01 Sealock:1989nx 
  2   4   0.961  37.500  0.264  1.191e+03  5.068e+01 Sealock:1989nx 
  2   4   0.961  37.500  0.274  1.200e+03  5.012e+01 Sealock:1989nx 
  2   4   0.961  37.500  0.284  9.588e+02  3.452e+01 Sealock:1989nx 
  2   4   0.961  37.500  0.294  9.816e+02  3.104e+01 Sealock:1989nx 
  2   4   0.961  37.500  0.304  9.268e+02  4.176e+01 Sealock:1989nx 
  2   4   0.961  37.500  0.314  9.992e+02  4.380e+01 Sealock:1989nx 
  2   4   0.961  37.500  0.324  1.009e+03  4.420e+01 Sealock:1989nx 
  2   4   0.961  37.500  0.334  1.034e+03  3.240e+01 Sealock:1989nx 
  2   4   0.961  37.500  0.344  1.040e+03  4.220e+01 Sealock:1989nx 
  2   4   0.961  37.500  0.354  1.173e+03  4.956e+01 Sealock:1989nx 
  2   4   0.961  37.500  0.364  1.184e+03  5.004e+01 Sealock:1989nx 
  2   4   0.961  37.500  0.374  1.290e+03  4.116e+01 Sealock:1989nx 
  2   4   0.961  37.500  0.384  1.353e+03  5.484e+01 Sealock:1989nx 
  2   4   0.961  37.500  0.394  1.396e+03  6.152e+01 Sealock:1989nx 
  2   4   0.961  37.500  0.404  1.529e+03  6.504e+01 Sealock:1989nx 
  2   4   0.961  37.500  0.414  1.556e+03  4.788e+01 Sealock:1989nx 
  2   4   0.961  37.500  0.424  1.655e+03  6.432e+01 Sealock:1989nx 
  2   4   0.961  37.500  0.434  1.684e+03  6.472e+01 Sealock:1989nx 
  2   4   0.961  37.500  0.444  1.638e+03  5.536e+01 Sealock:1989nx 
  2   4   0.961  37.500  0.454  1.698e+03  5.508e+01 Sealock:1989nx 
  2   4   0.961  37.500  0.464  1.656e+03  7.228e+01 Sealock:1989nx 
  2   4   0.961  37.500  0.474  1.579e+03  7.048e+01 Sealock:1989nx 
  2   4   0.961  37.500  0.484  1.599e+03  5.116e+01 Sealock:1989nx 
  2   4   0.961  37.500  0.494  1.487e+03  6.408e+01 Sealock:1989nx 
  2   4   0.961  37.500  0.504  1.565e+03  6.560e+01 Sealock:1989nx 
  2   4   0.961  37.500  0.514  1.364e+03  4.644e+01 Sealock:1989nx 
  2   4   0.961  37.500  0.524  1.464e+03  6.608e+01 Sealock:1989nx 
  2   4   0.961  37.500  0.534  1.335e+03  6.308e+01 Sealock:1989nx 
  2   4   0.961  37.500  0.544  1.318e+03  4.924e+01 Sealock:1989nx 
  2   4   0.961  37.500  0.554  1.406e+03  6.356e+01 Sealock:1989nx 
  2   4   0.961  37.500  0.564  1.157e+03  5.808e+01 Sealock:1989nx 
  2   4   0.961  37.500  0.574  1.203e+03  4.712e+01 Sealock:1989nx 
  2   4   0.961  37.500  0.584  1.060e+03  5.596e+01 Sealock:1989nx 
  2   4   0.961  37.500  0.594  1.118e+03  4.776e+01 Sealock:1989nx 
  2   4   0.961  37.500  0.604  1.013e+03  4.888e+01 Sealock:1989nx 
  2   4   0.961  37.500  0.614  1.046e+03  5.368e+01 Sealock:1989nx 
  2   4   0.961  37.500  0.624  1.099e+03  4.364e+01 Sealock:1989nx 
  2   4   0.961  37.500  0.634  1.039e+03  5.380e+01 Sealock:1989nx 
  2   4   0.961  37.500  0.644  9.552e+02  4.352e+01 Sealock:1989nx 
  2   4   0.961  37.500  0.654  1.041e+03  6.220e+01 Sealock:1989nx 
  2   4   0.961  37.500  0.664  1.094e+03  7.172e+01 Sealock:1989nx 
  2   4   1.108  37.500  0.137  2.568e+02  1.912e+01 Sealock:1989nx 
  2   4   1.108  37.500  0.147  3.984e+02  2.416e+01 Sealock:1989nx 
  2   4   1.108  37.500  0.157  5.420e+02  2.696e+01 Sealock:1989nx 
  2   4   1.108  37.500  0.167  6.988e+02  3.052e+01 Sealock:1989nx 
  2   4   1.108  37.500  0.177  9.016e+02  3.476e+01 Sealock:1989nx 
  2   4   1.108  37.500  0.187  1.064e+03  3.064e+01 Sealock:1989nx 
  2   4   1.108  37.500  0.197  1.256e+03  3.028e+01 Sealock:1989nx 
  2   4   1.108  37.500  0.207  1.467e+03  4.052e+01 Sealock:1989nx 
  2   4   1.108  37.500  0.217  1.550e+03  5.060e+01 Sealock:1989nx 
  2   4   1.108  37.500  0.227  1.609e+03  5.112e+01 Sealock:1989nx 
  2   4   1.108  37.500  0.237  1.674e+03  5.144e+01 Sealock:1989nx 
  2   4   1.108  37.500  0.247  1.575e+03  4.040e+01 Sealock:1989nx 
  2   4   1.108  37.500  0.257  1.490e+03  3.208e+01 Sealock:1989nx 
  2   4   1.108  37.500  0.267  1.424e+03  3.884e+01 Sealock:1989nx 
  2   4   1.108  37.500  0.277  1.246e+03  3.832e+01 Sealock:1989nx 
  2   4   1.108  37.500  0.287  1.182e+03  3.672e+01 Sealock:1989nx 
  2   4   1.108  37.500  0.297  9.464e+02  3.204e+01 Sealock:1989nx 
  2   4   1.108  37.500  0.307  9.076e+02  2.196e+01 Sealock:1989nx 
  2   4   1.108  37.500  0.317  7.668e+02  1.964e+01 Sealock:1989nx 
  2   4   1.108  37.500  0.327  6.936e+02  2.340e+01 Sealock:1989nx 
  2   4   1.108  37.500  0.337  6.632e+02  2.292e+01 Sealock:1989nx 
  2   4   1.108  37.500  0.347  6.384e+02  2.208e+01 Sealock:1989nx 
  2   4   1.108  37.500  0.357  6.352e+02  1.736e+01 Sealock:1989nx 
  2   4   1.108  37.500  0.367  6.672e+02  1.680e+01 Sealock:1989nx 
  2   4   1.108  37.500  0.377  5.720e+02  2.108e+01 Sealock:1989nx 
  2   4   1.108  37.500  0.387  6.656e+02  2.280e+01 Sealock:1989nx 
  2   4   1.108  37.500  0.397  7.444e+02  2.444e+01 Sealock:1989nx 
  2   4   1.108  37.500  0.407  7.848e+02  2.016e+01 Sealock:1989nx 
  2   4   1.108  37.500  0.417  8.160e+02  2.132e+01 Sealock:1989nx 
  2   4   1.108  37.500  0.427  8.672e+02  2.800e+01 Sealock:1989nx 
  2   4   1.108  37.500  0.437  9.200e+02  2.892e+01 Sealock:1989nx 
  2   4   1.108  37.500  0.447  8.892e+02  2.860e+01 Sealock:1989nx 
  2   4   1.108  37.500  0.457  9.740e+02  2.120e+01 Sealock:1989nx 
  2   4   1.108  37.500  0.467  9.740e+02  2.716e+01 Sealock:1989nx 
  2   4   1.108  37.500  0.477  9.596e+02  2.980e+01 Sealock:1989nx 
  2   4   1.108  37.500  0.487  1.024e+03  3.048e+01 Sealock:1989nx 
  2   4   1.108  37.500  0.497  1.060e+03  2.352e+01 Sealock:1989nx 
  2   4   1.108  37.500  0.507  9.740e+02  2.596e+01 Sealock:1989nx 
  2   4   1.108  37.500  0.517  1.012e+03  3.124e+01 Sealock:1989nx 
  2   4   1.108  37.500  0.527  1.012e+03  3.128e+01 Sealock:1989nx 
  2   4   1.108  37.500  0.537  1.014e+03  2.332e+01 Sealock:1989nx 
  2   4   1.108  37.500  0.547  9.916e+02  2.564e+01 Sealock:1989nx 
  2   4   1.108  37.500  0.557  9.344e+02  2.932e+01 Sealock:1989nx 
  2   4   1.108  37.500  0.567  9.008e+02  2.864e+01 Sealock:1989nx 
  2   4   1.108  37.500  0.577  8.832e+02  1.888e+01 Sealock:1989nx 
  2   4   1.108  37.500  0.587  8.848e+02  2.504e+01 Sealock:1989nx 
  2   4   1.108  37.500  0.597  8.464e+02  2.440e+01 Sealock:1989nx 
  2   4   1.108  37.500  0.607  7.908e+02  1.956e+01 Sealock:1989nx 
  2   4   1.108  37.500  0.617  7.508e+02  1.884e+01 Sealock:1989nx 
  2   4   1.108  37.500  0.627  7.488e+02  2.168e+01 Sealock:1989nx 
  2   4   1.108  37.500  0.637  6.672e+02  1.852e+01 Sealock:1989nx 
  2   4   1.108  37.500  0.647  7.064e+02  1.616e+01 Sealock:1989nx 
  2   4   1.108  37.500  0.657  6.920e+02  1.964e+01 Sealock:1989nx 
  2   4   1.108  37.500  0.667  6.836e+02  1.956e+01 Sealock:1989nx 
  2   4   1.108  37.500  0.677  6.784e+02  1.420e+01 Sealock:1989nx 
  2   4   1.108  37.500  0.687  6.836e+02  1.752e+01 Sealock:1989nx 
  2   4   1.108  37.500  0.697  6.524e+02  1.488e+01 Sealock:1989nx 
  2   4   1.108  37.500  0.707  6.688e+02  1.180e+01 Sealock:1989nx 
  2   4   1.108  37.500  0.717  7.020e+02  1.428e+01 Sealock:1989nx 
  2   4   1.108  37.500  0.727  7.428e+02  1.488e+01 Sealock:1989nx 
  2   4   1.108  37.500  0.737  7.056e+02  3.276e+01 Sealock:1989nx 
  2   4   1.299  37.500  0.255  5.504e+02  2.244e+01 Sealock:1989nx 
  2   4   1.299  37.500  0.265  6.464e+02  2.400e+01 Sealock:1989nx 
  2   4   1.299  37.500  0.275  7.192e+02  2.496e+01 Sealock:1989nx 
  2   4   1.299  37.500  0.285  7.436e+02  2.524e+01 Sealock:1989nx 
  2   4   1.299  37.500  0.295  8.020e+02  2.604e+01 Sealock:1989nx 
  2   4   1.299  37.500  0.305  7.908e+02  2.564e+01 Sealock:1989nx 
  2   4   1.299  37.500  0.315  8.140e+02  2.556e+01 Sealock:1989nx 
  2   4   1.299  37.500  0.325  8.068e+02  1.760e+01 Sealock:1989nx 
  2   4   1.299  37.500  0.335  7.144e+02  1.716e+01 Sealock:1989nx 
  2   4   1.299  37.500  0.345  6.816e+02  2.196e+01 Sealock:1989nx 
  2   4   1.299  37.500  0.355  6.456e+02  2.120e+01 Sealock:1989nx 
  2   4   1.299  37.500  0.365  6.112e+02  2.024e+01 Sealock:1989nx 
  2   4   1.299  37.500  0.375  5.876e+02  1.952e+01 Sealock:1989nx 
  2   4   1.299  37.500  0.385  5.304e+02  1.388e+01 Sealock:1989nx 
  2   4   1.299  37.500  0.395  4.688e+02  1.136e+01 Sealock:1989nx 
  2   4   1.299  37.500  0.405  4.600e+02  1.384e+01 Sealock:1989nx 
  2   4   1.299  37.500  0.415  4.128e+02  1.392e+01 Sealock:1989nx 
  2   4   1.299  37.500  0.425  4.204e+02  1.384e+01 Sealock:1989nx 
  2   4   1.299  37.500  0.435  4.236e+02  1.420e+01 Sealock:1989nx 
  2   4   1.299  37.500  0.445  4.660e+02  1.104e+01 Sealock:1989nx 
  2   4   1.299  37.500  0.455  4.336e+02  1.024e+01 Sealock:1989nx 
  2   4   1.299  37.500  0.465  4.376e+02  1.340e+01 Sealock:1989nx 
  2   4   1.299  37.500  0.475  4.800e+02  1.568e+01 Sealock:1989nx 
  2   4   1.299  37.500  0.485  4.984e+02  1.580e+01 Sealock:1989nx 
  2   4   1.299  37.500  0.495  5.124e+02  1.620e+01 Sealock:1989nx 
  2   4   1.299  37.500  0.505  5.404e+02  1.180e+01 Sealock:1989nx 
  2   4   1.299  37.500  0.515  5.460e+02  1.444e+01 Sealock:1989nx 
  2   4   1.299  37.500  0.525  5.944e+02  1.780e+01 Sealock:1989nx 
  2   4   1.299  37.500  0.535  5.976e+02  1.796e+01 Sealock:1989nx 
  2   4   1.299  37.500  0.545  5.900e+02  1.772e+01 Sealock:1989nx 
  2   4   1.299  37.500  0.555  6.144e+02  1.332e+01 Sealock:1989nx 
  2   4   1.299  37.500  0.565  6.192e+02  1.328e+01 Sealock:1989nx 
  2   4   1.299  37.500  0.575  6.372e+02  1.764e+01 Sealock:1989nx 
  2   4   1.299  37.500  0.585  6.216e+02  1.756e+01 Sealock:1989nx 
  2   4   1.299  37.500  0.595  6.052e+02  1.708e+01 Sealock:1989nx 
  2   4   1.299  37.500  0.605  6.020e+02  1.252e+01 Sealock:1989nx 
  2   4   1.299  37.500  0.615  5.844e+02  1.392e+01 Sealock:1989nx 
  2   4   1.299  37.500  0.625  5.432e+02  1.576e+01 Sealock:1989nx 
  2   4   1.299  37.500  0.635  5.432e+02  1.552e+01 Sealock:1989nx 
  2   4   1.299  37.500  0.645  5.484e+02  1.272e+01 Sealock:1989nx 
  2   4   1.299  37.500  0.655  5.304e+02  1.012e+01 Sealock:1989nx 
  2   4   1.299  37.500  0.665  5.188e+02  1.364e+01 Sealock:1989nx 
  2   4   1.299  37.500  0.675  5.252e+02  1.372e+01 Sealock:1989nx 
  2   4   1.299  37.500  0.685  5.156e+02  1.344e+01 Sealock:1989nx 
  2   4   1.299  37.500  0.695  4.992e+02  9.640e+00 Sealock:1989nx 
  2   4   1.299  37.500  0.705  5.156e+02  1.408e+01 Sealock:1989nx 
  2   4   1.299  37.500  0.715  5.052e+02  1.388e+01 Sealock:1989nx 
  2   4   1.299  37.500  0.725  5.164e+02  1.408e+01 Sealock:1989nx 
  2   4   1.299  37.500  0.735  4.904e+02  1.016e+01 Sealock:1989nx 
  2   4   1.299  37.500  0.745  4.544e+02  1.456e+01 Sealock:1989nx 
  2   4   1.299  37.500  0.755  4.700e+02  1.492e+01 Sealock:1989nx 
  2   4   1.299  37.500  0.765  4.824e+02  1.520e+01 Sealock:1989nx 
  2   4   1.299  37.500  0.775  5.052e+02  1.776e+01 Sealock:1989nx 
