EXPeriment      = DESY-HERA-HERMES                     
REACtion        = e+ P  --> e+ X                               
                  e+ D  --> e+ X                               
Collaboration   = HERMES                      
Author          = Airapetian et al. 
REFerence       = hep-ex/0609039
Additional info = High precision measurement of the structure functions G1p and
                  G1d in deep inelastic scattering of 27.6 GeV longitudinally
		  polarized positrons on longitudinally polarized hydrogen and
		  deuterium targets.  Data are also given for the measured 
		  asymmetries, the virtual photon asymmetries A1, and the 
		  measured values of G1n and G1(NS) by combining the data
		  from the two targets.  The data cover the kinematical
		  regions 0.0041 < x < 0.9 and  0.18 GeV2 < Q2 < 20 GeV2.

======================================================================================================
This section contains the structure functions G1n and G1NS for both the hydrogen
and deuterium data.
Three sets of data are given binned in 45 , 19 and 15 bins in x and Q2
The error +-par refers to the uncertainty in particle identification.
The error +-evol in the 19 and 15 bin sets refers to the uncertainty arising from evolving to a common Q2. 
====================================================================================================
Data in 45 bins ...

      <x>   <Q2 GeV2>    G1n     +-stat    +-syst    +-par       G1NS     +-stat    +-syst    +-par

     0.0058    0.26   -0.0288	 0.4360    0.0269    0.0068    0.2872	 0.6967    0.0591    0.0119 
     0.0096    0.41   -0.1841	 0.2302    0.0183    0.0011    0.3198	 0.3646    0.0388    0.0015 
     0.0142    0.57   -0.2572	 0.1747    0.0205    0.0008    0.4934	 0.2754    0.0420    0.0014 
     0.0190    0.73   -0.2757	 0.1720    0.0184    0.0008    0.5173	 0.2698    0.0398    0.0011 
     0.0248    0.82   -0.2154	 0.1298    0.0162    0.0012    0.4966	 0.2015    0.0366    0.0014 
     0.0264    1.12   -0.2270	 0.2108    0.0226    0.0041    0.7006	 0.3332    0.0598    0.0042 
     0.0325    0.87   -0.3594	 0.2400    0.0207    0.0006    0.7375	 0.3678    0.0413    0.0009 
     0.0329    1.25   -0.4335	 0.1371    0.0278    0.0016    0.7794	 0.2140    0.0550    0.0018 
     0.0399    0.90   -0.2867	 0.3256    0.0229    0.0013    0.6458	 0.4943    0.0444    0.0015 
     0.0403    1.38   -0.2425	 0.1029    0.0173    0.0008    0.5121	 0.1599    0.0385    0.0011 
     0.0498    0.93   -0.2324	 0.3841    0.0114    0.0007    0.4383	 0.5833    0.0310    0.0009 
     0.0506    1.54   -0.1536	 0.0732    0.0153    0.0019    0.4176	 0.1131    0.0367    0.0021 
     0.0643    1.25   -0.1236	 0.1531    0.0111    0.0024    0.3873	 0.2326    0.0260    0.0025 
     0.0645    1.85   -0.0759	 0.0870    0.0110    0.0022    0.2822	 0.1344    0.0264    0.0024 
     0.0655    2.58   -0.1421	 0.1014    0.0121    0.0012    0.3370	 0.1583    0.0301    0.0015 
     0.0823    1.31   -0.2034	 0.1623    0.0133    0.0006    0.4210	 0.2436    0.0280    0.0009 
     0.0824    2.06   -0.0809	 0.0769    0.0117    0.0038    0.3912	 0.1184    0.0297    0.0039 
     0.0835    3.08   -0.1121	 0.0733    0.0124    0.0040    0.4655	 0.1140    0.0360    0.0041 
     0.1051    1.38   -0.2273	 0.1804    0.0145    0.0012    0.5215	 0.2665    0.0324    0.0014 
     0.1054    2.29   -0.1089	 0.0703    0.0123    0.0018    0.3194	 0.1079    0.0255    0.0020 
     0.1064    3.65   -0.1333	 0.0578    0.0115    0.0028    0.4322	 0.0897    0.0313    0.0030 
     0.1344    1.46    0.0484	 0.2049    0.0104    0.0046    0.1799	 0.2968    0.0229    0.0046 
     0.1347    2.56   -0.0555	 0.0647    0.0110    0.0036    0.3279	 0.0987    0.0257    0.0037 
     0.1358    4.30   -0.1213	 0.0475    0.0109    0.0030    0.4190	 0.0737    0.0297    0.0031 
     0.1719    1.56   -0.1105	 0.2376    0.0158    0.0025    0.3728	 0.3390    0.0313    0.0027 
     0.1722    2.87   -0.0203	 0.0602    0.0107    0.0042    0.2943	 0.0915    0.0250    0.0043 
     0.1734    5.05   -0.0732	 0.0400    0.0083    0.0034    0.3500	 0.0621    0.0254    0.0035 
     0.2191    1.67   -0.1138	 0.2663    0.0138    0.0016    0.3212	 0.3776    0.0277    0.0018 
     0.2200    3.18   -0.0682	 0.0561    0.0104    0.0024    0.2758	 0.0848    0.0219    0.0025 
     0.2213    5.87    0.0014	 0.0336    0.0042    0.0038    0.2232	 0.0524    0.0172    0.0039 
     0.2786    1.98    0.0376	 0.2296    0.0142    0.0048    0.2172	 0.3251    0.0262    0.0049 
     0.2810    3.77   -0.0526	 0.0487    0.0086    0.0024    0.2450	 0.0735    0.0186    0.0025 
     0.2824    6.94   -0.0311	 0.0288    0.0048    0.0027    0.2248	 0.0449    0.0163    0.0028 
     0.3550    2.46   -0.0528	 0.1771    0.0146    0.0020    0.2212	 0.2537    0.0268    0.0021 
     0.3585    4.62   -0.0070	 0.0394    0.0064    0.0025    0.1646	 0.0597    0.0156    0.0026 
     0.3603    8.25    0.0228	 0.0245    0.0017    0.0030    0.1367	 0.0384    0.0102    0.0031 
     0.4520    3.08    0.0783	 0.1331    0.0120    0.0031    0.0288	 0.1931    0.0183    0.0031 
     0.4567    5.61    0.0051	 0.0305    0.0034    0.0022    0.1215	 0.0466    0.0096    0.0023 
     0.4589    9.72   -0.0037	 0.0197    0.0016    0.0017    0.1080	 0.0311    0.0069    0.0018 
     0.5629    3.90   -0.0722	 0.0910    0.0092    0.0003    0.1482	 0.1353    0.0146    0.0005 
     0.5798    6.77   -0.0011	 0.0244    0.0015    0.0007    0.0400	 0.0375    0.0037    0.0007 
     0.5823   11.36    0.0015	 0.0146    0.0008    0.0009    0.0502	 0.0233    0.0034    0.0009 
     0.6921    6.32    0.0246	 0.0448    0.0030    0.0008    0.0014	 0.0686    0.0042    0.0009 
     0.7173    9.56   -0.0057	 0.0112    0.0006    0.0003    0.0314	 0.0177    0.0020    0.0004 
     0.7311   14.29    0.0079	 0.0095    0.0003    0.0005    0.0125	 0.0151    0.0009    0.0005 

====================================================================================================
Data in 19 bins ...

     <x>   <Q2 GeV2>    G1n      +-stat    +-syst    +-par     +-evol      G1NS    +-stat    +-syst    +-par     +-evol

     0.0058    0.26   -0.0288	 0.4360    0.0269    0.0068    0.0000	 0.2872    0.6967    0.0591    0.0119	 0.0000 
     0.0096    0.41   -0.1841	 0.2302    0.0183    0.0011    0.0000	 0.3198    0.3646    0.0388    0.0015	 0.0000 
     0.0142    0.57   -0.2572	 0.1747    0.0205    0.0008    0.0000	 0.4934    0.2754    0.0420    0.0014	 0.0000 
     0.0190    0.73   -0.2757	 0.1720    0.0184    0.0008    0.0000	 0.5173    0.2698    0.0398    0.0011	 0.0000 
     0.0253    0.91   -0.2172	 0.1042    0.0179    0.0021    0.0023	 0.5537    0.1625    0.0430    0.0022	 0.0112 
     0.0328    1.15   -0.4158	 0.1159    0.0258    0.0012    0.0027	 0.7717    0.1800    0.0510    0.0014	 0.0104 
     0.0403    1.33   -0.2492	 0.0970    0.0179    0.0008    0.0014	 0.5296    0.1503    0.0391    0.0011	 0.0046 
     0.0506    1.51   -0.1581	 0.0711    0.0149    0.0018    0.0006	 0.4197    0.1097    0.0362    0.0020	 0.0013 
     0.0648    2.01   -0.1098	 0.0584    0.0109    0.0019    0.0019	 0.3252    0.0904    0.0269    0.0020	 0.0030 
     0.0829    2.45   -0.1078	 0.0491    0.0113    0.0036    0.0017	 0.4313    0.0758    0.0314    0.0037	 0.0044 
     0.1059    2.97   -0.1298	 0.0427    0.0109    0.0024    0.0012	 0.3975    0.0658    0.0277    0.0025	 0.0037 
     0.1354    3.59   -0.0927	 0.0375    0.0092    0.0033    0.0008	 0.3814    0.0576    0.0264    0.0034	 0.0031 
     0.1730    4.31   -0.0576	 0.0330    0.0076    0.0037    0.0006	 0.3351    0.0509    0.0240    0.0038	 0.0022 
     0.2209    5.13   -0.0156	 0.0290    0.0047    0.0034    0.0004	 0.2362    0.0448    0.0173    0.0035	 0.0010 
     0.2820    6.11   -0.0371	 0.0250    0.0048    0.0026    0.0002	 0.2306    0.0387    0.0158    0.0027	 0.0004 
     0.3598    7.24    0.0157	 0.0210    0.0023    0.0029    0.0001	 0.1428    0.0326    0.0110    0.0030	 0.0003 
     0.4583    8.53   -0.0026	 0.0168    0.0017    0.0018    0.0001	 0.1134    0.0262    0.0074    0.0019	 0.0003 
     0.5819   10.16    0.0026	 0.0125    0.0007    0.0008    0.0000	 0.0445    0.0197    0.0030    0.0009	 0.0001 

========================================================================================================================
Data in 15 bins ...

     <x>   <Q2 GeV2>    G1n      +-stat    +-syst    +-par     +-evol      G1NS    +-stat    +-syst    +-par     +-evol

     0.0264    1.12   -0.2270	 0.2108    0.0226    0.0041    0.0000	 0.7006    0.3332    0.0598    0.0042	 0.0000 
     0.0329    1.25   -0.4335	 0.1371    0.0278    0.0016    0.0000	 0.7794    0.2140    0.0550    0.0018	 0.0000 
     0.0403    1.38   -0.2425	 0.1029    0.0173    0.0008    0.0000	 0.5121    0.1599    0.0385    0.0011	 0.0000 
     0.0506    1.54   -0.1536	 0.0732    0.0153    0.0019    0.0000	 0.4176    0.1131    0.0367    0.0021	 0.0000 
     0.0648    2.01   -0.1098	 0.0584    0.0109    0.0019    0.0019	 0.3252    0.0904    0.0269    0.0020	 0.0030 
     0.0829    2.45   -0.1078	 0.0491    0.0113    0.0036    0.0017	 0.4313    0.0758    0.0314    0.0037	 0.0044 
     0.1059    2.97   -0.1298	 0.0427    0.0109    0.0024    0.0012	 0.3975    0.0658    0.0277    0.0025	 0.0037 
     0.1354    3.59   -0.0927	 0.0375    0.0092    0.0033    0.0008	 0.3814    0.0576    0.0264    0.0034	 0.0031 
     0.1730    4.31   -0.0576	 0.0330    0.0076    0.0037    0.0006	 0.3351    0.0509    0.0240    0.0038	 0.0022 
     0.2209    5.13   -0.0156	 0.0290    0.0047    0.0034    0.0004	 0.2362    0.0448    0.0173    0.0035	 0.0010 
     0.2820    6.11   -0.0371	 0.0250    0.0048    0.0026    0.0002	 0.2306    0.0387    0.0158    0.0027	 0.0004 
     0.3598    7.24    0.0157	 0.0210    0.0023    0.0029    0.0001	 0.1428    0.0326    0.0110    0.0030	 0.0003 
     0.4583    8.53   -0.0026	 0.0168    0.0017    0.0018    0.0001	 0.1134    0.0262    0.0074    0.0019	 0.0003 
     0.5819   10.16    0.0026	 0.0125    0.0007    0.0008    0.0000	 0.0445    0.0197    0.0030    0.0009	 0.0001 
     0.7248   12.21    0.0025	 0.0071    0.0003    0.0004    0.0000	 0.0199    0.0113    0.0013    0.0004	 0.0001 
