<title> HEPDATA DIS Structure Function Review </title>
<body bgcoloR=#FFFFFF>
<pre>
EXPeriment      = DESY-HERA-HERMES                     
REACtion        = e+ P  --> e+ X                               
                  e+ D  --> e+ X                               
Collaboration   = HERMES                      
Author          = Airapetian et al. 
REFerence       = hep-ex/0609039
Additional info = High precision measurement of the structure functions G1p and
                  G1d in deep inelastic scattering of 27.6 GeV longitudinally
		  polarized positrons on longitudinally polarized hydrogen and
		  deuterium targets.  Data are also given for the measured 
		  asymmetries, the virtual photon asymmetries A1, and the 
		  measured values of G1n and G1(NS) by combining the data
		  from the two targets.  The data cover the kinematical
		  regions 0.0041 &lt; x &lt; 0.9 and  0.18 GeV<sup>2</sup> &lt; Q<sup>2</sup> &lt; 20 GeV<sup>2</sup>.

======================================================================================================
This section contains the structure functions for both the hydrogen and deuterium data.
Three sets of data are given binned in 45 , 19 and 15 bins in x and Q<sup>2</sup>
The error +-par refers to the uncertainty in particle identification.
The error +-evol in the 19 and 15 bin sets refers to the uncertainty arising from evolving to a common Q<sup>2</sup>. 
====================================================================================================
Data in 45 bins ...

      &lt;x&gt;   &lt;Q<sup>2</sup> GeV<sup>2</sup>&gt;    G<sub>1</sub><sup>p</sup>     +-stat    +-syst    +-par       G<sub>1</sub><sup>d</sup>     +-stat    +-syst    +-par

     0.0058    0.26    0.2584	 0.3138    0.0331    0.0697    0.1062	 0.1400    0.0055    0.0286 
     0.0096    0.41    0.1357	 0.1632    0.0213    0.0220   -0.0224	 0.0751    0.0037    0.0036 
     0.0142    0.57    0.2361	 0.1229    0.0219    0.0231   -0.0098	 0.0575    0.0027    0.0010 
     0.0190    0.73    0.2416	 0.1200    0.0217    0.0152   -0.0158	 0.0570    0.0027    0.0010 
     0.0248    0.82    0.2812	 0.0890    0.0207    0.0126    0.0305	 0.0437    0.0030    0.0014 
     0.0264    1.12    0.4736	 0.1490    0.0375    0.0182    0.1140	 0.0689    0.0074    0.0045 
     0.0325    0.87    0.3781	 0.1609    0.0208    0.0135    0.0087	 0.0824    0.0018    0.0003 
     0.0329    1.25    0.3459	 0.0949    0.0273    0.0109   -0.0405	 0.0458    0.0018    0.0012 
     0.0399    0.90    0.3591	 0.2147    0.0216    0.0121    0.0335	 0.1132    0.0019    0.0010 
     0.0403    1.38    0.2696	 0.0706    0.0215    0.0079    0.0125	 0.0346    0.0030    0.0004 
     0.0498    0.93    0.2059	 0.2534    0.0205    0.0069   -0.0122	 0.1335    0.0054    0.0004 
     0.0506    1.54    0.2640	 0.0498    0.0220    0.0078    0.0510	 0.0248    0.0043    0.0014 
     0.0643    1.25    0.2637	 0.1011    0.0153    0.0091    0.0648	 0.0532    0.0027    0.0019 
     0.0645    1.85    0.2063	 0.0591    0.0163    0.0064    0.0603	 0.0295    0.0041    0.0016 
     0.0655    2.58    0.1949	 0.0702    0.0185    0.0048    0.0244	 0.0338    0.0040    0.0006 
     0.0823    1.31    0.2177	 0.1049    0.0149    0.0080    0.0066	 0.0573    0.0016    0.0003 
     0.0824    2.06    0.3104	 0.0520    0.0192    0.0106    0.1062	 0.0262    0.0052    0.0029 
     0.0835    3.08    0.3535	 0.0504    0.0240    0.0090    0.1116	 0.0246    0.0058    0.0026 
     0.1051    1.38    0.2942	 0.1133    0.0182    0.0107    0.0309	 0.0649    0.0026    0.0008 
     0.1054    2.29    0.2104	 0.0472    0.0141    0.0075    0.0469	 0.0241    0.0034    0.0013 
     0.1064    3.65    0.2989	 0.0396    0.0200    0.0086    0.0766	 0.0195    0.0043    0.0018 
     0.1344    1.46    0.2283	 0.1240    0.0144    0.0072    0.1280	 0.0754    0.0047    0.0026 
     0.1347    2.56    0.2724	 0.0430    0.0166    0.0090    0.1003	 0.0223    0.0053    0.0024 
     0.1358    4.30    0.2977	 0.0325    0.0189    0.0093    0.0816	 0.0160    0.0039    0.0019 
     0.1719    1.56    0.2623	 0.1396    0.0159    0.0063    0.0702	 0.0889    0.0024    0.0011 
     0.1722    2.87    0.2741	 0.0398    0.0166    0.0074    0.1174	 0.0209    0.0056    0.0023 
     0.1734    5.05    0.2768	 0.0274    0.0173    0.0080    0.0942	 0.0135    0.0043    0.0021 
     0.2191    1.67    0.2075	 0.1545    0.0158    0.0040    0.0433	 0.1003    0.0050    0.0008 
     0.2200    3.18    0.2076	 0.0367    0.0133    0.0043    0.0644	 0.0196    0.0043    0.0010 
     0.2213    5.87    0.2245	 0.0232    0.0133    0.0052    0.1045	 0.0113    0.0044    0.0020 
     0.2786    1.98    0.2548	 0.1329    0.0143    0.0047    0.1352	 0.0866    0.0052    0.0034 
     0.2810    3.77    0.1925	 0.0318    0.0114    0.0036    0.0647	 0.0171    0.0037    0.0011 
     0.2824    6.94    0.1936	 0.0199    0.0116    0.0037    0.0752	 0.0096    0.0032    0.0011 
     0.3550    2.46    0.1683	 0.1049    0.0140    0.0036    0.0534	 0.0660    0.0046    0.0016 
     0.3585    4.62    0.1576	 0.0259    0.0102    0.0030    0.0697	 0.0138    0.0032    0.0016 
     0.3603    8.25    0.1594	 0.0171    0.0089    0.0031    0.0843	 0.0081    0.0036    0.0014 
     0.4520    3.08    0.1070	 0.0808    0.0092    0.0030    0.0857	 0.0489    0.0051    0.0035 
     0.4567    5.61    0.1266	 0.0203    0.0071    0.0031    0.0609	 0.0105    0.0026    0.0020 
     0.4589    9.72    0.1043	 0.0139    0.0055    0.0023    0.0465	 0.0065    0.0020    0.0013 
     0.5629    3.90    0.0760	 0.0578    0.0064    0.0017    0.0017	 0.0325    0.0030    0.0001 
     0.5798    6.77    0.0389	 0.0164    0.0024    0.0013    0.0175	 0.0084    0.0008    0.0008 
     0.5823   11.36    0.0517	 0.0105    0.0027    0.0015    0.0246	 0.0047    0.0010    0.0011 
     0.6921    6.32    0.0261	 0.0300    0.0021    0.0009    0.0234	 0.0154    0.0014    0.0013 
     0.7173    9.56    0.0257	 0.0079    0.0014    0.0011    0.0092	 0.0037    0.0004    0.0006 
     0.7311   14.29    0.0204	 0.0068    0.0010    0.0006    0.0131	 0.0031    0.0005    0.0013 

====================================================================================================
Data in 19 bins ...

     &lt;x&gt;   &lt;Q<sup>2</sup> GeV<sup>2</sup>&gt;    G<sub>1</sub><sup>p</sup>     +-stat    +-syst    +-par     +-evol      G<sub>1</sub><sup>d</sup>     +-stat    +-syst    +-par     +-evol

     0.0058    0.26    0.2584	 0.3138    0.0331    0.0697    0.0000	 0.1062    0.1400    0.0055    0.0286	 0.0000 
     0.0096    0.41    0.1357	 0.1632    0.0213    0.0220    0.0000	-0.0224    0.0751    0.0037    0.0036	 0.0000 
     0.0142    0.57    0.2361	 0.1229    0.0219    0.0231    0.0000	-0.0098    0.0575    0.0027    0.0010	 0.0000 
     0.0190    0.73    0.2416	 0.1200    0.0217    0.0152    0.0000	-0.0158    0.0570    0.0027    0.0010	 0.0000 
     0.0253    0.91    0.3366	 0.0720    0.0253    0.0146    0.0097	 0.0552    0.0348    0.0041    0.0025	 0.0039 
     0.0328    1.15    0.3559	 0.0795    0.0254    0.0116    0.0081	-0.0277    0.0390    0.0019    0.0009	 0.0028 
     0.0403    1.33    0.2803	 0.0663    0.0215    0.0083    0.0039	 0.0144    0.0328    0.0028    0.0005	 0.0017 
     0.0506    1.51    0.2616	 0.0482    0.0219    0.0078    0.0013	 0.0479    0.0241    0.0043    0.0013	 0.0007 
     0.0648    2.01    0.2155	 0.0398    0.0165    0.0061    0.0031	 0.0489    0.0198    0.0036    0.0012	 0.0019 
     0.0829    2.45    0.3235	 0.0333    0.0205    0.0098    0.0036	 0.0998    0.0167    0.0049    0.0024	 0.0016 
     0.1059    2.97    0.2676	 0.0289    0.0170    0.0085    0.0027	 0.0637    0.0146    0.0033    0.0015	 0.0010 
     0.1354    3.59    0.2887	 0.0253    0.0174    0.0091    0.0023	 0.0907    0.0128    0.0041    0.0021	 0.0007 
     0.1730    4.31    0.2775	 0.0223    0.0166    0.0078    0.0017	 0.1017    0.0113    0.0044    0.0022	 0.0006 
     0.2209    5.13    0.2207	 0.0197    0.0129    0.0049    0.0008	 0.0949    0.0099    0.0041    0.0016	 0.0004 
     0.2820    6.11    0.1935	 0.0170    0.0112    0.0037    0.0003	 0.0723    0.0085    0.0031    0.0010	 0.0002 
     0.3598    7.24    0.1585	 0.0144    0.0090    0.0031    0.0002	 0.0805    0.0071    0.0034    0.0014	 0.0001 
     0.4583    8.53    0.1108	 0.0116    0.0059    0.0025    0.0002	 0.0500    0.0056    0.0021    0.0014	 0.0001 
     0.5819   10.16    0.0471	 0.0088    0.0025    0.0015    0.0001	 0.0230    0.0041    0.0010    0.0010	 0.0001 
     0.7248   12.21    0.0225	 0.0050    0.0011    0.0008    0.0001	 0.0116    0.0023    0.0005    0.0009	 0.0001 

========================================================================================================================
Data in 15 bins ...

     &lt;x&gt;   &lt;Q<sup>2</sup> GeV<sup>2</sup>&gt;    G<sub>1</sub><sup>p</sup>     +-stat    +-syst    +-par     +-evol      G<sub>1</sub><sup>d</sup>     +-stat    +-syst    +-par     +-evol

     0.0264    1.12    0.4736	 0.1490    0.0375    0.0182    0.0000	 0.1140    0.0689    0.0074    0.0045	 0.0000 
     0.0329    1.25    0.3459	 0.0949    0.0273    0.0109    0.0000	-0.0405    0.0458    0.0018    0.0012	 0.0000 
     0.0403    1.38    0.2696	 0.0706    0.0215    0.0079    0.0000	 0.0125    0.0346    0.0030    0.0004	 0.0000 
     0.0506    1.54    0.2640	 0.0498    0.0220    0.0078    0.0000	 0.0510    0.0248    0.0043    0.0014	 0.0000 
     0.0648    2.01    0.2155	 0.0398    0.0165    0.0061    0.0031	 0.0489    0.0198    0.0036    0.0012	 0.0019 
     0.0829    2.45    0.3235	 0.0333    0.0205    0.0098    0.0036	 0.0998    0.0167    0.0049    0.0024	 0.0016 
     0.1059    2.97    0.2676	 0.0289    0.0170    0.0085    0.0027	 0.0637    0.0146    0.0033    0.0015	 0.0010 
     0.1354    3.59    0.2887	 0.0253    0.0174    0.0091    0.0023	 0.0907    0.0128    0.0041    0.0021	 0.0007 
     0.1730    4.31    0.2775	 0.0223    0.0166    0.0078    0.0017	 0.1017    0.0113    0.0044    0.0022	 0.0006 
     0.2209    5.13    0.2207	 0.0197    0.0129    0.0049    0.0008	 0.0949    0.0099    0.0041    0.0016	 0.0004 
     0.2820    6.11    0.1935	 0.0170    0.0112    0.0037    0.0003	 0.0723    0.0085    0.0031    0.0010	 0.0002 
     0.3598    7.24    0.1585	 0.0144    0.0090    0.0031    0.0002	 0.0805    0.0071    0.0034    0.0014	 0.0001 
     0.4583    8.53    0.1108	 0.0116    0.0059    0.0025    0.0002	 0.0500    0.0056    0.0021    0.0014	 0.0001 
     0.5819   10.16    0.0471	 0.0088    0.0025    0.0015    0.0001	 0.0230    0.0041    0.0010    0.0010	 0.0001 
     0.7248   12.21    0.0225	 0.0050    0.0011    0.0008    0.0001	 0.0116    0.0023    0.0005    0.0009	 0.0001 

========================================================================================================================
</pre>
</body>
