#************************************************************************
# 
#    These are published data of the HERMES Collaboration.
#    You are free to use these data in any publication. 
#    However, you must make a reference to the following publication:
# 
#    A. Airapetian et al, Phys. Rev. D 87 (2013) 074029 
# 
#************************************************************************
# 
# Covariance matrices for the K/pi multiplicity ratios from HERMES
# Configuration: z-3D (x: 2, z: 10, Php: 5)
# Projected to: 1D (z: 10)
# Target: D
# Optional settings: Not VM subtracted
#
#  i    j        K+/pi+        K-/pi-
   0    0  2.156355e-05  1.990081e-05
   0    1 -8.225337e-07 -6.330861e-07
   0    2  4.182616e-08  3.324173e-08
   0    3 -1.117859e-08 -4.273895e-09
   0    4  2.789529e-09  1.233951e-09
   0    5  9.086645e-09  3.501641e-09
   0    6  1.104002e-08  3.649144e-09
   0    7  1.078651e-08  2.860624e-09
   0    8  9.085108e-09  1.974346e-09
   0    9  7.149762e-09  5.488958e-10
   1    0 -7.820333e-07 -6.330861e-07
   1    1  2.943780e-06  2.511534e-06
   1    2 -4.360311e-07 -3.257698e-07
   1    3  3.073154e-08  2.273219e-08
   1    4 -8.216441e-09 -4.775799e-09
   1    5  5.777065e-09  2.766311e-09
   1    6  7.222516e-09  3.043082e-09
   1    7  8.543118e-09  2.520264e-09
   1    8  9.816766e-09  2.140211e-09
   1    9  7.579156e-09  6.289882e-10
   2    0  4.035819e-08  3.324173e-08
   2    1 -4.360311e-07 -3.257698e-07
   2    2  2.231415e-06  1.630433e-06
   2    3 -5.457022e-07 -3.878763e-07
   2    4  1.767317e-08  1.290363e-08
   2    5 -8.039444e-09 -4.979799e-09
   2    6  3.272345e-09  8.552603e-10
   2    7  7.017932e-09  9.633927e-10
   2    8  7.893546e-09  3.009284e-09
   2    9  9.103737e-09  4.921396e-10
   3    0 -1.056897e-08 -4.273895e-09
   3    1  3.073154e-08  2.273219e-08
   3    2 -5.457022e-07 -3.878763e-07
   3    3  2.688983e-06  1.889516e-06
   3    4 -4.344017e-07 -2.811559e-07
   3    5  6.269478e-08  3.283295e-08
   3    6 -2.052756e-08 -7.545230e-09
   3    7  5.213315e-09  2.073014e-10
   3    8  2.489729e-09 -1.667332e-09
   3    9  8.775133e-09  1.139472e-09
   4    0  2.752968e-09  1.233951e-09
   4    1 -8.216441e-09 -4.775799e-09
   4    2  1.767317e-08  1.290363e-08
   4    3 -4.344017e-07 -2.811559e-07
   4    4  1.675637e-06  1.058762e-06
   4    5 -5.473665e-07 -3.004147e-07
   4    6  7.190674e-08  3.515920e-08
   4    7 -4.414007e-08 -1.756273e-08
   4    8  1.092953e-09 -2.138036e-09
   4    9  2.155112e-09 -1.956019e-10
   5    0  9.045931e-09  3.501641e-09
   5    1  5.777065e-09  2.766311e-09
   5    2 -8.039444e-09 -4.979799e-09
   5    3  6.269478e-08  3.283295e-08
   5    4 -5.473665e-07 -3.004147e-07
   5    5  3.890781e-06  2.070009e-06
   5    6 -1.525971e-06 -7.078175e-07
   5    7  2.633255e-07  1.051400e-07
   5    8 -1.743174e-07 -5.149137e-08
   5    9 -4.885139e-09 -2.347778e-09
   6    0  1.100523e-08  3.649144e-09
   6    1  7.222516e-09  3.043082e-09
   6    2  3.272345e-09  8.552603e-10
   6    3 -2.052756e-08 -7.545230e-09
   6    4  7.190674e-08  3.515920e-08
   6    5 -1.525971e-06 -7.078175e-07
   6    6  8.402863e-06  3.827373e-06
   6    7 -3.401496e-06 -1.359740e-06
   6    8  8.368893e-07  2.805287e-07
   6    9 -1.993583e-07 -3.663011e-08
   7    0  1.076653e-08  2.861362e-09
   7    1  8.543118e-09  2.515873e-09
   7    2  7.017932e-09  9.726284e-10
   7    3  5.213315e-09  2.217836e-10
   7    4 -4.414007e-08 -1.764714e-08
   7    5  2.633255e-07  1.050597e-07
   7    6 -3.401496e-06 -1.362363e-06
   7    7  1.330901e-05  5.199450e-06
   7    8 -6.950217e-06 -2.196623e-06
   7    9  6.714392e-07  1.648464e-07
   8    0  9.072034e-09  1.974346e-09
   8    1  9.816766e-09  2.140211e-09
   8    2  7.893546e-09  3.009284e-09
   8    3  2.489729e-09 -1.667332e-09
   8    4  1.092953e-09 -2.138036e-09
   8    5 -1.743174e-07 -5.149137e-08
   8    6  8.368893e-07  2.805287e-07
   8    7 -6.950217e-06 -2.188362e-06
   8    8  2.559939e-05  7.567981e-06
   8    9 -5.629162e-06 -1.157992e-06
   9    0  7.154619e-09  5.485183e-10
   9    1  7.579156e-09  6.256803e-10
   9    2  9.103737e-09  5.192694e-10
   9    3  8.775133e-09  1.075138e-09
   9    4  2.155112e-09 -9.474483e-11
   9    5 -4.885139e-09 -1.431981e-09
   9    6 -1.993583e-07 -4.122932e-08
   9    7  6.714392e-07  1.746153e-07
   9    8 -5.629162e-06 -1.209575e-06
   9    9  6.860272e-06  1.324003e-06
