#************************************************************************
# 
#    These are published data of the HERMES Collaboration.
#    You are free to use these data in any publication. 
#    However, you must make a reference to the following publication:
# 
#    A. Airapetian et al, Phys. Rev. D 87 (2013) 074029 
# 
#************************************************************************
# 
# Covariance matrices for the multiplicities from HERMES
# Configuration: z-3D (x: 2, z: 10, Php: 5)
# Projected to: 1D (z: 10)
# Target: D
# Optional settings: Not VM subtracted
#
#  i    j           pi+           pi-            K+            K-
   0    0  8.771270e-04  1.182005e-03  2.982258e-04  2.851187e-04
   0    1 -2.867338e-05 -3.172448e-05 -7.947316e-06 -5.931899e-06
   0    2  2.328281e-06  2.312959e-06  2.717004e-07  2.067771e-07
   0    3  4.293425e-07  3.575165e-07 -6.989054e-08 -2.422776e-08
   0    4  5.329256e-07  4.469126e-07 -1.710053e-09 -6.668725e-10
   0    5  3.193727e-07  2.729780e-07  1.076476e-08  3.214393e-09
   0    6  2.235304e-07  1.728954e-07  8.004512e-09  1.955581e-09
   0    7  1.554178e-07  1.136839e-07  5.510041e-09  1.074115e-09
   0    8  9.005916e-08  6.695434e-08  2.613527e-09  4.144318e-10
   0    9  4.062753e-08  2.968074e-08  9.015093e-10  5.057974e-11
   1    0 -2.867338e-05 -3.172448e-05 -7.534886e-06 -5.931899e-06
   1    1  8.507321e-05  8.709502e-05  1.987116e-05  1.550152e-05
   1    2 -9.606855e-06 -9.230773e-06 -2.121528e-06 -1.386938e-06
   1    3  1.049532e-06  9.709572e-07  9.961956e-08  6.342545e-08
   1    4  2.337033e-07  1.762516e-07 -2.639777e-08 -1.162701e-08
   1    5  2.247470e-07  1.704237e-07  2.605300e-09  1.333764e-09
   1    6  1.450979e-07  1.054574e-07  2.363430e-09  9.311273e-10
   1    7  1.059464e-07  7.388103e-08  2.490001e-09  5.422000e-10
   1    8  6.640476e-08  4.529988e-08  2.057054e-09  3.048170e-10
   1    9  2.865548e-08  1.977304e-08  7.137770e-10  4.196759e-11
   2    0  2.328281e-06  2.312959e-06  2.608185e-07  2.067771e-07
   2    1 -9.606855e-06 -9.230773e-06 -2.121528e-06 -1.386938e-06
   2    2  3.828882e-05  3.495852e-05  7.798309e-06  4.803584e-06
   2    3 -6.750490e-06 -5.993668e-06 -1.404552e-06 -8.076767e-07
   2    4  3.991234e-07  3.303725e-07  2.335824e-08  1.493685e-08
   2    5  9.729597e-08  6.698190e-08 -1.178169e-08 -4.695021e-09
   2    6  1.019434e-07  6.993334e-08 -1.268595e-09 -3.901068e-10
   2    7  6.841152e-08  4.526524e-08  1.118331e-09 -8.449061e-11
   2    8  4.513242e-08  3.054105e-08  8.977103e-10  3.830454e-10
   2    9  2.128304e-08  1.390648e-08  6.606585e-10  1.668612e-11
   3    0  4.293425e-07  3.575165e-07 -6.652593e-08 -2.422776e-08
   3    1  1.049532e-06  9.709572e-07  9.961956e-08  6.342545e-08
   3    2 -6.750490e-06 -5.993668e-06 -1.404552e-06 -8.076767e-07
   3    3  2.504940e-05  2.152291e-05  5.063736e-06  2.772189e-06
   3    4 -2.513807e-06 -2.119037e-06 -5.354164e-07 -2.613431e-07
   3    5  3.085384e-07  2.354990e-07  4.066924e-08  1.574530e-08
   3    6  2.595547e-08  1.483245e-08 -1.179880e-08 -2.798883e-09
   3    7  5.421226e-08  3.438882e-08 -2.311480e-10 -2.890534e-10
   3    8  2.441179e-08  1.811661e-08 -3.395146e-10 -3.628858e-10
   3    9  1.583607e-08  9.587091e-09  3.975461e-10  5.012160e-11
   4    0  5.329256e-07  4.469126e-07 -1.843702e-09 -6.668725e-10
   4    1  2.337033e-07  1.762516e-07 -2.639777e-08 -1.162701e-08
   4    2  3.991234e-07  3.303725e-07  2.335824e-08  1.493685e-08
   4    3 -2.513807e-06 -2.119037e-06 -5.354164e-07 -2.613431e-07
   4    4  6.199772e-06  5.051250e-06  1.344082e-06  6.259372e-07
   4    5 -9.918724e-07 -7.801475e-07 -2.568709e-07 -9.878149e-08
   4    6  1.336702e-07  9.359845e-08  1.858369e-08  6.504157e-09
   4    7 -3.974000e-09 -6.191615e-09 -1.050707e-08 -2.538362e-09
   4    8  1.684183e-08  1.075616e-08 -5.538076e-10 -2.706624e-10
   4    9  8.526448e-09  5.174367e-09 -1.493224e-10 -1.872985e-11
   5    0  3.193727e-07  2.729780e-07  1.067740e-08  3.214393e-09
   5    1  2.247470e-07  1.704237e-07  2.605300e-09  1.333764e-09
   5    2  9.729597e-08  6.698190e-08 -1.178169e-08 -4.695021e-09
   5    3  3.085384e-07  2.354990e-07  4.066924e-08  1.574530e-08
   5    4 -9.918724e-07 -7.801475e-07 -2.568709e-07 -9.878149e-08
   5    5  3.899777e-06  2.980642e-06  1.045845e-06  3.778508e-07
   5    6 -8.886991e-07 -6.477977e-07 -2.589036e-07 -7.798751e-08
   5    7  1.303545e-07  8.947693e-08  3.006962e-08  7.725517e-09
   5    8 -3.585999e-08 -2.564316e-08 -1.286477e-08 -2.325996e-09
   5    9  3.956478e-09  2.257314e-09 -3.488021e-10 -5.608261e-11
   6    0  2.235304e-07  1.728954e-07  7.956871e-09  1.955581e-09
   6    1  1.450979e-07  1.054574e-07  2.363430e-09  9.311273e-10
   6    2  1.019434e-07  6.993334e-08 -1.268595e-09 -3.901068e-10
   6    3  2.595547e-08  1.483245e-08 -1.179880e-08 -2.798883e-09
   6    4  1.336702e-07  9.359845e-08  1.858369e-08  6.504157e-09
   6    5 -8.886991e-07 -6.477977e-07 -2.589036e-07 -7.798751e-08
   6    6  2.904336e-06  2.084697e-06  8.950228e-07  2.563269e-07
   6    7 -8.485581e-07 -5.932717e-07 -2.528359e-07 -6.177820e-08
   6    8  1.428661e-07  1.017887e-07  3.650753e-08  7.553901e-09
   6    9 -1.195343e-08 -9.405972e-09 -4.244162e-09 -4.641270e-10
   7    0  1.554178e-07  1.136839e-07  5.490925e-09  1.074637e-09
   7    1  1.059464e-07  7.388103e-08  2.490001e-09  5.401470e-10
   7    2  6.841152e-08  4.526524e-08  1.118331e-09 -8.148284e-11
   7    3  5.421226e-08  3.438882e-08 -2.311480e-10 -2.856917e-10
   7    4 -3.974000e-09 -6.191615e-09 -1.050707e-08 -2.550867e-09
   7    5  1.303545e-07  8.947693e-08  3.006962e-08  7.718891e-09
   7    6 -8.485581e-07 -5.932717e-07 -2.528359e-07 -6.191007e-08
   7    7  2.373238e-06  1.619554e-06  6.918351e-07  1.617767e-07
   7    8 -8.234068e-07 -5.382074e-07 -2.134913e-07 -4.073881e-08
   7    9  3.952023e-08  2.561526e-08  9.488891e-09  1.422937e-09
   8    0  9.005916e-08  6.695434e-08  2.606099e-09  4.144318e-10
   8    1  6.640476e-08  4.529988e-08  2.057054e-09  3.048170e-10
   8    2  4.513242e-08  3.054105e-08  8.977103e-10  3.830454e-10
   8    3  2.441179e-08  1.811661e-08 -3.395146e-10 -3.628858e-10
   8    4  1.684183e-08  1.075616e-08 -5.538076e-10 -2.706624e-10
   8    5 -3.585999e-08 -2.564316e-08 -1.286477e-08 -2.325996e-09
   8    6  1.428661e-07  1.017887e-07  3.650753e-08  7.553901e-09
   8    7 -8.234068e-07 -5.382074e-07 -2.134913e-07 -4.057279e-08
   8    8  1.868434e-06  1.212107e-06  4.724292e-07  8.482434e-08
   8    9 -1.931637e-07 -1.230051e-07 -4.819010e-08 -5.978046e-09
   9    0  4.062753e-08  2.968074e-08  9.027474e-10  5.050929e-11
   9    1  2.865548e-08  1.977304e-08  7.137770e-10  4.155950e-11
   9    2  2.128304e-08  1.390648e-08  6.606585e-10  1.901749e-11
   9    3  1.583607e-08  9.587091e-09  3.975461e-10  4.618107e-11
   9    4  8.526448e-09  5.174367e-09 -1.493224e-10 -1.478739e-11
   9    5  3.956478e-09  2.257314e-09 -3.488021e-10 -3.615354e-11
   9    6 -1.195343e-08 -9.405972e-09 -4.244162e-09 -5.251479e-10
   9    7  3.952023e-08  2.561526e-08  9.488891e-09  1.509960e-09
   9    8 -1.931637e-07 -1.230051e-07 -4.819010e-08 -6.251600e-09
   9    9  1.167762e-07  8.141404e-08  2.686610e-08  3.081879e-09
