#************************************************************************
# 
#    These are published data of the HERMES Collaboration.
#    You are free to use these data in any publication. 
#    However, you must make a reference to the following publication:
# 
#    A. Airapetian et al, Phys. Rev. D 87 (2013) 074029 
# 
#************************************************************************
# 
# Covariance matrices for the hadron charge asymmetries from HERMES
# Configuration: z-3D (x: 2, z: 10, Php: 5)
# Projected to: 1D (z: 10)
# Target: D
# Optional settings: Not VM subtracted
#
#  i    j            pi             k
   0    0  3.513067e-05  8.935376e-04
   0    1 -1.512652e-06 -2.953964e-05
   0    2  1.628993e-07  1.337570e-06
   0    3  3.764348e-08 -2.702872e-07
   0    4  7.188494e-08 -9.266296e-09
   0    5  7.571042e-08  7.310833e-08
   0    6  8.030533e-08  6.669962e-08
   0    7  7.882871e-08  5.984102e-08
   0    8  7.747360e-08  4.608329e-08
   0    9  7.754191e-08  1.983368e-08
   1    0 -1.512652e-06 -2.889325e-05
   1    1  6.315716e-06  1.091495e-04
   1    2 -9.681792e-07 -1.373815e-05
   1    3  1.421279e-07  7.581197e-07
   1    4  4.376795e-08 -2.190958e-07
   1    5  7.341384e-08  3.451717e-08
   1    6  7.395557e-08  3.672808e-08
   1    7  7.679019e-08  4.111006e-08
   1    8  8.009053e-08  5.036580e-08
   1    9  7.779406e-08  2.309820e-08
   2    0  1.628993e-07  1.316769e-06
   2    1 -9.681792e-07 -1.373815e-05
   2    2  5.272816e-06  6.379583e-05
   2    3 -1.255728e-06 -1.317231e-05
   2    4  1.098493e-07  3.181051e-07
   2    5  4.246967e-08 -1.755296e-07
   2    6  7.077578e-08 -2.228349e-08
   2    7  6.771807e-08  5.918557e-09
   2    8  7.601203e-08  5.593453e-08
   2    9  7.883048e-08  1.909847e-08
   3    0  3.764348e-08 -2.629735e-07
   3    1  1.421279e-07  7.581197e-07
   3    2 -1.255728e-06 -1.317231e-05
   3    3  6.278268e-06  5.509464e-05
   3    4 -9.576581e-07 -7.353729e-06
   3    5  1.943453e-07  7.117797e-07
   3    6  2.257795e-08 -2.136427e-07
   3    7  7.194180e-08 -2.219297e-08
   3    8  5.912441e-08 -5.520013e-08
   3    9  7.731753e-08  3.285340e-08
   4    0  7.188494e-08 -9.624769e-09
   4    1  4.376795e-08 -2.190958e-07
   4    2  1.098493e-07  3.181051e-07
   4    3 -9.576581e-07 -7.353729e-06
   4    4  3.561476e-06  2.433382e-05
   4    5 -9.748185e-07 -6.080501e-06
   4    6  1.971034e-07  5.736230e-07
   4    7 -1.408588e-08 -3.880732e-07
   4    8  5.787314e-08 -6.473438e-08
   4    9  6.390945e-08 -1.700426e-08
   5    0  7.571042e-08  7.280813e-08
   5    1  7.341384e-08  3.451717e-08
   5    2  4.246967e-08 -1.755296e-07
   5    3  1.943453e-07  7.117797e-07
   5    4 -9.748185e-07 -6.080501e-06
   5    5  6.581329e-06  3.530209e-05
   5    6 -2.334197e-06 -1.075040e-05
   5    7  4.819020e-07  1.722788e-06
   5    8 -2.280525e-07 -1.082256e-06
   5    9  5.003446e-08 -7.434929e-08
   6    0  8.030533e-08  6.649350e-08
   6    1  7.395557e-08  3.672808e-08
   6    2  7.077578e-08 -2.228349e-08
   6    3  2.257795e-08 -2.136427e-07
   6    4  1.971034e-07  5.736230e-07
   6    5 -2.334197e-06 -1.075040e-05
   6    6  1.208344e-05  5.002649e-05
   6    7 -5.062136e-06 -1.955163e-05
   6    8  1.448875e-06  4.713983e-06
   6    9 -2.875499e-07 -9.366423e-07
   7    0  7.882871e-08  5.975041e-08
   7    1  7.679019e-08  4.102755e-08
   7    2  6.771807e-08  6.084628e-09
   7    3  7.194180e-08 -2.196380e-08
   7    4 -1.408588e-08 -3.892976e-07
   7    5  4.819020e-07  1.721749e-06
   7    6 -5.062136e-06 -1.958181e-05
   7    7  2.032495e-05  8.097964e-05
   7    8 -1.158131e-05 -4.061655e-05
   7    9  1.239100e-06  4.400807e-06
   8    0  7.747360e-08  4.601690e-08
   8    1  8.009053e-08  5.036580e-08
   8    2  7.601203e-08  5.593453e-08
   8    3  5.912441e-08 -5.520013e-08
   8    4  5.787314e-08 -6.473438e-08
   8    5 -2.280525e-07 -1.082256e-06
   8    6  1.448875e-06  4.713983e-06
   8    7 -1.158131e-05 -4.048953e-05
   8    8  4.402450e-05  1.632354e-04
   8    9 -1.008944e-05 -3.675877e-05
   9    0  7.754191e-08  1.983356e-08
   9    1  7.779406e-08  2.298175e-08
   9    2  7.883048e-08  2.001246e-08
   9    3  7.731753e-08  3.094598e-08
   9    4  6.390945e-08 -1.426323e-08
   9    5  5.003446e-08 -5.216414e-08
   9    6 -2.875499e-07 -1.035783e-06
   9    7  1.239100e-06  4.638260e-06
   9    8 -1.008944e-05 -3.824487e-05
   9    9  1.437125e-05  6.265567e-05
