#************************************************************************
# 
#    These are published data of the HERMES Collaboration.
#    You are free to use these data in any publication. 
#    However, you must make a reference to the following publication:
# 
#    A. Airapetian et al, Phys. Rev. D 87 (2013) 074029 
# 
#************************************************************************
# 
# Covariance matrices for the multiplicities from HERMES
# Configuration: z-3D (x: 2, z: 10, Php: 5)
# Projected to: 1D (z: 10)
# Target: H
# Optional settings: VM subtracted
#
#  i    j           pi+           pi-            K+            K-
   0    0  1.275159e-03  1.312819e-03  7.955524e-04  7.875355e-04
   0    1 -3.722194e-05 -3.693692e-05 -1.668054e-05 -1.027286e-05
   0    2  3.025165e-06  2.562768e-06  4.906758e-07  2.542295e-07
   0    3  5.214634e-07  3.072666e-07 -1.349912e-07 -6.659648e-08
   0    4  6.732358e-07  4.084120e-07  6.792136e-09  3.442736e-09
   0    5  4.279326e-07  2.452842e-07  1.341682e-08 -5.069633e-10
   0    6  2.716748e-07  1.417875e-07  3.901580e-09  1.791793e-09
   0    7  1.775927e-07  8.878759e-08  8.617281e-09  1.655355e-09
   0    8  1.095059e-07  4.870801e-08  3.642899e-09  3.094249e-10
   0    9  4.033267e-08  1.306021e-08  1.383395e-09  4.295843e-11
   1    0 -3.722194e-05 -3.693692e-05 -1.436521e-05 -5.792627e-06
   1    1  1.052567e-04  9.510338e-05  2.501880e-05  1.838575e-05
   1    2 -1.189637e-05 -9.985196e-06 -2.620995e-06 -1.781941e-06
   1    3  1.350722e-06  9.398872e-07  1.146980e-07  7.845389e-08
   1    4  2.957578e-07  1.654739e-07 -3.191379e-08 -1.378791e-08
   1    5  2.743994e-07  1.542800e-07  3.373948e-09  7.086953e-10
   1    6  1.770202e-07  9.208947e-08 -1.490439e-09  2.661886e-10
   1    7  1.227633e-07  5.873725e-08  4.395630e-09  3.714653e-10
   1    8  7.552664e-08  3.478300e-08  3.768170e-09  4.719674e-10
   1    9  2.824885e-08  8.913809e-09  8.379585e-10  2.687133e-11
   2    0  3.025165e-06  2.562768e-06  4.365398e-07  1.471407e-07
   2    1 -1.189637e-05 -9.985196e-06 -2.620995e-06 -1.781941e-06
   2    2  4.674673e-05  3.792901e-05  9.183520e-06  6.000734e-06
   2    3 -8.253826e-06 -6.325213e-06 -1.672272e-06 -9.518438e-07
   2    4  5.006613e-07  3.109355e-07  2.077459e-08  1.375572e-08
   2    5  1.314715e-07  6.143369e-08 -1.115874e-08 -4.638991e-09
   2    6  1.230282e-07  6.136089e-08 -2.278285e-10  3.343637e-11
   2    7  7.982878e-08  3.695908e-08  1.031702e-09 -2.543978e-10
   2    8  5.179249e-08  2.246547e-08  1.972668e-10  2.246360e-10
   2    9  2.079771e-08  6.378135e-09  1.035199e-09  2.421327e-11
   3    0  5.214634e-07  3.072666e-07 -1.243275e-07 -4.169863e-08
   3    1  1.350722e-06  9.398872e-07  1.146980e-07  7.845389e-08
   3    2 -8.253826e-06 -6.325213e-06 -1.672272e-06 -9.518438e-07
   3    3  2.998806e-05  2.271835e-05  5.953687e-06  3.238081e-06
   3    4 -2.921896e-06 -2.139071e-06 -6.442655e-07 -2.845958e-07
   3    5  3.669058e-07  2.203574e-07  4.492757e-08  1.637627e-08
   3    6  3.734311e-08  1.177196e-08 -1.304888e-08 -2.864504e-09
   3    7  6.254400e-08  2.704928e-08 -2.242168e-10 -2.937098e-10
   3    8  3.014893e-08  1.438390e-08 -4.645171e-10 -1.766620e-10
   3    9  1.534123e-08  4.450871e-09  2.930863e-10  3.203645e-11
   4    0  6.732358e-07  4.084120e-07  7.052833e-09  9.454718e-10
   4    1  2.957578e-07  1.654739e-07 -3.191379e-08 -1.378791e-08
   4    2  5.006613e-07  3.109355e-07  2.077459e-08  1.375572e-08
   4    3 -2.921896e-06 -2.139071e-06 -6.442655e-07 -2.845958e-07
   4    4  7.190670e-06  5.109477e-06  1.629225e-06  6.709741e-07
   4    5 -1.116354e-06 -7.527234e-07 -3.022083e-07 -1.012056e-07
   4    6  1.492881e-07  8.233114e-08  2.214831e-08  6.704721e-09
   4    7  1.894005e-09 -3.282788e-09 -1.414108e-08 -2.647010e-09
   4    8  1.821246e-08  8.101286e-09 -8.674490e-10 -8.314817e-11
   4    9  8.084779e-09  2.332372e-09 -9.343766e-11 -3.367203e-11
   5    0  4.279326e-07  2.452842e-07  1.323126e-08 -7.553577e-10
   5    1  2.743994e-07  1.542800e-07  3.373948e-09  7.086953e-10
   5    2  1.314715e-07  6.143369e-08 -1.115874e-08 -4.638991e-09
   5    3  3.669058e-07  2.203574e-07  4.492757e-08  1.637627e-08
   5    4 -1.116354e-06 -7.527234e-07 -3.022083e-07 -1.012056e-07
   5    5  4.345051e-06  2.775286e-06  1.219538e-06  3.819030e-07
   5    6 -9.455883e-07 -5.664286e-07 -2.993262e-07 -7.369735e-08
   5    7  1.280244e-07  6.666967e-08  3.113972e-08  6.759679e-09
   5    8 -3.304000e-08 -1.429294e-08 -1.598424e-08 -2.288708e-09
   5    9  3.820094e-09  1.219738e-09 -1.138411e-10  2.140231e-11
   6    0  2.716748e-07  1.417875e-07  3.644143e-09  1.465544e-09
   6    1  1.770202e-07  9.208947e-08 -1.490439e-09  2.661886e-10
   6    2  1.230282e-07  6.136089e-08 -2.278285e-10  3.343637e-11
   6    3  3.734311e-08  1.177196e-08 -1.304888e-08 -2.864504e-09
   6    4  1.492881e-07  8.233114e-08  2.214831e-08  6.704721e-09
   6    5 -9.455883e-07 -5.664286e-07 -2.993262e-07 -7.369735e-08
   6    6  3.056271e-06  1.743018e-06  1.063570e-06  2.322683e-07
   6    7 -8.423876e-07 -4.400138e-07 -3.192366e-07 -5.903378e-08
   6    8  1.411784e-07  6.217096e-08  4.303931e-08  6.678985e-09
   6    9 -1.099104e-08 -3.932730e-09 -5.092801e-09 -4.087817e-10
   7    0  1.775927e-07  8.878759e-08  8.615742e-09  1.443262e-09
   7    1  1.227633e-07  5.873725e-08  4.395630e-09  3.714653e-10
   7    2  7.982878e-08  3.695908e-08  1.031702e-09 -2.543978e-10
   7    3  6.254400e-08  2.704928e-08 -2.242168e-10 -2.937098e-10
   7    4  1.894005e-09 -3.282788e-09 -1.414108e-08 -2.647010e-09
   7    5  1.280244e-07  6.666967e-08  3.113972e-08  6.759679e-09
   7    6 -8.423876e-07 -4.400138e-07 -3.192366e-07 -5.903378e-08
   7    7  2.306138e-06  1.116550e-06  9.397410e-07  1.701763e-07
   7    8 -7.528511e-07 -3.172723e-07 -2.818343e-07 -3.965633e-08
   7    9  3.309383e-08  1.215609e-08  1.245872e-08  1.321359e-09
   8    0  1.095059e-07  4.870801e-08  3.661289e-09  3.579620e-10
   8    1  7.552664e-08  3.478300e-08  3.768170e-09  4.724332e-10
   8    2  5.179249e-08  2.246547e-08  1.972668e-10  2.267268e-10
   8    3  3.014893e-08  1.438390e-08 -4.645171e-10 -1.812426e-10
   8    4  1.821246e-08  8.101286e-09 -8.674490e-10 -5.391200e-11
   8    5 -3.304000e-08 -1.429294e-08 -1.598424e-08 -2.368399e-09
   8    6  1.411784e-07  6.217096e-08  4.303931e-08  6.822937e-09
   8    7 -7.528511e-07 -3.172723e-07 -2.818343e-07 -4.035769e-08
   8    8  1.670286e-06  6.485456e-07  6.222327e-07  8.301930e-08
   8    9 -1.515530e-07 -4.720029e-08 -6.242800e-08 -5.135619e-09
   9    0  4.033267e-08  1.306021e-08  1.377983e-09  4.286713e-11
   9    1  2.824885e-08  8.913809e-09  8.379585e-10  2.752373e-11
   9    2  2.079771e-08  6.378135e-09  1.035199e-09  2.667837e-11
   9    3  1.534123e-08  4.450871e-09  2.930863e-10  2.237660e-11
   9    4  8.084779e-09  2.332372e-09 -9.343766e-11 -4.134368e-11
   9    5  3.820094e-09  1.219738e-09 -1.138411e-10  3.309858e-11
   9    6 -1.099104e-08 -3.932730e-09 -5.092801e-09 -4.423619e-10
   9    7  3.309383e-08  1.215609e-08  1.245872e-08  1.459767e-09
   9    8 -1.515530e-07 -4.720029e-08 -6.242800e-08 -5.716897e-09
   9    9  8.693413e-08  2.586619e-08  3.387621e-08  2.634195e-09
