#************************************************************************
# 
#    These are published data of the HERMES Collaboration.
#    You are free to use these data in any publication. 
#    However, you must make a reference to the following publication:
# 
#    A. Airapetian et al, Phys. Rev. D 87 (2013) 074029 
# 
#************************************************************************
# 
# Covariance matrices for the multiplicities from HERMES
# Configuration: z-3D (x: 2, z: 10, Php: 5)
# Projected to: 1D (z: 10)
# Target: D
# Optional settings: VM subtracted
#
#  i    j           pi+           pi-            K+            K-
   0    0  9.422209e-04  1.269255e-03  3.225276e-04  3.043065e-04
   0    1 -3.054336e-05 -3.376420e-05 -8.604567e-06 -6.381562e-06
   0    2  2.444370e-06  2.423034e-06  2.933556e-07  2.226902e-07
   0    3  4.401446e-07  3.640067e-07 -7.498282e-08 -2.570059e-08
   0    4  5.432379e-07  4.513017e-07 -1.784755e-09 -6.310901e-10
   0    5  3.177809e-07  2.674869e-07  1.121017e-08  3.173467e-09
   0    6  2.164006e-07  1.624942e-07  8.264008e-09  1.902285e-09
   0    7  1.438460e-07  9.995393e-08  5.898829e-09  1.117384e-09
   0    8  8.170500e-08  5.526339e-08  2.772826e-09  4.256422e-10
   0    9  2.819302e-08  1.635829e-08  9.561038e-10  4.905438e-11
   1    0 -3.054336e-05 -3.376420e-05 -8.156261e-06 -6.381562e-06
   1    1  8.992010e-05  9.190460e-05  2.147947e-05  1.669129e-05
   1    2 -1.005735e-05 -9.607909e-06 -2.286809e-06 -1.489504e-06
   1    3  1.083476e-06  9.948823e-07  1.070859e-07  6.777066e-08
   1    4  2.360475e-07  1.769606e-07 -2.787916e-08 -1.192241e-08
   1    5  2.232769e-07  1.665111e-07  2.737859e-09  1.423195e-09
   1    6  1.394920e-07  9.841748e-08  2.399501e-09  8.971246e-10
   1    7  9.735364e-08  6.438252e-08  2.631874e-09  5.542911e-10
   1    8  5.985159e-08  3.714124e-08  2.185694e-09  3.141167e-10
   1    9  1.974822e-08  1.082792e-08  7.564676e-10  4.103239e-11
   2    0  2.444370e-06  2.423034e-06  2.815445e-07  2.226902e-07
   2    1 -1.005735e-05 -9.607909e-06 -2.286809e-06 -1.489504e-06
   2    2  3.975307e-05  3.603896e-05  8.388385e-06  5.137307e-06
   2    3 -6.937561e-06 -6.104249e-06 -1.503075e-06 -8.579171e-07
   2    4  4.043579e-07  3.306353e-07  2.508243e-08  1.564142e-08
   2    5  9.580940e-08  6.524685e-08 -1.212161e-08 -4.368235e-09
   2    6  9.761045e-08  6.520622e-08 -1.399246e-09 -4.923974e-10
   2    7  6.245417e-08  3.897355e-08  1.157805e-09 -7.898505e-11
   2    8  4.034891e-08  2.501058e-08  9.526835e-10  3.913156e-10
   2    9  1.460765e-08  7.500329e-09  6.997128e-10  1.483734e-11
   3    0  4.401446e-07  3.640067e-07 -7.133914e-08 -2.570059e-08
   3    1  1.083476e-06  9.948823e-07  1.070859e-07  6.777066e-08
   3    2 -6.937561e-06 -6.104249e-06 -1.503075e-06 -8.579171e-07
   3    3  2.551799e-05  2.170531e-05  5.400358e-06  2.931132e-06
   3    4 -2.527026e-06 -2.095300e-06 -5.617351e-07 -2.676610e-07
   3    5  3.031549e-07  2.261952e-07  4.164782e-08  1.569138e-08
   3    6  2.451356e-08  1.402019e-08 -1.212866e-08 -2.643952e-09
   3    7  4.939958e-08  2.978722e-08 -2.853081e-10 -3.361325e-10
   3    8  2.222306e-08  1.470215e-08 -3.732773e-10 -3.595450e-10
   3    9  1.069824e-08  5.174007e-09  4.166122e-10  4.901021e-11
   4    0  5.432379e-07  4.513017e-07 -1.929128e-09 -6.310901e-10
   4    1  2.360475e-07  1.769606e-07 -2.787916e-08 -1.192241e-08
   4    2  4.043579e-07  3.306353e-07  2.508243e-08  1.564142e-08
   4    3 -2.527026e-06 -2.095300e-06 -5.617351e-07 -2.676610e-07
   4    4  6.152659e-06  4.920778e-06  1.403598e-06  6.338848e-07
   4    5 -9.642405e-07 -7.351524e-07 -2.620833e-07 -9.537316e-08
   4    6  1.263284e-07  8.510807e-08  1.874290e-08  6.070317e-09
   4    7 -3.676258e-09 -5.055785e-09 -1.117198e-08 -2.545656e-09
   4    8  1.551488e-08  9.359476e-09 -5.777957e-10 -2.749232e-10
   4    9  5.757592e-09  2.726853e-09 -1.630234e-10 -1.580212e-11
   5    0  3.177809e-07  2.674869e-07  1.111571e-08  3.173467e-09
   5    1  2.232769e-07  1.665111e-07  2.737859e-09  1.423195e-09
   5    2  9.580940e-08  6.524685e-08 -1.212161e-08 -4.368235e-09
   5    3  3.031549e-07  2.261952e-07  4.164782e-08  1.569138e-08
   5    4 -9.642405e-07 -7.351524e-07 -2.620833e-07 -9.537316e-08
   5    5  3.717121e-06  2.741986e-06  1.063658e-06  3.603044e-07
   5    6 -8.225755e-07 -5.670595e-07 -2.646130e-07 -7.312462e-08
   5    7  1.173846e-07  7.451457e-08  3.105260e-08  7.384347e-09
   5    8 -2.967869e-08 -1.802270e-08 -1.362439e-08 -2.316980e-09
   5    9  2.876465e-09  1.440911e-09 -3.633491e-10 -4.558602e-11
   6    0  2.164006e-07  1.624942e-07  8.212346e-09  1.902285e-09
   6    1  1.394920e-07  9.841748e-08  2.399501e-09  8.971246e-10
   6    2  9.761045e-08  6.520622e-08 -1.399246e-09 -4.923974e-10
   6    3  2.451356e-08  1.402019e-08 -1.212866e-08 -2.643952e-09
   6    4  1.263284e-07  8.510807e-08  1.874290e-08  6.070317e-09
   6    5 -8.225755e-07 -5.670595e-07 -2.646130e-07 -7.312462e-08
   6    6  2.619649e-06  1.758003e-06  9.197003e-07  2.417402e-07
   6    7 -7.396036e-07 -4.680865e-07 -2.659104e-07 -6.104503e-08
   6    8  1.192667e-07  7.256864e-08  3.855571e-08  7.510365e-09
   6    9 -8.121918e-09 -4.773440e-09 -4.484216e-09 -4.516176e-10
   7    0  1.438460e-07  9.995393e-08  5.878260e-09  1.117826e-09
   7    1  9.735364e-08  6.438252e-08  2.631874e-09  5.525460e-10
   7    2  6.245417e-08  3.897355e-08  1.157805e-09 -7.618096e-11
   7    3  4.939958e-08  2.978722e-08 -2.853081e-10 -3.334281e-10
   7    4 -3.676258e-09 -5.055785e-09 -1.117198e-08 -2.556516e-09
   7    5  1.173846e-07  7.451457e-08  3.105260e-08  7.375046e-09
   7    6 -7.396036e-07 -4.680865e-07 -2.659104e-07 -6.115559e-08
   7    7  1.990916e-06  1.216476e-06  7.315302e-07  1.624442e-07
   7    8 -6.448527e-07 -3.571728e-07 -2.254346e-07 -4.064654e-08
   7    9  2.817409e-08  1.487877e-08  1.004125e-08  1.416393e-09
   8    0  8.170500e-08  5.526339e-08  2.764913e-09  4.256422e-10
   8    1  5.985159e-08  3.714124e-08  2.185694e-09  3.141167e-10
   8    2  4.034891e-08  2.501058e-08  9.526835e-10  3.913156e-10
   8    3  2.222306e-08  1.470215e-08 -3.732773e-10 -3.595450e-10
   8    4  1.551488e-08  9.359476e-09 -5.777957e-10 -2.749232e-10
   8    5 -2.967869e-08 -1.802270e-08 -1.362439e-08 -2.316980e-09
   8    6  1.192667e-07  7.256864e-08  3.855571e-08  7.510365e-09
   8    7 -6.448527e-07 -3.571728e-07 -2.254346e-07 -4.048587e-08
   8    8  1.355253e-06  7.224926e-07  4.957152e-07  8.356481e-08
   8    9 -1.178504e-07 -5.620470e-08 -5.059671e-08 -5.714721e-09
   9    0  2.819302e-08  1.635829e-08  9.574253e-10  4.898026e-11
   9    1  1.974822e-08  1.082792e-08  7.564676e-10  4.063668e-11
   9    2  1.460765e-08  7.500329e-09  6.997128e-10  1.715688e-11
   9    3  1.069824e-08  5.174007e-09  4.166122e-10  4.500866e-11
   9    4  5.757592e-09  2.726853e-09 -1.630234e-10 -1.174301e-11
   9    5  2.876465e-09  1.440911e-09 -3.633491e-10 -2.609613e-11
   9    6 -8.121918e-09 -4.773440e-09 -4.484216e-09 -5.123538e-10
   9    7  2.817409e-08  1.487877e-08  1.004125e-08  1.499938e-09
   9    8 -1.178504e-07 -5.620470e-08 -5.059671e-08 -5.976164e-09
   9    9  6.193564e-08  3.015973e-08  2.808809e-08  2.827388e-09
