#************************************************************************
# 
#    These are published data of the HERMES Collaboration.
#    You are free to use these data in any publication. 
#    However, you must make a reference to the following publication:
# 
#    A. Airapetian et al, Phys. Rev. D 87 (2013) 074029 
# 
#************************************************************************
# 
# Covariance matrices for the K/pi multiplicity ratios from HERMES
# Configuration: z-3D (x: 2, z: 10, Php: 5)
# Projected to: 1D (z: 10)
# Target: H
# Optional settings: Not VM subtracted
#
#  i    j        K+/pi+        K-/pi-
   0    0  4.672466e-05  6.457163e-05
   0    1 -1.419433e-06 -1.240934e-06
   0    2  6.055439e-08  4.634702e-08
   0    3 -1.890876e-08 -1.457904e-08
   0    4  5.235958e-09  2.972459e-09
   0    5  1.034900e-08  1.861890e-09
   0    6  8.524956e-09  4.297006e-09
   0    7  1.374744e-08  4.632089e-09
   0    8  1.062436e-08  2.066745e-09
   0    9  8.430003e-09  6.127442e-10
   1    0 -1.228807e-06 -7.187213e-07
   1    1  3.141930e-06  3.281080e-06
   1    2 -4.535673e-07 -4.546222e-07
   1    3  3.022648e-08  2.977874e-08
   1    4 -8.462487e-09 -6.634567e-09
   1    5  6.086974e-09  2.648114e-09
   1    6  4.013409e-09  2.559851e-09
   1    7  1.125709e-08  2.708690e-09
   1    8  1.272641e-08  3.187425e-09
   1    9  7.586880e-09  5.872507e-10
   2    0  5.449651e-08  2.876586e-08
   2    1 -4.535673e-07 -4.546222e-07
   2    2  2.199273e-06  2.200169e-06
   2    3 -5.468096e-07 -4.912502e-07
   2    4  1.470652e-08  1.313481e-08
   2    5 -5.789946e-09 -5.767268e-09
   2    6  5.206467e-09  2.015483e-09
   2    7  7.427988e-09  7.405781e-10
   2    8  5.664079e-09  2.564244e-09
   2    9  1.061735e-08  6.944429e-10
   3    0 -1.731118e-08 -8.903658e-09
   3    1  3.022648e-08  2.977874e-08
   3    2 -5.468096e-07 -4.912502e-07
   3    3  2.671235e-06  2.352164e-06
   3    4 -4.454681e-07 -3.410739e-07
   3    5  6.138991e-08  3.967127e-08
   3    6 -1.911596e-08 -9.408698e-09
   3    7  6.584861e-09  3.028140e-10
   3    8  2.791718e-09 -4.608913e-10
   3    9  7.447340e-09  1.011165e-09
   4    0  5.295041e-09  2.065690e-09
   4    1 -8.462487e-09 -6.634567e-09
   4    2  1.470652e-08  1.313481e-08
   4    3 -4.454681e-07 -3.410739e-07
   4    4  1.739409e-06  1.295050e-06
   4    5 -5.640611e-07 -3.720535e-07
   4    6  7.546710e-08  4.446044e-08
   4    7 -4.873613e-08 -2.185550e-08
   4    8  3.382114e-11 -1.786795e-10
   4    9  3.872826e-09 -8.782855e-10
   5    0  1.027740e-08  1.698892e-09
   5    1  6.086974e-09  2.648114e-09
   5    2 -5.789946e-09 -5.767268e-09
   5    3  6.138991e-08  3.967127e-08
   5    4 -5.640611e-07 -3.720535e-07
   5    5  3.991114e-06  2.575992e-06
   5    6 -1.541746e-06 -8.553816e-07
   5    7  2.465921e-07  1.197506e-07
   5    8 -1.767529e-07 -6.021247e-08
   5    9  2.191275e-09  1.454627e-09
   6    0  8.369532e-09  3.935392e-09
   6    1  4.013409e-09  2.559851e-09
   6    2  5.206467e-09  2.015483e-09
   6    3 -1.911596e-08 -9.408698e-09
   6    4  7.546710e-08  4.446044e-08
   6    5 -1.541746e-06 -8.553816e-07
   6    6  8.670035e-06  4.506647e-06
   6    7 -3.695242e-06 -1.652630e-06
   6    8  8.225557e-07  3.030985e-07
   6    9 -1.936258e-07 -4.359823e-08
   7    0  1.374597e-08  4.268618e-09
   7    1  1.125709e-08  2.708690e-09
   7    2  7.427988e-09  7.405781e-10
   7    3  6.584861e-09  3.028140e-10
   7    4 -4.873613e-08 -2.185550e-08
   7    5  2.465921e-07  1.197506e-07
   7    6 -3.695242e-06 -1.652630e-06
   7    7  1.568421e-05  6.975243e-06
   7    8 -7.619626e-06 -2.663365e-06
   7    9  7.044111e-07  2.060253e-07
   8    0  1.092652e-08  2.265774e-09
   8    1  1.297945e-08  3.249996e-09
   8    2  5.945265e-09  2.645872e-09
   8    3  3.121083e-09 -4.435376e-10
   8    4  4.388763e-10  3.283554e-10
   8    5 -1.762552e-07 -6.224687e-08
   8    6  8.234279e-07  3.100889e-07
   8    7 -7.621685e-06 -2.710355e-06
   8    8  2.698896e-05  9.025498e-06
   8    9 -5.660268e-06 -1.359052e-06
   9    0  8.413161e-09  6.119865e-10
   9    1  7.586880e-09  5.941505e-10
   9    2  1.061735e-08  7.313868e-10
   9    3  7.447340e-09  8.149151e-10
   9    4  3.872826e-09 -1.129744e-09
   9    5  2.191275e-09  2.108640e-09
   9    6 -1.936258e-07 -4.709782e-08
   9    7  7.044111e-07  2.273142e-07
   9    8 -5.657938e-06 -1.496769e-06
   9    9  6.608208e-06  1.729249e-06
