#************************************************************************
# 
#    These are published data of the HERMES Collaboration.
#    You are free to use these data in any publication. 
#    However, you must make a reference to the following publication:
# 
#    A. Airapetian et al, Phys. Rev. D 87 (2013) 074029 
# 
#************************************************************************
# 
# Covariance matrices for the multiplicities from HERMES
# Configuration: z-3D (x: 2, z: 10, Php: 5)
# Projected to: 1D (z: 10)
# Target: H
# Optional settings: Not VM subtracted
#
#  i    j           pi+           pi-            K+            K-
   0    0  1.199054e-03  1.231283e-03  7.412991e-04  7.398209e-04
   0    1 -3.514193e-05 -3.491449e-05 -1.552574e-05 -9.604019e-06
   0    2  2.893066e-06  2.453117e-06  4.573576e-07  2.375689e-07
   0    3  5.123973e-07  3.047987e-07 -1.263112e-07 -6.249603e-08
   0    4  6.620499e-07  4.074491e-07  6.421743e-09  3.175688e-09
   0    5  4.295784e-07  2.518608e-07  1.303093e-08 -2.782174e-10
   0    6  2.790616e-07  1.519263e-07  4.064870e-09  1.879139e-09
   0    7  1.904801e-07  1.018336e-07  8.111072e-09  1.593989e-09
   0    8  1.182919e-07  5.989738e-08  3.420227e-09  3.009224e-10
   0    9  5.417925e-08  2.491386e-08  1.313446e-09  4.417450e-11
   1    0 -3.514193e-05 -3.491449e-05 -1.337355e-05 -5.425126e-06
   1    1  1.000544e-04  9.074026e-05  2.332050e-05  1.720942e-05
   1    2 -1.139721e-05 -9.635856e-06 -2.450757e-06 -1.671227e-06
   1    3  1.310988e-06  9.202543e-07  1.074924e-07  7.372485e-08
   1    4  2.935422e-07  1.660981e-07 -3.037537e-08 -1.354642e-08
   1    5  2.762601e-07  1.590782e-07  3.147080e-09  7.401123e-10
   1    6  1.829565e-07  9.921723e-08 -1.162918e-09  3.401056e-10
   1    7  1.324064e-07  6.803790e-08  4.156787e-09  3.785121e-10
   1    8  8.216463e-08  4.311205e-08  3.547922e-09  4.575111e-10
   1    9  3.806557e-08  1.714970e-08  7.962437e-10  2.790868e-11
   2    0  2.893066e-06  2.453117e-06  4.070279e-07  1.382213e-07
   2    1 -1.139721e-05 -9.635856e-06 -2.450757e-06 -1.671227e-06
   2    2  4.514353e-05  3.696256e-05  8.606793e-06  5.648879e-06
   2    3 -8.036685e-06 -6.246929e-06 -1.575145e-06 -9.015063e-07
   2    4  4.946259e-07  3.119493e-07  1.942111e-08  1.276683e-08
   2    5  1.336227e-07  6.333785e-08 -1.094695e-08 -4.756188e-09
   2    6  1.272574e-07  6.638112e-08 -1.191572e-10  1.146199e-11
   2    7  8.689343e-08  4.297185e-08  9.955804e-10 -2.416016e-10
   2    8  5.642748e-08  2.799905e-08  1.580665e-10  2.245170e-10
   2    9  2.826309e-08  1.236676e-08  9.845840e-10  2.528538e-11
   3    0  5.123973e-07  3.047987e-07 -1.164382e-07 -3.940511e-08
   3    1  1.310988e-06  9.202543e-07  1.074924e-07  7.372485e-08
   3    2 -8.036685e-06 -6.246929e-06 -1.575145e-06 -9.015063e-07
   3    3  2.943827e-05  2.266980e-05  5.626699e-06  3.082352e-06
   3    4 -2.903370e-06 -2.173762e-06 -6.185695e-07 -2.799231e-07
   3    5  3.727061e-07  2.307276e-07  4.401241e-08  1.670604e-08
   3    6  3.904685e-08  1.244767e-08 -1.271181e-08 -2.952060e-09
   3    7  6.797987e-08  3.157725e-08 -1.200369e-10 -2.826385e-10
   3    8  3.298916e-08  1.767195e-08 -4.973680e-10 -1.887985e-10
   3    9  2.096442e-08  8.812004e-09  2.852227e-10  3.300013e-11
   4    0  6.620499e-07  4.074491e-07  6.665246e-09  8.452863e-10
   4    1  2.935422e-07  1.660981e-07 -3.037537e-08 -1.354642e-08
   4    2  4.946259e-07  3.119493e-07  1.942111e-08  1.276683e-08
   4    3 -2.903370e-06 -2.173762e-06 -6.185695e-07 -2.799231e-07
   4    4  7.233702e-06  5.268391e-06  1.572243e-06  6.674734e-07
   4    5 -1.144089e-06 -8.018603e-07 -2.983699e-07 -1.057628e-07
   4    6  1.566172e-07  9.109096e-08  2.196630e-08  7.088512e-09
   4    7  2.938823e-09 -4.732206e-09 -1.334855e-08 -2.635896e-09
   4    8  1.918132e-08  9.842564e-09 -8.599979e-10 -9.168680e-11
   4    9  1.116794e-08  4.411522e-09 -8.169107e-11 -3.559468e-11
   5    0  4.295784e-07  2.518608e-07  1.285788e-08 -5.096261e-10
   5    1  2.762601e-07  1.590782e-07  3.147080e-09  7.401123e-10
   5    2  1.336227e-07  6.333785e-08 -1.094695e-08 -4.756188e-09
   5    3  3.727061e-07  2.307276e-07  4.401241e-08  1.670604e-08
   5    4 -1.144089e-06 -8.018603e-07 -2.983699e-07 -1.057628e-07
   5    5  4.533135e-06  3.028920e-06  1.206103e-06  4.026070e-07
   5    6 -1.008919e-06 -6.491256e-07 -2.942419e-07 -7.916168e-08
   5    7  1.404429e-07  7.998582e-08  3.043728e-08  7.178737e-09
   5    8 -3.927275e-08 -2.062774e-08 -1.523822e-08 -2.338970e-09
   5    9  5.015649e-09  2.114331e-09 -1.089163e-10  2.039329e-11
   6    0  2.790616e-07  1.519263e-07  3.825223e-09  1.572415e-09
   6    1  1.829565e-07  9.921723e-08 -1.162918e-09  3.401056e-10
   6    2  1.272574e-07  6.638112e-08 -1.191572e-10  1.146199e-11
   6    3  3.904685e-08  1.244767e-08 -1.271181e-08 -2.952060e-09
   6    4  1.566172e-07  9.109096e-08  2.196630e-08  7.088512e-09
   6    5 -1.008919e-06 -6.491256e-07 -2.942419e-07 -7.916168e-08
   6    6  3.336031e-06  2.070328e-06  1.039728e-06  2.487347e-07
   6    7 -9.525152e-07 -5.631720e-07 -3.053676e-07 -6.033669e-08
   6    8  1.659537e-07  8.729050e-08  4.100849e-08  6.820615e-09
   6    9 -1.528474e-08 -8.204539e-09 -4.840689e-09 -4.260694e-10
   7    0  1.904801e-07  1.018336e-07  8.109503e-09  1.391473e-09
   7    1  1.324064e-07  6.803790e-08  4.156787e-09  3.785121e-10
   7    2  8.689343e-08  4.297185e-08  9.955804e-10 -2.416016e-10
   7    3  6.797987e-08  3.157725e-08 -1.200369e-10 -2.826385e-10
   7    4  2.938823e-09 -4.732206e-09 -1.334855e-08 -2.635896e-09
   7    5  1.404429e-07  7.998582e-08  3.043728e-08  7.178737e-09
   7    6 -9.525152e-07 -5.631720e-07 -3.053676e-07 -6.033669e-08
   7    7  2.691372e-06  1.522826e-06  8.942923e-07  1.707967e-07
   7    8 -9.251615e-07 -4.936348e-07 -2.686209e-07 -4.014635e-08
   7    9  4.363797e-08  2.128732e-08  1.182868e-08  1.338450e-09
   8    0  1.212810e-07  6.144071e-08  3.528970e-09  3.585297e-10
   8    1  8.423940e-08  4.417347e-08  3.606099e-09  4.650347e-10
   8    2  5.795361e-08  2.874857e-08  2.056493e-10  2.326836e-10
   8    3  3.413223e-08  1.821161e-08 -4.560522e-10 -1.908056e-10
   8    4  1.993029e-08  1.018345e-08 -8.258121e-10 -5.609542e-11
   8    5 -3.882578e-08 -2.043943e-08 -1.521380e-08 -2.425443e-09
   8    6  1.665243e-07  8.740301e-08  4.102666e-08  6.993937e-09
   8    7 -9.266736e-07 -4.935609e-07 -2.686075e-07 -4.091638e-08
   8    8  2.180137e-06  1.127993e-06  5.966084e-07  8.517620e-08
   8    9 -2.274062e-07 -1.091508e-07 -5.973402e-08 -5.436133e-09
   9    0  5.417925e-08  2.491386e-08  1.308326e-09  4.406890e-11
   9    1  3.806557e-08  1.714970e-08  7.962437e-10  2.857004e-11
   9    2  2.826309e-08  1.236676e-08  9.845840e-10  2.778595e-11
   9    3  2.096442e-08  8.812004e-09  2.852227e-10  2.343609e-11
   9    4  1.116794e-08  4.411522e-09 -8.169107e-11 -4.333548e-11
   9    5  5.015649e-09  2.114331e-09 -1.089163e-10  3.151497e-11
   9    6 -1.528474e-08 -8.204539e-09 -4.840689e-09 -4.616249e-10
   9    7  4.363797e-08  2.128732e-08  1.182868e-08  1.480529e-09
   9    8 -2.267155e-07 -1.091692e-07 -5.973656e-08 -6.000244e-09
   9    9  1.459891e-07  7.466055e-08  3.253847e-08  2.864929e-09
