#************************************************************************
# 
#    These are published data of the HERMES Collaboration.
#    You are free to use these data in any publication. 
#    However, you must make a reference to the following publication:
# 
#    A. Airapetian et al, Phys. Rev. D 87 (2013) 074029 
# 
#************************************************************************
# 
# Covariance matrices for the hadron charge asymmetries from HERMES
# Configuration: z-3D (x: 2, z: 10, Php: 5)
# Projected to: 1D (z: 10)
# Target: H
# Optional settings: Not VM subtracted
#
#  i    j            pi             k
   0    0  4.426310e-05  2.230866e-03
   0    1 -1.841463e-06 -5.230002e-05
   0    2  1.919311e-07  1.764179e-06
   0    3  3.857287e-08 -5.701154e-07
   0    4  7.742453e-08  3.718173e-08
   0    5  8.530151e-08  3.337257e-08
   0    6  8.538495e-08  4.609057e-08
   0    7  8.457533e-08  7.342166e-08
   0    8  8.268068e-08  3.613947e-08
   0    9  8.081468e-08  1.648984e-08
   1    0 -1.841463e-06 -3.620346e-05
   1    1  7.200119e-06  1.326547e-04
   1    2 -1.092194e-06 -1.684717e-05
   1    3  1.549361e-07  8.982349e-07
   1    4  4.764482e-08 -2.514229e-07
   1    5  7.861729e-08  2.661806e-08
   1    6  8.079238e-08  2.367061e-09
   1    7  8.334184e-08  4.033691e-08
   1    8  8.454179e-08  6.901428e-08
   1    9  8.127246e-08  1.564847e-08
   2    0  1.919311e-07  1.271590e-06
   2    1 -1.092194e-06 -1.684717e-05
   2    2  5.885071e-06  7.328039e-05
   2    3 -1.388065e-06 -1.493568e-05
   2    4  1.170460e-07  2.615828e-07
   2    5  4.782609e-08 -1.646372e-07
   2    6  7.614720e-08 -3.903901e-10
   2    7  7.413198e-08 -4.982139e-09
   2    8  7.800206e-08  2.449897e-08
   2    9  8.216221e-08  2.095235e-08
   3    0  3.857287e-08 -4.307670e-07
   3    1  1.549361e-07  8.982349e-07
   3    2 -1.388065e-06 -1.493568e-05
   3    3  6.898138e-06  6.294633e-05
   3    4 -1.027535e-06 -7.930459e-06
   3    5  2.073036e-07  7.380439e-07
   3    6  2.553133e-08 -2.173853e-07
   3    7  7.652337e-08 -1.944204e-08
   3    8  6.461476e-08 -3.070711e-08
   3    9  8.131176e-08  1.917223e-08
   4    0  7.742453e-08  2.069472e-08
   4    1  4.764482e-08 -2.514229e-07
   4    2  1.170460e-07  2.615828e-07
   4    3 -1.027535e-06 -7.930459e-06
   4    4  3.868439e-06  2.512413e-05
   4    5 -1.045828e-06 -6.222260e-06
   4    6  2.069582e-07  6.013858e-07
   4    7 -6.362651e-09 -3.651264e-07
   4    8  5.625019e-08 -2.892750e-08
   4    9  6.421484e-08 -2.450326e-08
   5    0  8.530151e-08  3.022897e-08
   5    1  7.861729e-08  2.661806e-08
   5    2  4.782609e-08 -1.646372e-07
   5    3  2.073036e-07  7.380439e-07
   5    4 -1.045828e-06 -6.222260e-06
   5    5  7.045366e-06  3.568670e-05
   5    6 -2.466175e-06 -1.050802e-05
   5    7  4.704006e-07  1.397437e-06
   5    8 -2.034340e-07 -9.473631e-07
   5    9  5.191095e-08  1.889352e-08
   6    0  8.538495e-08  4.000082e-08
   6    1  8.079238e-08  2.367061e-09
   6    2  7.614720e-08 -3.903901e-10
   6    3  2.553133e-08 -2.173853e-07
   6    4  2.069582e-07  6.013858e-07
   6    5 -2.466175e-06 -1.050802e-05
   6    6  1.284073e-05  4.809182e-05
   6    7 -5.242725e-06 -1.741711e-05
   6    8  1.381267e-06  3.822679e-06
   6    9 -2.913051e-07 -7.689612e-07
   7    0  8.457533e-08  6.806763e-08
   7    1  8.334184e-08  4.033691e-08
   7    2  7.413198e-08 -4.982139e-09
   7    3  7.652337e-08 -1.944204e-08
   7    4 -6.362651e-09 -3.651264e-07
   7    5  4.704006e-07  1.397437e-06
   7    6 -5.242725e-06 -1.741711e-05
   7    7  2.123984e-05  7.125661e-05
   7    8 -1.141693e-05 -3.310722e-05
   7    9  1.156159e-06  3.478968e-06
   8    0  8.479031e-08  3.979619e-08
   8    1  8.664956e-08  7.014761e-08
   8    2  8.010086e-08  2.586902e-08
   8    3  6.671283e-08 -3.043930e-08
   8    4  5.831433e-08 -2.199491e-08
   8    5 -2.013722e-07 -9.715323e-07
   8    6  1.384325e-06  3.897030e-06
   8    7 -1.142364e-05 -3.361094e-05
   8    8  4.277878e-05  1.336668e-04
   8    9 -9.661432e-06 -2.786263e-05
   9    0  8.081468e-08  1.643812e-08
   9    1  8.127246e-08  1.583254e-08
   9    2  8.216221e-08  2.186565e-08
   9    3  8.131176e-08  1.471148e-08
   9    4  6.421484e-08 -2.956721e-08
   9    5  5.191095e-08  3.033760e-08
   9    6 -2.913051e-07 -8.237851e-07
   9    7  1.156159e-06  3.815088e-06
   9    8 -9.650426e-06 -3.050074e-05
   9    9  1.463774e-05  4.980232e-05
