#************************************************************************
# 
#    These are published data of the HERMES Collaboration.
#    You are free to use these data in any publication. 
#    However, you must make a reference to the following publication:
# 
#    A. Airapetian et al, Phys. Rev. D 87 (2013) 074029 
# 
#************************************************************************
# 
# Covariance matrices for the target asymmetries from HERMES
# Configuration: z-3D (x: 2, z: 10, Php: 5)
# Projected to: 1D (z: 10)
# Optional settings: VM subtracted
#
#  i    j           pi+           pi-            K+            K-
   0    0  3.415789e-05  4.710230e-05  1.079701e-03  2.284742e-03
   0    1 -1.505307e-06 -1.929869e-06 -3.734227e-05 -5.021632e-05
   0    2  1.668193e-07  1.952006e-07  1.429113e-06  1.951620e-06
   0    3  3.974950e-08  3.661907e-08 -4.420450e-07 -4.976869e-07
   0    4  7.643168e-08  7.524514e-08  1.191455e-08  2.469191e-08
   0    5  8.122118e-08  8.315969e-08  9.421413e-08  3.659844e-08
   0    6  8.572279e-08  8.509008e-08  6.440189e-08  8.910165e-08
   0    7  8.486585e-08  8.511965e-08  1.008984e-07  1.196195e-07
   0    8  8.436537e-08  8.329039e-08  8.259850e-08  7.198086e-08
   0    9  8.341582e-08  8.299992e-08  8.532841e-08  8.483436e-08
   1    0 -1.505307e-06 -1.929869e-06 -3.329362e-05 -3.614239e-05
   1    1  6.239054e-06  7.597037e-06  1.037457e-04  1.528297e-04
   1    2 -9.637943e-07 -1.144089e-06 -1.350944e-05 -1.955441e-05
   1    3  1.444813e-07  1.585332e-07  7.059519e-07  1.128632e-06
   1    4  4.802918e-08  4.485545e-08 -2.402286e-07 -3.063872e-07
   1    5  7.814483e-08  7.777959e-08  3.507105e-08  4.498587e-08
   1    6  7.990740e-08  7.989102e-08  7.516847e-09  3.935030e-08
   1    7  8.351197e-08  8.308211e-08  7.323492e-08  5.726990e-08
   1    8  8.608141e-08  8.636627e-08  1.140822e-07  1.150012e-07
   1    9  8.401185e-08  8.342823e-08  8.803340e-08  8.917307e-08
   2    0  1.668193e-07  1.952006e-07  1.310434e-06  1.501338e-06
   2    1 -9.637943e-07 -1.144089e-06 -1.350944e-05 -1.955441e-05
   2    2  5.217396e-06  6.210237e-06  5.968213e-05  9.120443e-05
   2    3 -1.239993e-06 -1.468739e-06 -1.247936e-05 -1.912288e-05
   2    4  1.123028e-07  1.208529e-07  2.284716e-07  4.781670e-07
   2    5  4.886646e-08  4.418772e-08 -1.654632e-07 -2.646947e-07
   2    6  7.652305e-08  7.632267e-08 -1.581431e-08 -2.091177e-08
   2    7  7.411487e-08  7.380083e-08  2.870942e-08 -2.882791e-08
   2    8  8.042715e-08  8.179919e-08  2.897126e-08  1.208811e-07
   2    9  8.514225e-08  8.451557e-08  1.174265e-07  7.521217e-08
   3    0  3.974950e-08  3.661907e-08 -4.121479e-07 -3.595249e-07
   3    1  1.444813e-07  1.585332e-07  7.059519e-07  1.128632e-06
   3    2 -1.239993e-06 -1.468739e-06 -1.247936e-05 -1.912288e-05
   3    3  6.135104e-06  7.394515e-06  5.162996e-05  8.415603e-05
   3    4 -9.170875e-07 -1.126474e-06 -6.921540e-06 -1.162023e-05
   3    5  1.957191e-07  2.196443e-07  7.106617e-07  1.215440e-06
   3    6  2.887833e-08  2.180553e-08 -2.776164e-07 -3.450922e-07
   3    7  7.895680e-08  7.763902e-08 -7.768492e-09 -6.935577e-08
   3    8  6.174896e-08  7.084416e-08 -2.315613e-08 -1.342676e-07
   3    9  8.473075e-08  8.261221e-08  5.671195e-08  1.883385e-07
   4    0  7.643168e-08  7.524514e-08  1.215356e-08  3.263991e-09
   4    1  4.802918e-08  4.485545e-08 -2.402286e-07 -3.063872e-07
   4    2  1.123028e-07  1.208529e-07  2.284716e-07  4.781670e-07
   4    3 -9.170875e-07 -1.126474e-06 -6.921540e-06 -1.162023e-05
   4    4  3.417128e-06  4.270519e-06  2.198293e-05  4.238371e-05
   4    5 -9.261821e-07 -1.172627e-06 -5.845657e-06 -1.150670e-05
   4    6  1.973346e-07  2.276891e-07  5.685569e-07  1.236587e-06
   4    7 -2.298331e-09 -1.792534e-08 -4.794734e-07 -8.860036e-07
   4    8  6.087436e-08  6.764828e-08 -4.997470e-08 -1.366324e-07
   4    9  6.863506e-08  6.942418e-08 -2.633444e-08 -1.951378e-07
   5    0  8.122118e-08  8.315969e-08  9.315950e-08  3.279014e-08
   5    1  7.814483e-08  7.777959e-08  3.507105e-08  4.498587e-08
   5    2  4.886646e-08  4.418772e-08 -1.654632e-07 -2.646947e-07
   5    3  1.957191e-07  2.196443e-07  7.106617e-07  1.215440e-06
   5    4 -9.261821e-07 -1.172627e-06 -5.845657e-06 -1.150670e-05
   5    5  6.234749e-06  8.049452e-06  3.380245e-05  7.829234e-05
   5    6 -2.201884e-06 -2.858428e-06 -1.121910e-05 -2.551995e-05
   5    7  4.598524e-07  5.707017e-07  1.702859e-06  4.339841e-06
   5    8 -1.971471e-07 -2.308531e-07 -1.482034e-06 -3.275374e-06
   5    9  5.790046e-08  6.755991e-08 -7.142010e-08 -9.037471e-08
   6    0  8.572279e-08  8.509008e-08  6.287524e-08  8.057266e-08
   6    1  7.990740e-08  7.989102e-08  7.516847e-09  3.935030e-08
   6    2  7.652305e-08  7.632267e-08 -1.581431e-08 -2.091177e-08
   6    3  2.887833e-08  2.180553e-08 -2.776164e-07 -3.450922e-07
   6    4  1.973346e-07  2.276891e-07  5.685569e-07  1.236587e-06
   6    5 -2.201884e-06 -2.858428e-06 -1.121910e-05 -2.551995e-05
   6    6  1.137041e-05  1.526443e-05  5.296207e-05  1.357053e-04
   6    7 -4.764732e-06 -6.363589e-06 -2.132982e-05 -6.077871e-05
   6    8  1.314303e-06  1.669700e-06  5.500611e-06  1.657013e-05
   6    9 -2.656478e-07 -3.814517e-07 -1.833143e-06 -9.448028e-06
   7    0  8.486585e-08  8.511965e-08  1.007273e-07  1.101341e-07
   7    1  8.351197e-08  8.308211e-08  7.323492e-08  5.716579e-08
   7    2  7.411487e-08  7.380083e-08  2.870942e-08 -2.859213e-08
   7    3  7.895680e-08  7.763902e-08 -7.768492e-09 -6.906974e-08
   7    4 -2.298331e-09 -1.792534e-08 -4.794734e-07 -8.877736e-07
   7    5  4.598524e-07  5.707017e-07  1.702859e-06  4.337082e-06
   7    6 -4.764732e-06 -6.363589e-06 -2.132982e-05 -6.083081e-05
   7    7  1.943227e-05  2.631078e-05  8.299020e-05  2.983184e-04
   7    8 -1.060194e-05 -1.348962e-05 -4.649863e-05 -1.664747e-04
   7    9  1.290751e-06  1.907256e-06  5.865103e-06  5.315946e-05
   8    0  8.436537e-08  8.329039e-08  8.269724e-08  7.710396e-08
   8    1  8.608141e-08  8.636627e-08  1.140822e-07  1.150726e-07
   8    2  8.042715e-08  8.179919e-08  2.897126e-08  1.213107e-07
   8    3  6.174896e-08  7.084416e-08 -2.315613e-08 -1.355096e-07
   8    4  6.087436e-08  6.764828e-08 -4.997470e-08 -1.243753e-07
   8    5 -1.971471e-07 -2.308531e-07 -1.482034e-06 -3.335070e-06
   8    6  1.314303e-06  1.669700e-06  5.500611e-06  1.675401e-05
   8    7 -1.060194e-05 -1.348962e-05 -4.649863e-05 -1.676953e-04
   8    8  3.841204e-05  4.876301e-05  1.887564e-04  8.000993e-04
   8    9 -9.471292e-06 -1.299295e-05 -5.430033e-05 -4.868979e-04
   9    0  8.341582e-08  8.299992e-08  8.519976e-08  8.467731e-08
   9    1  8.401185e-08  8.342823e-08  8.803340e-08  8.976284e-08
   9    2  8.514225e-08  8.451557e-08  1.174265e-07  8.415976e-08
   9    3  8.473075e-08  8.261221e-08  5.671195e-08  1.531709e-07
   9    4  6.863506e-08  6.942418e-08 -2.633444e-08 -2.159146e-07
   9    5  5.790046e-08  6.755991e-08 -7.142010e-08  1.100800e-07
   9    6 -2.656478e-07 -3.814517e-07 -1.833143e-06 -1.043548e-05
   9    7  1.290751e-06  1.907256e-06  5.865103e-06  5.766680e-05
   9    8 -9.471292e-06 -1.299295e-05 -5.430033e-05 -5.276803e-04
   9    9  1.443174e-05  2.509142e-05  8.473622e-05  2.336595e-03
