 0.063 0.89 0.29733 0.00505 0.00505 
 0.063 1.14 0.30884 0.00772 0.00525 
 0.065 0.92 0.29690 0.00534 0.00356 
 0.066 1.52 0.32904 0.00790 0.00954 
 0.067 0.59 0.25588 0.00614 0.00384 
 0.068 1.11 0.30863 0.00586 0.00370 
 0.075 1.66 0.33283 0.00832 0.00433 
 0.077 0.81 0.29345 0.00558 0.00352 
 0.077 1.11 0.30769 0.00800 0.00769 
 0.077 1.27 0.31897 0.00797 0.00415 
 0.077 2.01 0.33899 0.01119 0.00814 
 0.078 1.27 0.32173 0.00515 0.00869 
 0.080 0.58 0.26434 0.00476 0.00370 
 0.080 1.66 0.31135 0.00965 0.00872 
 0.081 1.00 0.30117 0.00542 0.00361 
 0.081 1.02 0.30495 0.00762 0.00427 
 0.082 1.02 0.30991 0.00558 0.00434 
 0.083 1.76 0.32291 0.00549 0.00872 
 0.083 2.39 0.34020 0.00919 0.00885 
 0.084 1.20 0.31545 0.00599 0.00347 
 0.084 1.54 0.31463 0.00818 0.00692 
 0.086 2.51 0.30691 0.02486 0.01013 
 0.088 1.96 0.34305 0.02058 0.00858 
 0.089 0.66 0.27477 0.00659 0.00495 
 0.089 2.00 0.33247 0.00399 0.00565 
 0.090 0.67 0.27477 0.00659 0.00495 
 0.090 0.67 0.27439 0.00686 0.00357 
 0.090 1.85 0.32732 0.00818 0.00327 
 0.091 1.53 0.31502 0.01134 0.00788 
 0.096 1.97 0.32755 0.00917 0.00655 
 0.096 1.97 0.31347 0.01160 0.00690 
 0.097 0.87 0.29153 0.00583 0.00350 
 0.098 1.44 0.32056 0.00801 0.00321 
 0.098 2.15 0.33653 0.00942 0.00774 
 0.099 2.44 0.32544 0.01009 0.00749 
 0.100 1.08 0.30458 0.00548 0.00335 
 0.102 0.62 0.27367 0.00520 0.00383 
 0.102 0.96 0.30479 0.00518 0.00701 
 0.102 1.29 0.31483 0.00598 0.00315 
 0.103 1.98 0.31993 0.00512 0.00288 
 0.104 1.14 0.30117 0.00753 0.00301 
 0.105 3.01 0.32457 0.01039 0.01201 
 0.106 2.14 0.32600 0.01271 0.00717 
 0.107 2.02 0.32854 0.00821 0.00296 
 0.107 2.89 0.33953 0.00849 0.00883 
 0.108 1.39 0.31810 0.00827 0.00541 
 0.108 1.83 0.32934 0.00823 0.00527 
 0.108 2.33 0.31224 0.01093 0.00781 
 0.113 1.83 0.31733 0.00889 0.00539 
 0.116 2.32 0.32237 0.00838 0.00741 
 0.118 0.66 0.27724 0.00388 0.00471 
 0.118 3.34 0.33828 0.01218 0.01218 
 0.119 0.74 0.28484 0.00712 0.00370 
 0.120 1.12 0.29981 0.00869 0.00480 
 0.120 2.31 0.32609 0.00913 0.00587 
 0.121 2.57 0.31510 0.00662 0.00851 
 0.122 1.59 0.31621 0.00791 0.00253 
 0.122 2.85 0.33957 0.00917 0.00713 
 0.123 1.59 0.32021 0.00512 0.00256 
 0.124 0.93 0.30382 0.00577 0.00365 
 0.124 1.15 0.30688 0.00583 0.00338 
 0.124 1.38 0.31588 0.00600 0.00347 
 0.126 2.19 0.32423 0.00778 0.00292 
 0.127 0.79 0.29122 0.00728 0.00437 
 0.127 1.36 0.33379 0.01535 0.00701 
 0.127 2.19 0.31864 0.00637 0.00287 
 0.129 2.04 0.31055 0.00714 0.00559 
 0.130 2.00 0.32583 0.00391 0.00358 
 0.130 2.54 0.32427 0.00843 0.00811 
 0.131 3.36 0.33682 0.00876 0.00741 
 0.132 1.26 0.30726 0.00799 0.00277 
 0.134 1.26 0.31228 0.00593 0.00406 
 0.134 3.72 0.31930 0.00990 0.01022 
 0.136 0.66 0.27988 0.00532 0.00364 
 0.139 0.91 0.29939 0.00659 0.00599 
 0.140 5.00 0.32716 0.00229 0.00687 
 0.141 2.18 0.28484 0.00911 0.00541 
 0.142 2.19 0.32172 0.00836 0.00483 
 0.143 2.76 0.32410 0.00745 0.00810 
 0.144 1.64 0.30853 0.00802 0.00432 
 0.146 3.02 0.32391 0.00842 0.00875 
 0.147 2.63 0.32128 0.00867 0.00546 
 0.150 0.77 0.28935 0.00376 0.00347 
 0.150 1.74 0.31390 0.00785 0.00251 
 0.150 3.27 0.32923 0.00889 0.00593 
 0.152 1.74 0.31341 0.00533 0.00282 
 0.152 2.38 0.32340 0.00809 0.00291 
 0.153 0.79 0.28688 0.00660 0.00316 
 0.153 2.39 0.31699 0.00539 0.00317 
 0.153 4.18 0.30569 0.00887 0.00825 
 0.156 1.62 0.30534 0.01221 0.00519 
 0.156 2.36 0.31049 0.00590 0.00590 
 0.157 1.31 0.29968 0.00390 0.00330 
 0.157 2.98 0.31325 0.00689 0.00752 
 0.157 3.80 0.31528 0.00820 0.00568 
 0.158 2.21 0.32360 0.01553 0.00744 
 0.161 3.27 0.31355 0.00815 0.00753 
 0.167 1.00 0.29660 0.00534 0.00356 
 0.168 1.36 0.30559 0.00795 0.00244 
 0.171 4.59 0.30598 0.00704 0.00704 
 0.171 5.35 0.31063 0.00777 0.00808 
 0.172 1.24 0.30402 0.00547 0.00334 
 0.172 2.55 0.29612 0.00622 0.00563 
 0.172 4.29 0.30726 0.00584 0.00768 
 0.173 1.39 0.29081 0.00465 0.00349 
 0.174 1.50 0.30610 0.00551 0.00337 
 0.174 3.20 0.32521 0.00618 0.00618 
 0.174 4.02 0.31258 0.00625 0.00688 
 0.176 0.82 0.28495 0.00627 0.00313 
 0.176 2.60 0.32001 0.00544 0.00672 
 0.176 3.50 0.31086 0.00622 0.00746 
 0.177 0.91 0.29002 0.00725 0.00435 
 0.177 1.10 0.29873 0.00538 0.00418 
 0.177 3.53 0.30659 0.00521 0.00674 
 0.178 1.43 0.29943 0.00389 0.00299 
 0.178 3.65 0.31109 0.00840 0.00467 
 0.179 2.51 0.30440 0.00791 0.00426 
 0.179 3.30 0.30751 0.00615 0.00646 
 0.181 0.69 0.28396 0.00540 0.00398 
 0.183 2.57 0.30387 0.00760 0.00304 
 0.185 1.87 0.30606 0.00765 0.00275 
 0.185 2.58 0.30271 0.00484 0.00303 
 0.185 3.01 0.31060 0.00839 0.00435 
 0.185 4.22 0.33241 0.00831 0.00465 
 0.187 1.87 0.30441 0.00517 0.00274 
 0.187 1.88 0.30281 0.00757 0.00394 
 0.188 0.88 0.28951 0.00376 0.00290 
 0.188 1.88 0.30564 0.00764 0.00520 
 0.190 2.74 0.30260 0.00484 0.00514 
 0.196 2.65 0.31908 0.01053 0.00702 
 0.196 5.14 0.29499 0.00501 0.00590 
 0.200 1.00 0.29131 0.00291 0.00262 
 0.200 1.00 0.28724 0.00287 0.00201 
 0.200 1.00 0.29081 0.00291 0.00204 
 0.200 1.00 0.29246 0.00292 0.00146 
 0.200 1.00 0.29533 0.00266 0.00148 
 0.200 1.50 0.30401 0.00304 0.00274 
 0.200 1.50 0.29620 0.00237 0.00207 
 0.200 1.50 0.29847 0.00239 0.00179 
 0.200 1.50 0.30097 0.00241 0.00150 
 0.200 1.50 0.30146 0.00241 0.00151 
 0.200 2.50 0.31311 0.00470 0.00595 
 0.200 2.50 0.30273 0.00212 0.00333 
 0.200 2.50 0.29964 0.00270 0.00240 
 0.200 5.00 0.29168 0.00350 0.00613 
 0.200 5.00 0.29355 0.00264 0.00499 
 0.200 5.00 0.29647 0.00237 0.00385 
 0.200 5.00 0.29346 0.00264 0.00411 
 0.201 3.62 0.29223 0.00584 0.00526 
 0.203 1.55 0.29074 0.00378 0.00262 
 0.204 3.94 0.28755 0.00489 0.00518 
 0.208 4.00 0.30075 0.00812 0.00361 
 0.209 1.46 0.29341 0.00763 0.00264 
 0.209 2.04 0.29619 0.00622 0.00474 
 0.210 4.03 0.29898 0.01405 0.00688 
 0.212 2.97 0.29320 0.00381 0.00440 
 0.213 1.46 0.29728 0.00565 0.00268 
 0.214 1.47 0.28851 0.00779 0.00375 
 0.214 5.33 0.29214 0.00818 0.00701 
 0.215 4.63 0.29281 0.00732 0.00351 
 0.217 1.05 0.28434 0.00512 0.00341 
 0.219 1.28 0.29112 0.00437 0.00349 
 0.220 1.99 0.28439 0.01934 0.00540 
 0.220 2.00 0.29570 0.00355 0.00207 
 0.220 5.00 0.29082 0.00349 0.00407 
 0.221 1.30 0.28684 0.00516 0.00316 
 0.223 0.87 0.27658 0.00636 0.00304 
 0.224 2.82 0.28982 0.00725 0.00348 
 0.224 5.72 0.28020 0.00476 0.00532 
 0.226 2.00 0.29103 0.00698 0.00262 
 0.227 3.37 0.29471 0.00796 0.00295 
 0.228 0.72 0.27537 0.00523 0.00386 
 0.229 1.99 0.28748 0.00489 0.00287 
 0.233 2.22 0.28275 0.00622 0.00424 
 0.233 4.37 0.28058 0.00505 0.00449 
 0.234 1.54 0.29547 0.00709 0.00443 
 0.235 0.99 0.28224 0.00367 0.00254 
 0.236 1.60 0.28471 0.00512 0.00313 
 0.236 4.07 0.27646 0.00359 0.00415 
 0.237 2.10 0.28499 0.00712 0.00342 
 0.237 3.10 0.28473 0.00683 0.00513 
 0.239 2.82 0.28035 0.00645 0.00308 
 0.240 1.02 0.27708 0.00720 0.00388 
 0.240 2.82 0.27728 0.00444 0.00305 
 0.241 3.25 0.27734 0.00471 0.00361 
 0.243 1.73 0.27725 0.00416 0.00277 
 0.243 1.73 0.28623 0.00372 0.00229 
 0.243 7.31 0.25969 0.01480 0.00649 
 0.248 5.03 0.27059 0.00676 0.00271 
 0.249 6.09 0.26225 0.00813 0.00603 
 0.251 4.45 0.27297 0.00737 0.00273 
 0.251 6.26 0.27307 0.00573 0.00492 
 0.256 2.38 0.27395 0.00521 0.00384 
 0.257 4.70 0.26508 0.00398 0.00398 
 0.257 7.50 0.26197 0.00576 0.00524 
 0.259 3.32 0.27865 0.00752 0.00474 
 0.259 5.94 0.26316 0.00447 0.00447 
 0.260 1.04 0.27062 0.00271 0.00216 
 0.260 4.82 0.26760 0.00830 0.00535 
 0.262 5.42 0.26358 0.00395 0.00369 
 0.263 4.25 0.26252 0.00420 0.00315 
 0.264 4.77 0.26323 0.00447 0.00395 
 0.266 1.08 0.26978 0.00513 0.00324 
 0.267 3.49 0.27048 0.00460 0.00352 
 0.268 1.46 0.27170 0.00489 0.00299 
 0.268 3.50 0.26184 0.00367 0.00314 
 0.269 1.05 0.26365 0.00580 0.00369 
 0.271 1.55 0.26875 0.00564 0.00242 
 0.273 1.35 0.26857 0.00483 0.00295 
 0.273 3.09 0.26331 0.00658 0.00237 
 0.273 6.68 0.25525 0.00510 0.00459 
 0.274 3.70 0.25541 0.00690 0.00230 
 0.275 0.90 0.26169 0.00602 0.00288 
 0.278 8.22 0.24324 0.00803 0.00584 
 0.279 1.64 0.26327 0.00474 0.00290 
 0.281 2.11 0.26723 0.00454 0.00267 
 0.281 3.54 0.22980 0.00552 0.00368 
 0.283 2.12 0.25459 0.00586 0.00255 
 0.284 2.57 0.26006 0.00494 0.00338 
 0.286 6.85 0.23546 0.00683 0.00518 
 0.290 2.48 0.25598 0.00512 0.00410 
 0.290 5.12 0.24282 0.00316 0.00340 
 0.290 5.28 0.23598 0.00496 0.00448 
 0.293 1.10 0.25780 0.00232 0.00206 
 0.293 5.50 0.23816 0.00595 0.00214 
 0.297 2.30 0.25065 0.00627 0.00276 
 0.297 4.84 0.24817 0.00645 0.00223 
 0.298 1.85 0.25601 0.00563 0.00358 
 0.298 1.94 0.25071 0.00301 0.00201 
 0.300 10.00 0.23158 0.00324 0.00371 
 0.300 2.00 0.25124 0.00301 0.00151 
 0.300 5.00 0.23763 0.00261 0.00333 
 0.300 5.00 0.23802 0.00286 0.00214 
 0.302 3.78 0.24059 0.00313 0.00265 
 0.306 3.78 0.22922 0.00596 0.00344 
 0.309 3.05 0.24340 0.00609 0.00292 
 0.309 7.32 0.22910 0.00344 0.00412 
 0.313 3.06 0.23888 0.00382 0.00263 
 0.313 7.14 0.21843 0.00502 0.00371 
 0.313 9.13 0.20998 0.00651 0.00504 
 0.314 1.60 0.24937 0.00524 0.00224 
 0.314 7.41 0.21906 0.00416 0.00460 
 0.316 1.10 0.24908 0.00473 0.00299 
 0.319 2.79 0.23154 0.00370 0.00278 
 0.321 5.06 0.22346 0.00447 0.00290 
 0.322 1.11 0.24564 0.00540 0.00319 
 0.322 1.38 0.24724 0.00445 0.00272 
 0.322 5.14 0.23487 0.00634 0.00493 
 0.324 1.61 0.25624 0.00512 0.00231 
 0.324 1.64 0.24248 0.00436 0.00242 
 0.326 2.03 0.23636 0.00355 0.00236 
 0.328 1.68 0.24029 0.00433 0.00264 
 0.328 4.01 0.23263 0.00605 0.00186 
 0.330 3.86 0.19349 0.01219 0.00929 
 0.332 3.36 0.22480 0.00540 0.00180 
 0.332 4.01 0.23595 0.00731 0.00425 
 0.332 4.01 0.21237 0.00446 0.00297 
 0.335 7.47 0.21028 0.00294 0.00357 
 0.337 1.17 0.23992 0.00240 0.00192 
 0.337 5.67 0.21258 0.00276 0.00298 
 0.341 5.93 0.21250 0.00531 0.00191 
 0.342 6.03 0.21564 0.00410 0.00388 
 0.343 9.39 0.19687 0.00354 0.00354 
 0.344 2.21 0.22951 0.00367 0.00230 
 0.344 4.10 0.21413 0.00278 0.00236 
 0.347 1.74 0.22877 0.00595 0.00275 
 0.347 5.22 0.21421 0.00557 0.00171 
 0.347 7.36 0.20231 0.00364 0.00324 
 0.348 2.22 0.22336 0.00447 0.00223 
 0.349 10.02 0.18324 0.00495 0.00440 
 0.350 1.50 0.23096 0.00208 0.00162 
 0.350 1.50 0.23041 0.00207 0.00161 
 0.350 1.50 0.22922 0.00206 0.00138 
 0.350 1.50 0.23232 0.00209 0.00116 
 0.350 1.50 0.23249 0.00325 0.00116 
 0.350 2.50 0.22430 0.00202 0.00179 
 0.350 2.50 0.22132 0.00199 0.00155 
 0.350 2.50 0.22055 0.00198 0.00132 
 0.350 2.50 0.22310 0.00178 0.00112 
 0.350 2.50 0.22028 0.00198 0.00110 
 0.350 5.00 0.20817 0.00229 0.00291 
 0.350 5.00 0.20729 0.00166 0.00207 
 0.350 5.00 0.20917 0.00167 0.00167 
 0.350 5.00 0.20747 0.00166 0.00145 
 0.350 6.56 0.20257 0.00324 0.00304 
 0.352 6.02 0.19458 0.00409 0.00292 
 0.353 5.09 0.20751 0.00291 0.00291 
 0.353 5.84 0.20593 0.00350 0.00268 
 0.355 2.12 0.22154 0.00266 0.00177 
 0.357 8.14 0.18871 0.00302 0.00340 
 0.358 4.21 0.20882 0.00355 0.00230 
 0.361 4.18 0.20339 0.00651 0.00814 
 0.364 8.37 0.19032 0.00438 0.00400 
 0.365 1.64 0.22101 0.00420 0.00199 
 0.365 1.65 0.22649 0.00453 0.00204 
 0.366 3.06 0.20373 0.00428 0.00224 
 0.367 4.32 0.20483 0.00307 0.00266 
 0.368 7.94 0.18531 0.00315 0.00296 
 0.369 2.98 0.20615 0.00433 0.00289 
 0.370 2.16 0.21573 0.00604 0.00280 
 0.371 7.49 0.17927 0.00574 0.00412 
 0.372 3.19 0.20748 0.00332 0.00249 
 0.372 3.19 0.20132 0.00463 0.00262 
 0.373 1.40 0.22184 0.00421 0.00222 
 0.374 2.49 0.20880 0.00501 0.00188 
 0.376 1.71 0.21492 0.00387 0.00215 
 0.377 10.66 0.13958 0.03615 0.01256 
 0.382 6.32 0.18218 0.00255 0.00273 
 0.384 4.88 0.18520 0.01852 0.00259 
 0.386 6.63 0.18068 0.00361 0.00307 
 0.387 4.29 0.18893 0.00491 0.00151 
 0.387 5.99 0.17837 0.00535 0.00357 
 0.388 1.83 0.20648 0.00351 0.00206 
 0.389 10.96 0.16544 0.00397 0.00397 
 0.393 6.33 0.17369 0.00417 0.00156 
 0.397 2.28 0.19747 0.00395 0.00197 
 0.398 3.59 0.18620 0.00447 0.00149 
 0.400 2.00 0.20279 0.00243 0.00122 
 0.400 5.00 0.17643 0.00176 0.00141 
 0.400 10.00 0.16113 0.00177 0.00209 
 0.401 4.57 0.18064 0.00632 0.00668 
 0.401 6.36 0.17389 0.00243 0.00261 
 0.402 4.50 0.18000 0.00234 0.00216 
 0.403 9.46 0.14535 0.01352 0.00785 
 0.404 2.28 0.20217 0.00384 0.00202 
 0.404 5.57 0.17504 0.00455 0.00140 
 0.405 11.39 0.17450 0.01099 0.01361 
 0.405 9.13 0.16269 0.00374 0.00342 
 0.406 8.46 0.15733 0.00267 0.00252 
 0.408 2.27 0.18854 0.00226 0.00151 
 0.410 4.74 0.17062 0.00461 0.00290 
 0.412 11.41 0.13544 0.01219 0.00284 
 0.413 10.74 0.15396 0.00277 0.00308 
 0.415 3.32 0.17547 0.00281 0.00175 
 0.415 9.58 0.15350 0.00230 0.00246 
 0.416 5.08 0.16406 0.00328 0.00230 
 0.416 9.06 0.15510 0.00233 0.00295 
 0.417 1.68 0.19828 0.00397 0.00178 
 0.417 8.35 0.15482 0.00232 0.00263 
 0.418 1.68 0.19871 0.00298 0.00179 
 0.419 8.39 0.15306 0.00306 0.00199 
 0.421 10.27 0.13956 0.00795 0.00363 
 0.421 7.33 0.15508 0.00233 0.00233 
 0.422 2.29 0.18422 0.00276 0.00166 
 0.424 6.57 0.15461 0.00247 0.00232 
 0.426 5.65 0.15620 0.00219 0.00203 
 0.427 1.74 0.18926 0.00341 0.00189 
 0.428 11.86 0.14188 0.00355 0.00341 
 0.428 6.07 0.15953 0.00303 0.00223 
 0.429 10.03 0.14002 0.00798 0.00672 
 0.430 6.76 0.15096 0.00196 0.00211 
 0.432 10.34 0.13210 0.00410 0.00264 
 0.432 12.10 0.14880 0.00848 0.01027 
 0.432 4.69 0.15752 0.00378 0.00158 
 0.432 5.68 0.15229 0.00228 0.00107 
 0.433 7.23 0.15205 0.00304 0.00258 
 0.434 4.86 0.15949 0.00287 0.00207 
 0.434 8.56 0.14486 0.00435 0.00333 
 0.435 15.02 0.14209 0.01009 0.00966 
 0.436 11.90 0.13467 0.00296 0.00283 
 0.440 2.62 0.16938 0.00339 0.00152 
 0.440 3.31 0.16256 0.00260 0.00211 
 0.442 3.31 0.16153 0.00323 0.00226 
 0.444 5.00 0.14647 0.00644 0.00513 
 0.447 2.32 0.16654 0.00366 0.00183 
 0.447 6.69 0.14195 0.00341 0.00128 
 0.448 9.89 0.13534 0.00298 0.00284 
 0.449 8.98 0.13494 0.00229 0.00216 
 0.450 2.33 0.16714 0.00334 0.00184 
 0.453 1.87 0.16718 0.00468 0.00184 
 0.453 2.46 0.16391 0.00328 0.00213 
 0.454 4.55 0.15011 0.00375 0.00120 
 0.456 10.74 0.12548 0.00138 0.00238 
 0.456 6.85 0.13160 0.00382 0.00250 
 0.457 3.48 0.15637 0.00297 0.00203 
 0.459 5.35 0.13976 0.00252 0.00182 
 0.460 12.58 0.10963 0.00493 0.00285 
 0.464 10.78 0.12169 0.00584 0.00535 
 0.464 2.01 0.16474 0.00280 0.00165 
 0.465 5.89 0.13584 0.00353 0.00122 
 0.468 12.76 0.11742 0.00305 0.00282 
 0.469 13.07 0.10382 0.00561 0.00633 
 0.469 9.81 0.11818 0.00177 0.00236 
 0.471 12.57 0.11505 0.00207 0.00242 
 0.471 3.80 0.14484 0.00348 0.00116 
 0.472 7.03 0.12826 0.00167 0.00205 
 0.474 7.13 0.12487 0.00175 0.00175 
 0.477 16.39 0.11887 0.00547 0.00713 
 0.479 8.70 0.11702 0.00503 0.00199 
 0.480 13.02 0.11241 0.00259 0.00292 
 0.482 11.56 0.11222 0.00460 0.00292 
 0.483 5.37 0.13064 0.00575 0.00457 
 0.483 7.84 0.12027 0.00229 0.00204 
 0.484 4.99 0.12631 0.00202 0.00164 
 0.485 2.43 0.14811 0.00222 0.00133 
 0.485 2.44 0.14551 0.00189 0.00131 
 0.488 5.41 0.12061 0.00277 0.00193 
 0.489 2.69 0.14083 0.00282 0.00127 
 0.490 3.38 0.13666 0.00273 0.00219 
 0.492 10.62 0.10780 0.00248 0.00248 
 0.492 11.30 0.10675 0.00160 0.00203 
 0.492 7.22 0.11552 0.00185 0.00104 
 0.493 10.65 0.10329 0.00207 0.00217 
 0.494 3.38 0.13479 0.00243 0.00189 
 0.494 5.30 0.12228 0.00220 0.00147 
 0.498 9.54 0.10505 0.00179 0.00168 
 0.500 10.00 0.10235 0.00154 0.00123 
 0.500 10.00 0.10241 0.00082 0.00102 
 0.500 10.00 0.10272 0.00134 0.00164 
 0.500 2.50 0.13995 0.00140 0.00168 
 0.500 2.50 0.14082 0.00141 0.00084 
 0.500 2.50 0.14209 0.00114 0.00071 
 0.500 2.50 0.13956 0.00126 0.00070 
 0.500 2.50 0.14095 0.00155 0.00127 
 0.500 5.00 0.11827 0.00130 0.00095 
 0.500 5.00 0.11816 0.00106 0.00083 
 0.500 5.00 0.11696 0.00082 0.00058 
 0.500 5.00 0.11734 0.00164 0.00164 
 0.500 5.00 0.11796 0.00106 0.00118 
 0.500 5.00 0.11868 0.00107 0.00083 
 0.500 7.50 0.10687 0.00182 0.00192 
 0.500 7.50 0.10928 0.00120 0.00087 
 0.500 9.64 0.10424 0.00313 0.00240 
 0.500 10.00 0.10344 0.00134 0.00217 
 0.503 11.61 0.09804 0.00598 0.00422 
 0.503 2.38 0.14116 0.00282 0.00169 
 0.503 3.74 0.12484 0.00250 0.00125 
 0.506 3.96 0.12097 0.00278 0.00157 
 0.508 7.04 0.10573 0.00254 0.00106 
 0.509 9.09 0.11166 0.01083 0.00636 
 0.510 13.68 0.09136 0.00265 0.00219 
 0.513 5.64 0.11106 0.00200 0.00155 
 0.514 9.10 0.09607 0.00173 0.00163 
 0.516 13.40 0.08802 0.00158 0.00185 
 0.517 2.50 0.13225 0.00172 0.00132 
 0.517 12.55 0.08881 0.00160 0.00169 
 0.518 2.38 0.13772 0.00413 0.00165 
 0.521 10.98 0.09095 0.00146 0.00146 
 0.522 2.52 0.13430 0.00148 0.00121 
 0.522 13.91 0.08346 0.00184 0.00217 
 0.523 17.89 0.08460 0.00313 0.00474 
 0.523 9.66 0.09077 0.00154 0.00154 
 0.524 5.75 0.10183 0.00479 0.00356 
 0.525 7.52 0.09731 0.00175 0.00136 
 0.526 14.52 0.08814 0.00494 0.00476 
 0.528 6.17 0.09901 0.00277 0.00099 
 0.529 7.69 0.09134 0.00265 0.00192 
 0.529 7.71 0.09723 0.00311 0.00185 
 0.529 8.31 0.09192 0.00138 0.00129 
 0.532 4.80 0.10404 0.00260 0.00104 
 0.533 7.52 0.09380 0.00141 0.00141 
 0.534 8.40 0.08776 0.00184 0.00167 
 0.535 8.44 0.08953 0.00170 0.00143 
 0.536 5.66 0.11410 0.01015 0.00445 
 0.536 6.34 0.09485 0.00133 0.00133 
 0.536 7.23 0.09342 0.00523 0.00140 
 0.538 11.37 0.08075 0.00162 0.00186 
 0.539 2.76 0.11804 0.00236 0.00106 
 0.540 11.41 0.08450 0.00211 0.00177 
 0.541 7.61 0.09208 0.00147 0.00157 
 0.542 3.44 0.10926 0.00240 0.00186 
 0.543 4.08 0.10099 0.00121 0.00131 
 0.544 5.30 0.09462 0.00218 0.00132 
 0.545 9.69 0.08297 0.00382 0.00398 
 0.546 12.13 0.07810 0.00133 0.00148 
 0.546 12.82 0.07587 0.00205 0.00212 
 0.547 2.77 0.11976 0.00240 0.00144 
 0.547 12.84 0.07380 0.00310 0.00199 
 0.548 12.54 0.07337 0.00558 0.00315 
 0.548 3.45 0.10729 0.00215 0.00172 
 0.550 10.86 0.07912 0.00135 0.00174 
 0.551 10.10 0.07807 0.00125 0.00125 
 0.552 12.78 0.07723 0.01050 0.00463 
 0.553 3.99 0.09860 0.00592 0.00099 
 0.554 14.59 0.06913 0.00180 0.00173 
 0.555 5.35 0.09108 0.00200 0.00128 
 0.556 3.97 0.09932 0.00199 0.00119 
 0.560 5.74 0.08669 0.00165 0.00104 
 0.564 14.24 0.06665 0.00120 0.00140 
 0.566 14.81 0.06536 0.00144 0.00170 
 0.566 5.93 0.08729 0.00297 0.00323 
 0.566 9.65 0.07306 0.00132 0.00124 
 0.567 19.29 0.06299 0.00214 0.00340 
 0.568 5.91 0.08168 0.00155 0.00114 
 0.569 10.68 0.07079 0.00170 0.00177 
 0.569 10.71 0.06756 0.00243 0.00155 
 0.569 6.16 0.07728 0.00332 0.00270 
 0.571 7.35 0.07487 0.00180 0.00090 
 0.573 6.09 0.07901 0.00174 0.00119 
 0.573 7.50 0.07611 0.00145 0.00114 
 0.574 15.74 0.05828 0.00291 0.00297 
 0.577 7.88 0.07308 0.00139 0.00110 
 0.580 4.04 0.08822 0.00238 0.00097 
 0.584 20.25 0.05123 0.00389 0.00389 
 0.586 4.08 0.08777 0.00176 0.00088 
 0.586 7.26 0.07075 0.00127 0.00127 
 0.587 12.13 0.06067 0.00109 0.00140 
 0.587 13.52 0.06120 0.00416 0.00324 
 0.589 12.18 0.06119 0.00153 0.00128 
 0.590 9.01 0.06656 0.00126 0.00126 
 0.591 10.41 0.05977 0.00233 0.00263 
 0.591 9.04 0.06557 0.00177 0.00111 
 0.592 13.69 0.05559 0.00095 0.00106 
 0.595 16.71 0.04776 0.00530 0.00353 
 0.596 11.84 0.05539 0.00089 0.00089 
 0.596 13.53 0.04956 0.00357 0.00213 
 0.596 4.23 0.08025 0.00104 0.00112 
 0.597 3.50 0.08659 0.00225 0.00173 
 0.599 10.48 0.05695 0.00080 0.00097 
 0.599 12.88 0.05564 0.00100 0.00106 
 0.599 3.50 0.08376 0.00193 0.00159 
 0.599 15.50 0.05164 0.00145 0.00129 
 0.599 5.97 0.06790 0.00631 0.00109 
 0.599 6.44 0.06929 0.00208 0.00090 
 0.600 10.00 0.05794 0.00070 0.00058 
 0.600 15.00 0.05106 0.00066 0.00082 
 0.600 5.00 0.07286 0.00066 0.00051 
 0.601 4.98 0.07687 0.00231 0.00092 
 0.603 10.59 0.05587 0.00073 0.00089 
 0.607 8.54 0.05926 0.00148 0.00124 
 0.607 8.56 0.05187 0.00187 0.00099 
 0.607 8.91 0.05809 0.00093 0.00087 
 0.609 8.10 0.05678 0.00085 0.00085 
 0.610 20.63 0.04705 0.00155 0.00249 
 0.610 5.61 0.06624 0.00185 0.00106 
 0.611 6.34 0.06529 0.00170 0.00235 
 0.613 14.10 0.04968 0.00124 0.00144 
 0.614 14.12 0.05140 0.00200 0.00139 
 0.615 5.62 0.06637 0.00179 0.00093 
 0.616 15.10 0.04536 0.00082 0.00095 
 0.616 6.76 0.06039 0.00091 0.00091 
 0.617 10.16 0.05140 0.00103 0.00087 
 0.617 15.83 0.04445 0.00089 0.00120 
 0.620 21.40 0.04418 0.00159 0.00314 
 0.620 16.89 0.04277 0.00218 0.00214 
 0.621 11.69 0.04778 0.00086 0.00115 
 0.621 7.84 0.05529 0.00083 0.00088 
 0.624 6.64 0.05834 0.00286 0.00204 
 0.625 6.16 0.05983 0.00108 0.00090 
 0.629 14.40 0.04365 0.00175 0.00218 
 0.629 8.21 0.05192 0.00104 0.00083 
 0.632 6.18 0.05681 0.00114 0.00068 
 0.634 11.10 0.04432 0.00155 0.00191 
 0.634 17.71 0.03794 0.00133 0.00258 
 0.636 6.19 0.05408 0.00114 0.00087 
 0.639 4.15 0.06569 0.00164 0.00085 
 0.640 12.94 0.04096 0.00102 0.00090 
 0.641 12.93 0.04035 0.00077 0.00093 
 0.642 11.75 0.04113 0.00099 0.00107 
 0.642 11.78 0.04124 0.00165 0.00099 
 0.645 4.36 0.06203 0.00087 0.00093 
 0.645 7.66 0.04830 0.00130 0.00077 
 0.647 14.56 0.03819 0.00202 0.00168 
 0.649 10.99 0.04186 0.00063 0.00071 
 0.649 9.61 0.04170 0.00083 0.00079 
 0.650 13.55 0.03790 0.00068 0.00076 
 0.651 9.65 0.04339 0.00108 0.00074 
 0.656 5.79 0.05073 0.00157 0.00076 
 0.656 6.72 0.04587 0.00101 0.00165 
 0.658 22.11 0.02871 0.00095 0.00152 
 0.658 6.95 0.04631 0.00069 0.00074 
 0.662 6.65 0.03998 0.00828 0.00064 
 0.664 8.49 0.03989 0.00108 0.00084 
 0.666 6.77 0.04712 0.00123 0.00071 
 0.668 22.97 0.02877 0.00086 0.00190 
 0.668 15.91 0.03021 0.00057 0.00066 
 0.669 10.65 0.03507 0.00067 0.00063 
 0.669 16.83 0.02861 0.00072 0.00074 
 0.670 4.47 0.05279 0.00111 0.00069 
 0.670 14.78 0.03062 0.00058 0.00061 
 0.671 8.18 0.03918 0.00067 0.00067 
 0.672 15.30 0.02989 0.00105 0.00146 
 0.673 5.86 0.04484 0.00126 0.00081 
 0.674 18.76 0.02709 0.00084 0.00173 
 0.675 12.64 0.03212 0.00055 0.00048 
 0.675 16.93 0.02838 0.00060 0.00077 
 0.676 18.26 0.02606 0.00117 0.00130 
 0.678 11.24 0.03146 0.00053 0.00057 
 0.679 6.37 0.04123 0.00074 0.00070 
 0.681 7.12 0.03957 0.00206 0.00138 
 0.682 11.85 0.02856 0.00100 0.00123 
 0.682 8.52 0.03494 0.00063 0.00059 
 0.683 15.38 0.02732 0.00068 0.00082 
 0.683 15.41 0.02805 0.00135 0.00079 
 0.686 6.47 0.03877 0.00078 0.00062 
 0.690 6.73 0.03601 0.00155 0.00065 
 0.690 8.63 0.03251 0.00052 0.00055 
 0.691 9.40 0.03148 0.00072 0.00069 
 0.691 9.42 0.02931 0.00161 0.00056 
 0.692 5.18 0.04257 0.00158 0.00077 
 0.692 9.48 0.03156 0.00057 0.00054 
 0.694 13.70 0.02643 0.00079 0.00061 
 0.694 15.49 0.02232 0.00143 0.00100 
 0.696 13.70 0.02486 0.00055 0.00060 
 0.700 10.00 0.02790 0.00045 0.00031 
 0.700 5.00 0.04069 0.00049 0.00033 
 0.700 5.00 0.04089 0.00053 0.00041 
 0.701 12.53 0.02540 0.00051 0.00069 
 0.701 14.19 0.02381 0.00045 0.00050 
 0.702 11.43 0.02624 0.00050 0.00050 
 0.702 7.14 0.03315 0.00056 0.00056 
 0.704 7.14 0.03186 0.00076 0.00115 
 0.709 23.68 0.01647 0.00109 0.00091 
 0.711 6.62 0.03213 0.00084 0.00045 
 0.711 7.90 0.03007 0.00105 0.00060 
 0.712 10.21 0.02696 0.00059 0.00054 
 0.714 10.25 0.02508 0.00078 0.00045 
 0.718 6.03 0.03218 0.00071 0.00055 
 0.719 12.81 0.02139 0.00053 0.00058 
 0.719 12.85 0.02249 0.00130 0.00056 
 0.720 16.67 0.01936 0.00039 0.00043 
 0.723 11.12 0.02138 0.00045 0.00041 
 0.723 16.35 0.01865 0.00067 0.00091 
 0.726 20.09 0.01666 0.00050 0.00102 
 0.726 24.84 0.01509 0.00051 0.00097 
 0.727 7.50 0.02264 0.00201 0.00079 
 0.727 8.52 0.02522 0.00050 0.00045 
 0.727 19.51 0.01760 0.00137 0.00090 
 0.729 6.55 0.02887 0.00061 0.00055 
 0.731 17.95 0.01642 0.00039 0.00046 
 0.735 6.72 0.02715 0.00046 0.00046 
 0.736 12.68 0.01830 0.00068 0.00081 
 0.736 8.81 0.02261 0.00041 0.00045 
 0.738 16.35 0.01628 0.00155 0.00077 
 0.740 17.40 0.01483 0.00049 0.00036 
 0.742 15.71 0.01585 0.00038 0.00035 
 0.742 6.11 0.02987 0.00084 0.00063 
 0.744 7.31 0.02351 0.00052 0.00047 
 0.746 6.88 0.02488 0.00149 0.00060 
 0.746 18.25 0.01462 0.00058 0.00041 
 0.747 11.77 0.01789 0.00059 0.00038 
 0.747 8.98 0.02039 0.00045 0.00039 
 0.749 13.32 0.01618 0.00032 0.00031 
 0.750 14.46 0.01490 0.00058 0.00036 
 0.752 14.46 0.01447 0.00027 0.00036 
 0.753 14.80 0.01437 0.00030 0.00032 
 0.756 16.67 0.01258 0.00038 0.00040 
 0.756 16.69 0.01406 0.00110 0.00042 
 0.758 9.88 0.01777 0.00036 0.00034 
 0.760 7.60 0.02022 0.00051 0.00075 
 0.762 11.95 0.01472 0.00028 0.00031 
 0.768 7.44 0.01945 0.00074 0.00033 
 0.770 10.72 0.01435 0.00039 0.00032 
 0.770 17.37 0.01133 0.00024 0.00027 
 0.771 8.09 0.01722 0.00091 0.00048 
 0.771 9.15 0.01654 0.00071 0.00043 
 0.774 11.54 0.01336 0.00028 0.00029 
 0.775 17.41 0.00981 0.00034 0.00050 
 0.779 8.81 0.01602 0.00034 0.00034 
 0.780 18.81 0.01007 0.00023 0.00030 
 0.781 10.25 0.01376 0.00037 0.00033 
 0.781 10.28 0.01447 0.00114 0.00032 
 0.781 10.85 0.01408 0.00042 0.00030 
 0.784 21.56 0.00799 0.00029 0.00049 
 0.785 9.05 0.01473 0.00031 0.00035 
 0.786 26.73 0.00738 0.00022 0.00048 
 0.787 13.64 0.01058 0.00026 0.00023 
 0.787 9.20 0.01355 0.00030 0.00030 
 0.789 13.36 0.01109 0.00026 0.00034 
 0.792 13.53 0.01009 0.00037 0.00047 
 0.799 19.17 0.00782 0.00045 0.00025 
 0.800 10.00 0.01125 0.00021 0.00017 
 0.800 13.88 0.00916 0.00026 0.00027 
 0.800 13.92 0.00930 0.00093 0.00027 
 0.801 10.11 0.01159 0.00029 0.00028 
 0.803 15.11 0.00846 0.00017 0.00024 
 0.806 18.35 0.00703 0.00019 0.00020 
 0.807 16.46 0.00739 0.00020 0.00019 
 0.808 15.41 0.00779 0.00017 0.00020 
 0.809 15.22 0.00684 0.00051 0.00019 
 0.811 11.08 0.00910 0.00024 0.00023 
 0.819 12.41 0.00749 0.00021 0.00019 
 0.820 11.89 0.00813 0.00024 0.00021 
 0.820 13.91 0.00715 0.00021 0.00019 
 0.824 18.09 0.00575 0.00013 0.00017 
 0.826 18.45 0.00553 0.00019 0.00032 
 0.831 17.95 0.00519 0.00023 0.00020 
 0.833 19.70 0.00506 0.00012 0.00018 
 0.838 22.92 0.00382 0.00015 0.00026 
 0.843 14.28 0.00539 0.00027 0.00030 
 0.845 28.61 0.00301 0.00011 0.00023 
 0.851 15.70 0.00471 0.00012 0.00016 
 0.854 20.08 0.00389 0.00028 0.00016 
 0.855 15.91 0.00451 0.00012 0.00015 
 0.860 19.10 0.00333 0.00012 0.00012 
 0.861 17.06 0.00335 0.00015 0.00012 
 0.869 18.65 0.00309 0.00009 0.00012 
 0.872 15.98 0.00358 0.00028 0.00014 
 0.874 19.39 0.00249 0.00011 0.00018 
 0.877 20.43 0.00257 0.00008 0.00012 
 0.884 24.04 0.00187 0.00008 0.00015 
 0.896 30.20 0.00125 0.00007 0.00011 