 0.063 0.89 0.31594 0.00569 0.00537 
 0.063 1.14 0.32321 0.00937 0.00549 
 0.065 0.92 0.31655 0.00633 0.00412 
 0.066 1.52 0.36294 0.00980 0.01053 
 0.067 0.59 0.27682 0.00720 0.00415 
 0.068 1.11 0.33132 0.00630 0.00431 
 0.075 1.66 0.35448 0.01028 0.00461 
 0.077 0.81 0.30415 0.00608 0.00395 
 0.077 1.11 0.32474 0.01007 0.00812 
 0.077 1.27 0.34363 0.00962 0.00447 
 0.077 2.01 0.37937 0.01328 0.00910 
 0.078 1.27 0.34498 0.00621 0.00966 
 0.080 1.67 0.35137 0.01476 0.00984 
 0.081 0.58 0.28106 0.00506 0.00422 
 0.081 1.00 0.32187 0.00644 0.00386 
 0.081 1.02 0.32385 0.00939 0.00453 
 0.082 1.02 0.33099 0.00530 0.00496 
 0.083 1.76 0.34599 0.00588 0.00934 
 0.083 2.39 0.35900 0.01185 0.00933 
 0.084 1.20 0.33360 0.00667 0.00400 
 0.084 1.54 0.33888 0.01084 0.00746 
 0.086 2.51 0.35834 0.03082 0.01147 
 0.088 1.96 0.31517 0.02206 0.00756 
 0.089 0.66 0.29204 0.00789 0.00555 
 0.090 0.67 0.30119 0.00813 0.00422 
 0.090 1.85 0.36392 0.01019 0.00364 
 0.091 1.53 0.33938 0.01120 0.00815 
 0.095 1.27 0.32703 0.01275 0.00818 
 0.096 1.97 0.35394 0.01133 0.00708 
 0.096 1.97 0.35402 0.01593 0.00743 
 0.097 0.87 0.31517 0.00630 0.00410 
 0.098 1.44 0.34013 0.00986 0.00340 
 0.098 2.15 0.36937 0.01367 0.00850 
 0.099 1.28 0.33769 0.00608 0.00405 
 0.099 2.44 0.38122 0.01220 0.00877 
 0.100 1.08 0.33206 0.00664 0.00398 
 0.101 0.62 0.29387 0.00529 0.00441 
 0.102 0.96 0.32012 0.00704 0.00704 
 0.103 1.98 0.35163 0.00598 0.00352 
 0.104 1.14 0.32845 0.00887 0.00328 
 0.105 3.00 0.35163 0.01442 0.01266 
 0.106 2.14 0.36051 0.01406 0.00757 
 0.107 2.02 0.35363 0.00990 0.00318 
 0.107 2.89 0.36865 0.01069 0.00958 
 0.108 1.39 0.33206 0.00996 0.00565 
 0.108 1.83 0.36327 0.01126 0.00618 
 0.108 2.33 0.34363 0.01718 0.00825 
 0.112 1.33 0.33988 0.00612 0.00408 
 0.113 1.83 0.35348 0.00990 0.00601 
 0.116 2.32 0.35139 0.01370 0.00808 
 0.118 0.66 0.30610 0.00490 0.00490 
 0.118 3.34 0.31387 0.01883 0.01130 
 0.119 0.74 0.31220 0.00905 0.00406 
 0.120 1.12 0.33700 0.01146 0.00539 
 0.120 2.31 0.35712 0.01143 0.00643 
 0.121 2.57 0.34901 0.00873 0.00942 
 0.122 1.59 0.34326 0.00995 0.00309 
 0.122 2.85 0.36177 0.01194 0.00760 
 0.123 1.59 0.34767 0.00556 0.00313 
 0.124 1.15 0.32884 0.00658 0.00395 
 0.126 0.94 0.32808 0.00656 0.00427 
 0.126 2.19 0.36489 0.01022 0.00328 
 0.127 0.79 0.31725 0.00888 0.00476 
 0.127 1.36 0.31027 0.01955 0.00621 
 0.127 2.19 0.35050 0.00701 0.00350 
 0.129 2.04 0.34459 0.01172 0.00586 
 0.130 2.54 0.35588 0.01317 0.00890 
 0.131 3.36 0.33947 0.01086 0.00747 
 0.132 1.26 0.32928 0.00988 0.00296 
 0.133 0.65 0.30644 0.00552 0.00429 
 0.134 1.26 0.34708 0.00694 0.00451 
 0.134 3.72 0.35916 0.01616 0.01149 
 0.136 1.69 0.34317 0.00789 0.00446 
 0.138 1.41 0.34502 0.00621 0.00414 
 0.139 0.91 0.33279 0.00832 0.00632 
 0.141 2.18 0.32804 0.01148 0.00590 
 0.142 2.19 0.34797 0.01079 0.00522 
 0.143 2.76 0.36571 0.01170 0.00914 
 0.144 1.64 0.34421 0.01033 0.00482 
 0.146 3.02 0.34852 0.01290 0.00906 
 0.147 2.63 0.35421 0.01133 0.00602 
 0.150 0.77 0.31477 0.00472 0.00346 
 0.150 1.74 0.34879 0.00977 0.00314 
 0.150 1.82 0.35465 0.00816 0.00461 
 0.150 3.27 0.35661 0.01177 0.00642 
 0.152 1.74 0.34733 0.00590 0.00347 
 0.152 2.38 0.35876 0.01040 0.00323 
 0.153 0.79 0.32693 0.00883 0.00360 
 0.153 2.39 0.35985 0.00756 0.00360 
 0.153 4.18 0.34563 0.01244 0.00933 
 0.156 1.62 0.34024 0.02041 0.00544 
 0.156 2.36 0.35096 0.00632 0.00632 
 0.157 1.31 0.33791 0.00541 0.00338 
 0.157 2.98 0.36228 0.01123 0.00869 
 0.157 3.80 0.35328 0.01095 0.00636 
 0.158 2.21 0.38690 0.03211 0.00890 
 0.161 3.27 0.32951 0.01219 0.00791 
 0.167 1.97 0.34082 0.00818 0.00443 
 0.168 1.00 0.33035 0.00595 0.00429 
 0.168 1.36 0.34548 0.01036 0.00311 
 0.171 4.59 0.32435 0.01200 0.00746 
 0.171 5.35 0.34961 0.00839 0.00909 
 0.171 5.55 0.32097 0.00963 0.00899 
 0.172 2.55 0.33200 0.00697 0.00598 
 0.172 4.29 0.34086 0.00818 0.00852 
 0.172 5.06 0.35515 0.00710 0.00817 
 0.173 1.39 0.32028 0.00577 0.00384 
 0.173 4.08 0.34753 0.00521 0.01008 
 0.174 3.20 0.37540 0.00826 0.00713 
 0.174 4.02 0.34706 0.00659 0.00764 
 0.176 1.50 0.34176 0.00615 0.00410 
 0.176 2.60 0.35162 0.00809 0.00738 
 0.176 3.50 0.35453 0.00851 0.00851 
 0.176 3.51 0.33939 0.00747 0.00713 
 0.177 0.82 0.32355 0.00744 0.00356 
 0.177 0.91 0.32512 0.00910 0.00488 
 0.177 1.10 0.35103 0.00807 0.00491 
 0.178 1.25 0.33724 0.00641 0.00405 
 0.178 3.65 0.34573 0.01106 0.00519 
 0.179 0.69 0.31268 0.00594 0.00469 
 0.179 1.43 0.32510 0.00520 0.00293 
 0.179 2.51 0.34092 0.01057 0.00477 
 0.179 3.30 0.35290 0.00988 0.00706 
 0.183 2.57 0.34746 0.01042 0.00347 
 0.185 1.87 0.33393 0.00968 0.00301 
 0.185 2.58 0.33889 0.00644 0.00373 
 0.185 3.01 0.36625 0.01135 0.00513 
 0.185 4.22 0.34692 0.01075 0.00486 
 0.187 1.87 0.34294 0.00583 0.00343 
 0.187 1.88 0.34220 0.01027 0.00445 
 0.188 0.88 0.32581 0.00489 0.00261 
 0.188 1.88 0.35800 0.01074 0.00573 
 0.189 2.15 0.35001 0.00560 0.00455 
 0.190 2.74 0.34348 0.00687 0.00550 
 0.196 2.65 0.33962 0.01392 0.00747 
 0.196 5.14 0.35041 0.00771 0.00701 
 0.201 3.62 0.33628 0.00908 0.00572 
 0.202 1.54 0.32751 0.00491 0.00262 
 0.203 3.92 0.33864 0.00610 0.00576 
 0.208 4.00 0.33321 0.01033 0.00400 
 0.209 1.46 0.33159 0.00995 0.00298 
 0.209 2.04 0.31706 0.00983 0.00507 
 0.209 2.31 0.34507 0.00518 0.00414 
 0.210 4.03 0.36028 0.03026 0.00829 
 0.211 2.96 0.34308 0.00549 0.00480 
 0.213 1.46 0.33726 0.00641 0.00337 
 0.214 1.47 0.33795 0.01081 0.00439 
 0.214 5.33 0.33270 0.01198 0.00798 
 0.215 4.63 0.31944 0.00990 0.00383 
 0.218 1.05 0.32237 0.00613 0.00419 
 0.219 1.28 0.32192 0.00708 0.00354 
 0.220 1.99 0.34351 0.02508 0.00618 
 0.221 1.30 0.33302 0.00633 0.00433 
 0.222 6.18 0.32562 0.00554 0.00586 
 0.223 5.70 0.32333 0.00679 0.00582 
 0.224 0.87 0.32066 0.00738 0.00353 
 0.224 1.58 0.33095 0.00596 0.00430 
 0.224 2.82 0.33113 0.01027 0.00397 
 0.226 2.00 0.33441 0.00970 0.00301 
 0.227 3.37 0.33368 0.01034 0.00367 
 0.229 0.72 0.30204 0.00574 0.00453 
 0.229 1.99 0.33275 0.00665 0.00333 
 0.233 2.22 0.32457 0.00876 0.00487 
 0.233 4.37 0.34292 0.00823 0.00514 
 0.234 1.54 0.32960 0.01022 0.00461 
 0.235 0.99 0.31662 0.00475 0.00222 
 0.236 2.50 0.33630 0.00504 0.00336 
 0.236 4.07 0.33135 0.00895 0.00464 
 0.237 2.10 0.33396 0.00968 0.00401 
 0.237 3.10 0.32367 0.01327 0.00583 
 0.239 2.82 0.32459 0.00811 0.00357 
 0.240 1.02 0.30967 0.00929 0.00434 
 0.241 3.25 0.33705 0.00775 0.00404 
 0.243 1.73 0.32888 0.00526 0.00362 
 0.243 7.31 0.27444 0.02113 0.00659 
 0.248 5.03 0.31681 0.00950 0.00317 
 0.249 6.09 0.26916 0.01615 0.00592 
 0.251 4.45 0.31369 0.01004 0.00314 
 0.251 6.26 0.32609 0.00978 0.00554 
 0.253 1.77 0.32733 0.00491 0.00229 
 0.255 2.88 0.31998 0.00512 0.00384 
 0.256 2.38 0.32147 0.00836 0.00418 
 0.257 7.50 0.30261 0.00696 0.00605 
 0.257 7.88 0.29877 0.00568 0.00687 
 0.258 4.70 0.30564 0.00642 0.00428 
 0.259 3.32 0.30872 0.01204 0.00494 
 0.259 5.94 0.31144 0.00623 0.00561 
 0.260 1.04 0.31265 0.00344 0.00219 
 0.260 4.82 0.30237 0.00907 0.00575 
 0.261 5.22 0.30112 0.00452 0.00813 
 0.262 5.42 0.30938 0.00526 0.00433 
 0.263 4.25 0.30690 0.00491 0.00399 
 0.264 4.77 0.30994 0.00620 0.00496 
 0.266 1.08 0.31388 0.00596 0.00408 
 0.266 3.48 0.30956 0.00526 0.00341 
 0.267 2.71 0.31102 0.00560 0.00280 
 0.267 3.49 0.31132 0.00560 0.00405 
 0.268 1.46 0.31615 0.00759 0.00316 
 0.270 1.05 0.30144 0.00693 0.00422 
 0.271 1.35 0.31606 0.00601 0.00411 
 0.271 1.55 0.31447 0.00692 0.00283 
 0.273 3.09 0.30827 0.00925 0.00308 
 0.273 6.68 0.30301 0.00939 0.00515 
 0.274 0.90 0.30016 0.00720 0.00330 
 0.274 1.64 0.31591 0.00569 0.00411 
 0.274 3.70 0.30358 0.00911 0.00273 
 0.278 8.22 0.28152 0.01548 0.00676 
 0.281 2.11 0.31351 0.00502 0.00345 
 0.281 3.54 0.28898 0.00925 0.00433 
 0.282 2.12 0.31261 0.00782 0.00313 
 0.284 2.57 0.30997 0.00806 0.00372 
 0.286 6.85 0.27877 0.01227 0.00585 
 0.288 5.25 0.28405 0.00710 0.00511 
 0.290 2.48 0.30305 0.00849 0.00455 
 0.291 5.13 0.29717 0.00446 0.00386 
 0.293 1.10 0.29838 0.00298 0.00179 
 0.293 5.50 0.28716 0.00861 0.00287 
 0.297 2.30 0.30233 0.00847 0.00363 
 0.297 4.84 0.28623 0.00859 0.00258 
 0.298 1.85 0.30018 0.00931 0.00390 
 0.298 2.90 0.30317 0.00424 0.00243 
 0.300 1.95 0.29360 0.00470 0.00176 
 0.300 3.77 0.28827 0.00375 0.00288 
 0.306 3.78 0.30050 0.00751 0.00421 
 0.308 7.30 0.27709 0.00554 0.00471 
 0.309 3.05 0.29241 0.00819 0.00351 
 0.310 3.64 0.45255 0.16382 0.02670 
 0.313 3.06 0.28573 0.00457 0.00343 
 0.313 7.14 0.26914 0.00673 0.00458 
 0.313 9.13 0.25218 0.01135 0.00580 
 0.314 1.10 0.28637 0.00544 0.00372 
 0.315 1.60 0.29547 0.00650 0.00266 
 0.317 7.48 0.26205 0.00655 0.00550 
 0.319 2.79 0.28654 0.00602 0.00315 
 0.320 1.10 0.27664 0.00664 0.00387 
 0.321 5.06 0.27680 0.00830 0.00332 
 0.322 5.14 0.29444 0.01119 0.00589 
 0.323 1.38 0.29386 0.00558 0.00353 
 0.324 1.61 0.31012 0.00620 0.00310 
 0.324 1.64 0.29701 0.00653 0.00267 
 0.326 1.68 0.28913 0.00520 0.00347 
 0.326 2.03 0.28590 0.00400 0.00286 
 0.328 4.01 0.28058 0.00758 0.00253 
 0.332 3.36 0.28093 0.00843 0.00253 
 0.332 4.01 0.27786 0.00889 0.00472 
 0.332 4.01 0.27045 0.00703 0.00352 
 0.334 7.47 0.25587 0.00435 0.00435 
 0.336 5.66 0.27030 0.00432 0.00351 
 0.337 1.17 0.27603 0.00304 0.00166 
 0.341 5.93 0.26182 0.00785 0.00236 
 0.342 6.03 0.25469 0.00739 0.00433 
 0.343 4.10 0.26848 0.00430 0.00268 
 0.343 9.39 0.24104 0.00482 0.00458 
 0.343 9.98 0.24185 0.00435 0.00532 
 0.344 2.21 0.25858 0.00517 0.00284 
 0.344 4.00 0.26768 0.01097 0.01151 
 0.346 3.16 0.26887 0.00403 0.00215 
 0.347 2.22 0.27517 0.00578 0.00275 
 0.347 5.22 0.25488 0.00765 0.00229 
 0.347 7.36 0.25248 0.00454 0.00404 
 0.348 1.74 0.27128 0.00814 0.00326 
 0.349 10.02 0.23873 0.00979 0.00549 
 0.350 6.07 0.24979 0.00375 0.00250 
 0.350 6.56 0.25508 0.00459 0.00408 
 0.352 6.02 0.24726 0.00643 0.00371 
 0.353 5.09 0.25482 0.00357 0.00357 
 0.353 5.84 0.25168 0.00453 0.00352 
 0.355 2.12 0.26983 0.00432 0.00162 
 0.358 4.21 0.26355 0.00501 0.00316 
 0.362 8.22 0.22701 0.00431 0.00386 
 0.363 1.64 0.27827 0.00529 0.00278 
 0.364 8.37 0.23352 0.00817 0.00467 
 0.365 1.65 0.27490 0.00577 0.00247 
 0.366 3.06 0.24190 0.00726 0.00242 
 0.368 4.32 0.25821 0.00491 0.00310 
 0.368 7.95 0.23555 0.00495 0.00400 
 0.369 2.98 0.25876 0.00750 0.00336 
 0.370 2.16 0.25417 0.00788 0.00305 
 0.371 7.49 0.25010 0.01125 0.00575 
 0.372 3.19 0.25441 0.00407 0.00331 
 0.372 3.19 0.25352 0.00685 0.00330 
 0.373 1.40 0.26146 0.00497 0.00314 
 0.376 2.49 0.25243 0.00682 0.00227 
 0.377 1.71 0.25877 0.00466 0.00311 
 0.377 10.66 0.12488 0.05345 0.01124 
 0.381 4.37 0.25957 0.00986 0.00960 
 0.382 6.32 0.22000 0.00374 0.00330 
 0.384 4.88 0.23230 0.02323 0.00325 
 0.386 6.63 0.22990 0.00667 0.00368 
 0.387 4.29 0.23110 0.00693 0.00185 
 0.387 5.99 0.23404 0.00983 0.00445 
 0.388 1.83 0.25516 0.00612 0.00230 
 0.389 10.96 0.22259 0.00868 0.00512 
 0.390 4.28 0.20854 0.04922 0.02273 
 0.393 6.33 0.21957 0.00659 0.00198 
 0.396 2.28 0.25099 0.00527 0.00251 
 0.398 3.59 0.23489 0.00658 0.00188 
 0.402 9.44 0.17153 0.02007 0.00926 
 0.404 5.57 0.21761 0.00675 0.00196 
 0.404 6.38 0.21679 0.00390 0.00304 
 0.405 2.28 0.24854 0.00522 0.00273 
 0.405 4.52 0.22510 0.00315 0.00248 
 0.405 9.13 0.20312 0.00691 0.00406 
 0.405 11.39 0.17816 0.01621 0.01372 
 0.406 8.45 0.20824 0.00437 0.00333 
 0.409 2.27 0.23344 0.00374 0.00140 
 0.409 3.46 0.22460 0.00337 0.00180 
 0.410 4.74 0.21942 0.00636 0.00351 
 0.412 11.41 0.22018 0.02158 0.00484 
 0.412 11.52 0.18946 0.00341 0.00398 
 0.413 4.50 0.26369 0.01714 0.02004 
 0.413 10.74 0.20035 0.00441 0.00401 
 0.414 3.32 0.22426 0.00471 0.00202 
 0.415 9.58 0.19724 0.00316 0.00335 
 0.416 5.08 0.21626 0.00541 0.00303 
 0.417 1.68 0.23967 0.00503 0.00216 
 0.417 8.35 0.19431 0.00330 0.00350 
 0.417 9.07 0.19276 0.00366 0.00347 
 0.418 1.68 0.24332 0.00389 0.00243 
 0.421 2.29 0.23059 0.00369 0.00231 
 0.421 7.33 0.19824 0.00317 0.00297 
 0.421 10.27 0.17123 0.01267 0.00428 
 0.422 4.78 0.23191 0.00928 0.00812 
 0.422 6.61 0.19430 0.00291 0.00194 
 0.424 6.57 0.19856 0.00338 0.00318 
 0.426 5.65 0.20198 0.00283 0.00283 
 0.427 1.74 0.23255 0.00419 0.00256 
 0.427 6.74 0.19193 0.00326 0.00288 
 0.428 6.07 0.19787 0.00554 0.00257 
 0.428 11.86 0.19112 0.00612 0.00440 
 0.429 10.02 0.17316 0.01177 0.00814 
 0.432 4.69 0.20332 0.00468 0.00224 
 0.432 10.34 0.18302 0.00586 0.00366 
 0.432 12.10 0.16567 0.01193 0.01143 
 0.433 7.23 0.18704 0.00505 0.00299 
 0.434 4.86 0.19863 0.00516 0.00238 
 0.434 8.56 0.16805 0.00773 0.00370 
 0.434 15.01 0.16747 0.01122 0.01122 
 0.436 11.90 0.17013 0.00459 0.00357 
 0.440 2.62 0.21158 0.00444 0.00190 
 0.440 3.31 0.20953 0.00356 0.00272 
 0.441 3.31 0.21499 0.00451 0.00301 
 0.444 4.80 0.23057 0.01406 0.01291 
 0.447 2.32 0.21233 0.00531 0.00234 
 0.447 6.69 0.18475 0.00536 0.00166 
 0.448 9.89 0.16737 0.00603 0.00335 
 0.449 8.99 0.17838 0.00357 0.00285 
 0.450 2.33 0.21125 0.00444 0.00232 
 0.453 2.46 0.21550 0.00603 0.00259 
 0.454 1.87 0.22037 0.00727 0.00242 
 0.454 4.55 0.19577 0.00568 0.00157 
 0.456 6.85 0.18331 0.00825 0.00348 
 0.457 3.48 0.19547 0.00567 0.00235 
 0.457 10.74 0.16191 0.00194 0.00324 
 0.460 4.86 0.18538 0.00204 0.00204 
 0.460 5.35 0.17844 0.00375 0.00250 
 0.460 12.58 0.15203 0.00867 0.00395 
 0.462 5.17 0.17607 0.00792 0.00599 
 0.464 2.01 0.20143 0.00483 0.00161 
 0.465 5.89 0.17991 0.00540 0.00162 
 0.466 10.82 0.15047 0.00722 0.00662 
 0.468 12.76 0.15229 0.00487 0.00350 
 0.469 9.82 0.15756 0.00315 0.00299 
 0.471 3.80 0.18311 0.00513 0.00146 
 0.471 7.02 0.16418 0.00279 0.00246 
 0.471 12.57 0.15233 0.00335 0.00320 
 0.472 13.14 0.13882 0.00666 0.00833 
 0.475 3.73 0.18281 0.00256 0.00165 
 0.476 7.14 0.16197 0.00292 0.00243 
 0.476 16.36 0.14585 0.00627 0.00875 
 0.479 8.69 0.14595 0.00774 0.00248 
 0.480 13.01 0.14545 0.00407 0.00378 
 0.482 11.56 0.13464 0.00983 0.00350 
 0.483 5.17 0.17661 0.00883 0.00777 
 0.483 7.84 0.15786 0.00426 0.00253 
 0.485 2.43 0.18355 0.00312 0.00184 
 0.485 2.44 0.18411 0.00350 0.00129 
 0.488 5.41 0.16317 0.00538 0.00245 
 0.489 2.69 0.18149 0.00363 0.00163 
 0.489 11.27 0.14013 0.00224 0.00280 
 0.490 3.38 0.17846 0.00393 0.00268 
 0.493 3.38 0.17763 0.00337 0.00249 
 0.493 10.65 0.13655 0.00505 0.00273 
 0.494 5.30 0.15799 0.00411 0.00174 
 0.496 10.68 0.14175 0.00454 0.00326 
 0.498 9.54 0.13711 0.00274 0.00219 
 0.500 9.64 0.14876 0.00699 0.00327 
 0.502 5.55 0.15323 0.00843 0.00521 
 0.503 2.38 0.17809 0.00374 0.00214 
 0.503 3.74 0.16760 0.00486 0.00134 
 0.504 11.62 0.12628 0.00720 0.00530 
 0.505 3.96 0.15706 0.00408 0.00220 
 0.508 7.04 0.14264 0.00414 0.00143 
 0.509 9.09 0.12730 0.01082 0.00713 
 0.510 13.68 0.12024 0.00529 0.00289 
 0.513 5.64 0.14318 0.00301 0.00200 
 0.514 11.94 0.14203 0.00994 0.01079 
 0.515 9.11 0.13289 0.00279 0.00226 
 0.516 13.40 0.11934 0.00251 0.00251 
 0.516 13.61 0.12156 0.00243 0.00267 
 0.517 2.38 0.18571 0.00483 0.00241 
 0.517 2.50 0.16592 0.00232 0.00166 
 0.517 12.55 0.12107 0.00242 0.00230 
 0.521 2.51 0.16653 0.00233 0.00133 
 0.521 10.98 0.12138 0.00206 0.00194 
 0.522 5.53 0.13559 0.00719 0.00529 
 0.522 13.91 0.11082 0.00299 0.00288 
 0.523 9.66 0.12169 0.00219 0.00207 
 0.523 14.46 0.10953 0.00493 0.00591 
 0.523 17.89 0.09986 0.00389 0.00549 
 0.528 6.17 0.13006 0.00429 0.00130 
 0.528 7.54 0.12412 0.00211 0.00186 
 0.529 7.69 0.12065 0.00471 0.00265 
 0.529 7.71 0.13197 0.00673 0.00238 
 0.529 8.31 0.12415 0.00199 0.00186 
 0.530 4.80 0.14042 0.00379 0.00140 
 0.531 7.24 0.12564 0.00176 0.00151 
 0.533 7.52 0.12318 0.00197 0.00185 
 0.534 7.22 0.13238 0.00821 0.00212 
 0.534 8.41 0.11887 0.00309 0.00226 
 0.535 8.44 0.12389 0.00322 0.00198 
 0.536 6.34 0.12549 0.00188 0.00176 
 0.538 11.37 0.11030 0.00265 0.00254 
 0.539 2.76 0.15260 0.00305 0.00137 
 0.540 3.97 0.13808 0.00180 0.00152 
 0.540 11.41 0.11275 0.00406 0.00225 
 0.541 5.91 0.12261 0.00748 0.00417 
 0.542 3.45 0.14308 0.00329 0.00243 
 0.543 4.08 0.13689 0.00178 0.00192 
 0.543 7.62 0.11629 0.00244 0.00198 
 0.543 12.57 0.11197 0.00414 0.00694 
 0.544 5.30 0.12710 0.00280 0.00178 
 0.545 9.68 0.11040 0.00442 0.00519 
 0.546 12.82 0.10531 0.00316 0.00305 
 0.547 2.77 0.15086 0.00453 0.00166
 0.547 12.14 0.10386 0.00208 0.00208 
 0.547 12.84 0.10629 0.00680 0.00276 
 0.548 3.45 0.13873 0.00264 0.00222 
 0.548 12.54 0.10184 0.00591 0.00428 
 0.550 10.86 0.10150 0.00223 0.00213 
 0.553 3.99 0.12534 0.00852 0.00125 
 0.553 10.11 0.10451 0.00199 0.00167 
 0.554 14.59 0.09612 0.00394 0.00231 
 0.555 5.35 0.12325 0.00394 0.00160 
 0.556 3.97 0.12876 0.00386 0.00142 
 0.560 5.74 0.11494 0.00310 0.00126 
 0.564 14.24 0.09219 0.00194 0.00194 
 0.566 9.65 0.09895 0.00198 0.00168 
 0.566 14.81 0.08884 0.00240 0.00231 
 0.566 19.25 0.07966 0.00279 0.00422 
 0.568 5.91 0.11355 0.00250 0.00170 
 0.569 5.96 0.11829 0.00319 0.00426 
 0.569 10.68 0.09301 0.00279 0.00233 
 0.569 10.71 0.09432 0.00575 0.00217 
 0.571 7.35 0.10294 0.00299 0.00124 
 0.571 15.67 0.07950 0.00397 0.00405 
 0.572 7.50 0.10199 0.00245 0.00163 
 0.573 6.09 0.10931 0.00350 0.00153 
 0.573 7.86 0.10116 0.00202 0.00152 
 0.580 4.05 0.11591 0.00336 0.00116 
 0.580 13.38 0.08283 0.00414 0.00439 
 0.584 20.23 0.07422 0.00475 0.00564 
 0.586 4.08 0.11441 0.00320 0.00092 
 0.586 7.26 0.09671 0.00261 0.00164 
 0.587 6.32 0.09640 0.00549 0.00328 
 0.587 12.13 0.08112 0.00178 0.00187 
 0.589 12.18 0.07889 0.00276 0.00158 
 0.590 9.01 0.08576 0.00214 0.00172 
 0.590 10.41 0.08325 0.00291 0.00358 
 0.591 9.04 0.08855 0.00319 0.00142 
 0.591 14.97 0.07371 0.00155 0.00162 
 0.592 13.69 0.07591 0.00152 0.00144 
 0.595 4.23 0.10693 0.00150 0.00150 
 0.595 13.50 0.06803 0.00415 0.00293 
 0.595 16.71 0.08354 0.01270 0.00618 
 0.596 3.50 0.11615 0.00302 0.00232 
 0.596 11.84 0.07810 0.00141 0.00133 
 0.598 3.50 0.11508 0.00253 0.00219 
 0.598 12.87 0.07268 0.00153 0.00145 
 0.599 5.97 0.08462 0.01041 0.00135 
 0.599 6.44 0.09594 0.00345 0.00125 
 0.599 10.48 0.07859 0.00134 0.00134 
 0.599 15.50 0.07550 0.00325 0.00189 
 0.601 4.98 0.10437 0.00355 0.00125 
 0.604 10.59 0.07734 0.00101 0.00131 
 0.606 4.18 0.10065 0.00181 0.00121 
 0.607 8.54 0.08635 0.00250 0.00190 
 0.607 8.56 0.07442 0.00528 0.00134 
 0.607 8.91 0.07926 0.00127 0.00127 
 0.609 6.32 0.08895 0.00169 0.00320 
 0.609 8.10 0.08041 0.00153 0.00129 
 0.610 5.61 0.08898 0.00329 0.00133 
 0.610 7.61 0.08094 0.00138 0.00113 
 0.610 20.62 0.05757 0.00219 0.00305 
 0.613 14.10 0.06630 0.00199 0.00192 
 0.614 14.12 0.06446 0.00387 0.00174 
 0.615 5.62 0.08939 0.00277 0.00134 
 0.616 6.76 0.08238 0.00132 0.00124 
 0.616 10.16 0.07192 0.00151 0.00129 
 0.616 15.11 0.06542 0.00137 0.00137 
 0.618 15.85 0.06205 0.00149 0.00168 
 0.619 21.39 0.05925 0.00207 0.00415 
 0.621 7.84 0.07842 0.00141 0.00125 
 0.621 11.69 0.06476 0.00175 0.00149 
 0.621 16.91 0.05468 0.00301 0.00273 
 0.625 6.16 0.08358 0.00184 0.00125 
 0.626 14.35 0.06419 0.00347 0.00315 
 0.628 8.21 0.07092 0.00163 0.00113 
 0.632 6.18 0.07920 0.00222 0.00087 
 0.632 11.08 0.06110 0.00220 0.00257 
 0.633 17.69 0.05403 0.00259 0.00362 
 0.636 6.19 0.07437 0.00193 0.00119 
 0.638 4.15 0.09100 0.00237 0.00118 
 0.640 12.94 0.05849 0.00216 0.00123 
 0.641 12.93 0.05507 0.00127 0.00127 
 0.642 11.75 0.05900 0.00171 0.00153 
 0.642 11.78 0.05677 0.00375 0.00131 
 0.644 4.35 0.08284 0.00133 0.00124 
 0.645 6.82 0.06221 0.00442 0.00212 
 0.645 7.66 0.06626 0.00212 0.00099 
 0.645 14.52 0.05210 0.00297 0.00229 
 0.647 10.98 0.05833 0.00087 0.00099 
 0.649 4.30 0.08494 0.00119 0.00110 
 0.649 9.60 0.05763 0.00138 0.00115 
 0.650 13.55 0.05076 0.00112 0.00102 
 0.651 9.65 0.05878 0.00212 0.00100 
 0.653 5.78 0.06894 0.00241 0.00103 
 0.654 6.71 0.06627 0.00133 0.00232 
 0.658 22.12 0.04110 0.00148 0.00218 
 0.660 6.96 0.06368 0.00102 0.00102 
 0.662 6.65 0.05917 0.01095 0.00095 
 0.664 8.49 0.05966 0.00251 0.00119 
 0.666 6.77 0.06006 0.00240 0.00084 
 0.667 22.93 0.03799 0.00125 0.00251 
 0.668 15.91 0.04290 0.00094 0.00094 
 0.668 16.26 0.04106 0.00094 0.00094 
 0.669 10.65 0.04779 0.00110 0.00086 
 0.670 4.47 0.07533 0.00241 0.00090 
 0.670 7.85 0.05515 0.00110 0.00099 
 0.670 14.78 0.04320 0.00095 0.00086 
 0.670 16.86 0.03974 0.00151 0.00103 
 0.673 5.86 0.05873 0.00247 0.00100 
 0.673 8.19 0.05467 0.00104 0.00093 
 0.674 15.35 0.03708 0.00189 0.00178 
 0.674 16.91 0.03776 0.00102 0.00106 
 0.675 12.64 0.04457 0.00080 0.00071 
 0.675 18.77 0.03497 0.00140 0.00220 
 0.676 18.26 0.03638 0.00171 0.00182 
 0.678 11.24 0.04402 0.00084 0.00079 
 0.679 6.37 0.05577 0.00112 0.00095 
 0.681 11.84 0.04202 0.00160 0.00176 
 0.683 15.38 0.03732 0.00119 0.00112 
 0.683 15.41 0.03869 0.00298 0.00108 
 0.684 8.53 0.04856 0.00102 0.00087 
 0.686 6.47 0.05471 0.00126 0.00093 
 0.690 6.73 0.05328 0.00208 0.00096 
 0.690 8.63 0.04538 0.00082 0.00077 
 0.690 9.47 0.04402 0.00084 0.00079 
 0.691 9.40 0.04192 0.00126 0.00092 
 0.691 9.42 0.03921 0.00349 0.00074 
 0.692 5.18 0.06271 0.00314 0.00107 
 0.692 15.44 0.03512 0.00246 0.00158 
 0.694 13.70 0.03823 0.00164 0.00084 
 0.695 7.24 0.04369 0.00336 0.00149 
 0.696 13.69 0.03592 0.00090 0.00086 
 0.701 12.53 0.03490 0.00087 0.00091 
 0.702 14.19 0.03295 0.00072 0.00069 
 0.703 11.44 0.03615 0.00083 0.00069 
 0.704 7.15 0.04556 0.00073 0.00082 
 0.706 7.15 0.04467 0.00094 0.00156 
 0.708 23.66 0.02551 0.00184 0.00138 
 0.711 6.62 0.04272 0.00171 0.00056 
 0.712 10.20 0.03661 0.00099 0.00077 
 0.714 10.25 0.03616 0.00152 0.00065 
 0.716 7.91 0.03698 0.00148 0.00078 
 0.718 6.03 0.04398 0.00110 0.00075 
 0.718 8.02 0.03695 0.00085 0.00081 
 0.719 12.81 0.02998 0.00087 0.00081 
 0.719 12.85 0.02981 0.00298 0.00072 
 0.719 16.67 0.02685 0.00062 0.00062 
 0.723 11.12 0.03161 0.00079 0.00063 
 0.725 16.39 0.02206 0.00093 0.00106 
 0.726 8.51 0.03608 0.00072 0.00069 
 0.726 20.08 0.02124 0.00081 0.00130 
 0.727 24.85 0.01963 0.00075 0.00126 
 0.728 6.55 0.04162 0.00096 0.00079 
 0.729 19.54 0.01815 0.00176 0.00093 
 0.732 17.96 0.02241 0.00065 0.00065 
 0.735 6.73 0.03783 0.00076 0.00068 
 0.736 12.68 0.02584 0.00111 0.00111 
 0.738 8.82 0.03081 0.00059 0.00062 
 0.740 16.39 0.02140 0.00238 0.00098 
 0.740 17.40 0.02053 0.00051 0.00051 
 0.741 7.62 0.03639 0.00513 0.00127 
 0.742 6.11 0.03750 0.00165 0.00075 
 0.742 15.71 0.02208 0.00060 0.00049 
 0.743 6.87 0.03517 0.00222 0.00084 
 0.746 18.25 0.02032 0.00140 0.00057 
 0.747 8.98 0.02809 0.00070 0.00056 
 0.747 11.77 0.02557 0.00097 0.00056 
 0.749 13.32 0.02247 0.00045 0.00045 
 0.750 14.46 0.02221 0.00133 0.00053 
 0.751 7.33 0.03119 0.00059 0.00065 
 0.752 14.45 0.01977 0.00045 0.00049 
 0.753 14.80 0.02000 0.00048 0.00046 
 0.756 16.67 0.01803 0.00065 0.00058 
 0.756 16.69 0.02022 0.00237 0.00061 
 0.758 7.59 0.02856 0.00060 0.00103 
 0.760 9.88 0.02445 0.00054 0.00049 
 0.763 11.96 0.02075 0.00041 0.00046 
 0.764 8.07 0.02465 0.00126 0.00067 
 0.768 7.44 0.02715 0.00155 0.00046 
 0.769 10.72 0.02065 0.00068 0.00045 
 0.770 8.19 0.02430 0.00078 0.00070 
 0.770 17.37 0.01483 0.00037 0.00037 
 0.771 9.15 0.02169 0.00147 0.00056 
 0.773 17.38 0.01302 0.00052 0.00065 
 0.774 11.54 0.01871 0.00049 0.00041 
 0.778 8.81 0.02185 0.00052 0.00048 
 0.779 18.80 0.01332 0.00037 0.00041 
 0.781 10.25 0.01888 0.00064 0.00047 
 0.781 10.28 0.01878 0.00239 0.00041 
 0.781 10.85 0.01924 0.00112 0.00040 
 0.784 9.05 0.02116 0.00047 0.00053 
 0.785 21.58 0.01080 0.00042 0.00066 
 0.785 26.69 0.00924 0.00031 0.00060 
 0.786 9.20 0.01881 0.00045 0.00043 
 0.787 13.64 0.01494 0.00037 0.00036 
 0.789 13.36 0.01494 0.00040 0.00048 
 0.792 13.53 0.01355 0.00058 0.00062 
 0.799 19.17 0.01094 0.00110 0.00035 
 0.800 13.88 0.01282 0.00046 0.00040 
 0.800 13.92 0.00851 0.00176 0.00025 
 0.802 10.11 0.01542 0.00042 0.00040 
 0.802 15.10 0.01154 0.00028 0.00033 
 0.807 16.46 0.01024 0.00033 0.00029 
 0.809 15.22 0.00820 0.00117 0.00024 
 0.809 15.42 0.01033 0.00026 0.00029 
 0.809 18.40 0.00863 0.00023 0.00025 
 0.810 11.07 0.01245 0.00041 0.00032 
 0.818 12.40 0.01046 0.00030 0.00029 
 0.819 11.88 0.01042 0.00038 0.00029 
 0.820 13.91 0.00968 0.00030 0.00028 
 0.823 18.08 0.00791 0.00021 0.00025 
 0.826 18.44 0.00649 0.00028 0.00037 
 0.831 17.95 0.00682 0.00039 0.00027 
 0.832 19.70 0.00623 0.00019 0.00023 
 0.838 22.90 0.00466 0.00021 0.00032 
 0.844 14.29 0.00607 0.00037 0.00034 
 0.845 28.60 0.00331 0.00015 0.00025 
 0.851 15.70 0.00568 0.00018 0.00021 
 0.854 20.08 0.00443 0.00054 0.00019 
 0.855 15.91 0.00544 0.00016 0.00020 
 0.860 17.05 0.00445 0.00024 0.00017 
 0.866 19.18 0.00341 0.00016 0.00014 
 0.868 18.64 0.00374 0.00013 0.00015 
 0.872 15.98 0.00383 0.00058 0.00016 
 0.873 19.38 0.00301 0.00016 0.00022 
 0.876 20.41 0.00301 0.00012 0.00014 
 0.885 24.07 0.00184 0.00010 0.00015 
 0.900 30.31 0.00077 0.00006 0.00007 