Path: /HepData/8277/d8-x1-y1
G1 as a function of W and Bjorken X for a mean Q**2 = 2.047370 GeV**2.
Location: F 3
PLAB IN GEV : 2.6 + 4.3
PLAB IN GEV : 2.6 + 4.3
PLAB IN GEV : 2.6 + 4.3
PLAB IN GEV : 2.6 + 4.3
PLAB IN GEV : 2.6 + 4.3
PLAB IN GEV : 2.6 + 4.3
PLAB IN GEV : 2.6 + 4.3
PLAB IN GEV : 2.6 + 4.3
PLAB IN GEV : 2.6 + 4.3
PLAB IN GEV : 2.6 + 4.3
PLAB IN GEV : 2.6 + 4.3
PLAB IN GEV : 2.6 + 4.3
PLAB IN GEV : 2.6 + 4.3
PLAB IN GEV : 2.6 + 4.3
PLAB IN GEV : 2.6 + 4.3
Q**2 : 0.166116 GeV^2
Q**2 : 0.200237 GeV^2
Q**2 : 0.245349 GeV^2
Q**2 : 0.299227 GeV^2
Q**2 : 0.37027 GeV^2
Q**2 : 0.470418 GeV^2
Q**2 : 0.548732 GeV^2
Q**2 : 0.664122 GeV^2
Q**2 : 0.811666 GeV^2
Q**2 : 0.986427 GeV^2
Q**2 : 1.1 - 1.64 GeV^2
Q**2 : 1.20255 GeV^2
Q**2 : 1.46071 GeV^2
Q**2 : 1.73676 GeV^2
Q**2 : 2.04737 GeV^2
RE : E- P --> E- X
RE : E- P --> E- X
RE : E- P --> E- X
RE : E- P --> E- X
RE : E- P --> E- X
RE : E- P --> E- X
RE : E- P --> E- X
RE : E- P --> E- X
RE : E- P --> E- X
RE : E- P --> E- X
RE : E- P --> E- X
RE : E- P --> E- X
RE : E- P --> E- X
RE : E- P --> E- X
RE : E- P --> E- X
x: W(P=4) IN GEV
x2: X
y : G1
x	xlow	xhigh	x2	x2low	x2high	y	dy+	dy-	dy+	dy-	
1.09	1.09	1.09	0.869137	0.869137	0.869137	6.97E-4	+0.001228	-0.001228	+9.9E-5	-9.9E-5
1.11	1.11	1.11	0.8532	0.8532	0.8532	0.001959	+0.006306	-0.006306	+4.0E-4	-4.0E-4
1.13	1.13	1.13	0.837562	0.837562	0.837562	-0.004045	+0.003315	-0.003315	+5.61E-4	-5.61E-4
1.15	1.15	1.15	0.822223	0.822223	0.822223	0.003971	+0.003884	-0.003884	+4.48E-4	-4.48E-4
1.17	1.17	1.17	0.807182	0.807182	0.807182	0.003859	+0.01215	-0.01215	+7.43E-4	-7.43E-4
1.19	1.19	1.19	0.792435	0.792435	0.792435	0.011453	+0.01314	-0.01314	+0.001905	-0.001905
1.21	1.21	1.21	0.777981	0.777981	0.777981	-0.013916	+0.01181	-0.01181	+0.002078	-0.002078
1.23	1.23	1.23	0.763816	0.763816	0.763816	-0.007156	+0.015031	-0.015031	+0.001126	-0.001126
1.25	1.25	1.25	0.749939	0.749939	0.749939	0.02466	+0.015488	-0.015488	+0.003057	-0.003057
1.27	1.27	1.27	0.736345	0.736345	0.736345	0.034342	+0.024897	-0.024897	+0.003911	-0.003911
1.29	1.29	1.29	0.72303	0.72303	0.72303	0.009167	+0.014213	-0.014213	+0.001157	-0.001157
1.31	1.31	1.31	0.709991	0.709991	0.709991	0.0189	+0.012791	-0.012791	+0.001724	-0.001724
1.33	1.33	1.33	0.697225	0.697225	0.697225	3.66E-4	+0.00983	-0.00983	+5.99E-4	-5.99E-4
1.35	1.35	1.35	0.684726	0.684726	0.684726	0.020232	+0.013739	-0.013739	+0.001971	-0.001971
1.37	1.37	1.37	0.67249	0.67249	0.67249	0.025874	+0.010847	-0.010847	+0.00236	-0.00236
1.39	1.39	1.39	0.660514	0.660514	0.660514	-6.45E-4	+0.017272	-0.017272	+8.81E-4	-8.81E-4
1.41	1.41	1.41	0.648792	0.648792	0.648792	0.011186	+0.012342	-0.012342	+0.001188	-0.001188
1.43	1.43	1.43	0.63732	0.63732	0.63732	0.044457	+0.017145	-0.017145	+0.004544	-0.004544
1.45	1.45	1.45	0.626094	0.626094	0.626094	0.05158	+0.018017	-0.018017	+0.005119	-0.005119
1.47	1.47	1.47	0.615108	0.615108	0.615108	0.050987	+0.015501	-0.015501	+0.004411	-0.004411
1.49	1.49	1.49	0.604359	0.604359	0.604359	0.074531	+0.018872	-0.018872	+0.006113	-0.006113
1.51	1.51	1.51	0.593841	0.593841	0.593841	0.069515	+0.019037	-0.019037	+0.006089	-0.006089
1.53	1.53	1.53	0.58355	0.58355	0.58355	0.093478	+0.026755	-0.026755	+0.008037	-0.008037
1.55	1.55	1.55	0.57348	0.57348	0.57348	0.057059	+0.02099	-0.02099	+0.004591	-0.004591
1.57	1.57	1.57	0.563629	0.563629	0.563629	0.071318	+0.025617	-0.025617	+0.00685	-0.00685
1.59	1.59	1.59	0.55399	0.55399	0.55399	0.065091	+0.021477	-0.021477	+0.006949	-0.006949
1.61	1.61	1.61	0.544559	0.544559	0.544559	0.073081	+0.019007	-0.019007	+0.007806	-0.007806
1.63	1.63	1.63	0.535332	0.535332	0.535332	0.04383	+0.020236	-0.020236	+0.004779	-0.004779
1.65	1.65	1.65	0.526304	0.526304	0.526304	0.064658	+0.021351	-0.021351	+0.005578	-0.005578
1.67	1.67	1.67	0.517471	0.517471	0.517471	0.079551	+0.020789	-0.020789	+0.005876	-0.005876
1.69	1.69	1.69	0.508829	0.508829	0.508829	0.111568	+0.025046	-0.025046	+0.007614	-0.007614
1.71	1.71	1.71	0.500372	0.500372	0.500372	0.098263	+0.022852	-0.022852	+0.007146	-0.007146
1.73	1.73	1.73	0.492097	0.492097	0.492097	0.085355	+0.019974	-0.019974	+0.007058	-0.007058
1.75	1.75	1.75	0.484	0.484	0.484	0.063135	+0.024125	-0.024125	+0.00508	-0.00508
1.77	1.77	1.77	0.476077	0.476077	0.476077	0.097653	+0.024359	-0.024359	+0.007323	-0.007323
1.79	1.79	1.79	0.468323	0.468323	0.468323	0.12617	+0.029758	-0.029758	+0.010255	-0.010255
1.81	1.81	1.81	0.460735	0.460735	0.460735	0.086959	+0.026119	-0.026119	+0.007145	-0.007145
1.83	1.83	1.83	0.453308	0.453308	0.453308	0.152284	+0.037823	-0.037823	+0.01199	-0.01199
1.85	1.85	1.85	0.446039	0.446039	0.446039	0.093744	+0.035207	-0.035207	+0.007314	-0.007314
1.87	1.87	1.87	0.438924	0.438924	0.438924	0.041814	+0.030217	-0.030217	+0.005182	-0.005182
1.89	1.89	1.89	0.43196	0.43196	0.43196	0.054682	+0.028525	-0.028525	+0.005678	-0.005678
1.91	1.91	1.91	0.425143	0.425143	0.425143	0.083517	+0.030242	-0.030242	+0.006843	-0.006843
1.93	1.93	1.93	0.418469	0.418469	0.418469	0.058453	+0.033484	-0.033484	+0.006192	-0.006192
1.95	1.95	1.95	0.411935	0.411935	0.411935	0.081086	+0.03451	-0.03451	+0.006924	-0.006924
1.97	1.97	1.97	0.405538	0.405538	0.405538	0.137771	+0.039905	-0.039905	+0.010605	-0.010605
1.99	1.99	1.99	0.399274	0.399274	0.399274	0.072972	+0.026197	-0.026197	+0.006712	-0.006712
2.01	2.01	2.01	0.39314	0.39314	0.39314	0.108455	+0.030674	-0.030674	+0.006069	-0.006069
2.03	2.03	2.03	0.387134	0.387134	0.387134	0.095966	+0.031367	-0.031367	+0.006443	-0.006443
2.05	2.05	2.05	0.381251	0.381251	0.381251	0.149433	+0.040601	-0.040601	+0.010882	-0.010882
2.07	2.07	2.07	0.375489	0.375489	0.375489	0.108881	+0.0466	-0.0466	+0.008715	-0.008715
2.09	2.09	2.09	0.369845	0.369845	0.369845	0.166731	+0.056266	-0.056266	+0.016562	-0.016562
2.11	2.11	2.11	0.364317	0.364317	0.364317	0.129793	+0.042687	-0.042687	+0.011608	-0.011608
2.13	2.13	2.13	0.358901	0.358901	0.358901	0.125005	+0.040989	-0.040989	+0.013705	-0.013705
2.15	2.15	2.15	0.353595	0.353595	0.353595	0.158713	+0.067258	-0.067258	+0.022732	-0.022732
2.17	2.17	2.17	0.348396	0.348396	0.348396	0.107381	+0.05346	-0.05346	+0.015928	-0.015928
2.19	2.19	2.19	0.343302	0.343302	0.343302	0.18686	+0.053539	-0.053539	+0.031259	-0.031259

