 q2    w2     x           sL        er_sL      sT         er_sT      R          er_R

0.750 1.325 0.62783     17.801     22.039     93.553     19.397  0.19027163   0.27492115
0.750 1.375 0.60261     73.233     26.739    110.538     23.374  0.66251701   0.38178149
0.750 1.425 0.57933     44.556     31.789    178.531     27.726  0.24957091   0.21673276
0.750 1.475 0.55779    -28.768     33.637    265.365     29.344 -0.10840875   0.11481059
0.750 1.525 0.53779     37.261     28.767    180.687     24.958  0.20621753   0.18760137
0.750 1.575 0.51918     -9.209     23.527    181.245     20.407 -0.05080723   0.12411281
0.750 1.625 0.50181     31.108     15.263    106.978     12.867  0.29078591   0.17754154
0.750 1.675 0.48556     17.906     12.851     96.774     10.784  0.18503261   0.15334490
0.750 1.725 0.47034     14.186     11.026     83.203      9.195  0.17049450   0.15128319
0.750 1.775 0.45604     20.817      9.958     69.282      8.246  0.30047628   0.17934990
0.750 1.825 0.44258     13.429      9.186     70.080      7.566  0.19162393   0.15168279
0.750 1.875 0.42990     14.258      8.815     67.111      7.217  0.21244834   0.15410174
0.750 1.925 0.41792     11.558      8.020     65.452      6.507  0.17658725   0.14001043
0.750 1.975 0.40659      7.406      7.607     67.345      6.127  0.10997684   0.12291116
0.750 2.025 0.39586     17.428      4.976     62.749      3.806  0.27773935   0.09595583
0.750 2.075 0.38568      5.621      5.165     75.442      3.935  0.07450713   0.07229694
0.750 2.125 0.37602     14.274      5.275     76.496      4.041  0.18660396   0.07870276
0.750 2.175 0.36682     26.012      5.947     80.690      4.462  0.32236794   0.09130649
0.750 2.225 0.35806     41.684      6.500     82.982      4.820  0.50232548   0.10714944
0.750 2.275 0.34972     15.222      6.468    102.300      4.791  0.14879596   0.07008854
0.750 2.325 0.34175     15.994      5.800     91.124      4.263  0.17552324   0.07173377
0.750 2.375 0.33414     10.242      5.079     83.612      3.713  0.12249441   0.06609304
0.750 2.425 0.32686     13.299      4.615     74.478      3.341  0.17856498   0.06984178
0.750 2.475 0.31988     14.351      4.298     68.612      3.084  0.20916070   0.07187307
0.750 2.525 0.31321     11.201      4.119     68.852      2.941  0.16267842   0.06664084
0.750 2.575 0.30680     14.410      4.025     65.978      2.838  0.21840911   0.07021227
0.750 2.625 0.30065     14.812      3.660     65.469      2.479  0.22625226   0.06428018
0.750 2.675 0.29474     17.183      3.696     67.945      2.473  0.25289896   0.06338226
0.750 2.725 0.28906     19.472      3.820     71.670      2.518  0.27169371   0.06260104
0.750 2.775 0.28360     13.458      3.958     80.374      2.584  0.16744003   0.05447420
0.750 2.825 0.27834     21.175      4.246     80.945      2.806  0.26160020   0.06125589
0.750 2.875 0.27326     20.608      4.033     77.659      2.633  0.26537079   0.06065157
0.750 2.925 0.26838     16.907      3.792     76.048      2.454  0.22232038   0.05679168
0.750 2.975 0.26366     16.153      3.566     72.708      2.283  0.22216819   0.05576958
0.750 3.050 0.25689     19.796      4.449     62.584      3.016  0.31631288   0.08603196
0.750 3.150 0.24838     17.394      4.668     58.957      2.940  0.29502639   0.09355336
0.750 3.250 0.24042     14.519      4.415     58.419      2.715  0.24853279   0.08683132
0.750 3.350 0.23295     13.682      4.245     58.079      2.542  0.23557959   0.08311661
0.750 3.450 0.22593     15.783      4.123     56.718      2.388  0.27827638   0.08404653
0.750 3.550 0.21932     19.770      4.045     55.546      2.260  0.35592192   0.08682759
0.750 3.650 0.21309     19.076      8.906     55.981      6.589  0.34076574   0.19891776
0.750 3.750 0.20721     15.822      8.385     57.680      6.108  0.27430382   0.17421775
0.750 3.850 0.20163     13.825      5.457     56.850      3.651  0.24317868   0.11139335
1.750 1.325 0.79741     -2.827      4.770     25.697      3.367 -0.11001740   0.17132938
1.750 1.375 0.77965      6.310      5.323     39.513      3.544  0.15968168   0.14885865
1.750 1.425 0.76266     16.653      6.019     41.398      3.932  0.40227550   0.18314208
1.750 1.475 0.74640     14.751      5.963     46.129      3.851  0.31978431   0.15559399
1.750 1.525 0.73081      5.230      5.589     46.855      3.523  0.11161331   0.12754339
1.750 1.575 0.71587      6.104      4.696     39.100      2.940  0.15611295   0.13163668
1.750 1.625 0.70152      2.685      3.848     34.924      2.402  0.07687539   0.11538488
1.750 1.675 0.68773      4.468      3.599     29.689      2.246  0.15050581   0.13241971
1.750 1.725 0.67448      6.899      3.380     26.717      2.085  0.25821289   0.14633334
1.750 1.775 0.66173      9.811      3.403     23.165      2.109  0.42352036   0.18489911
1.750 1.825 0.64945     10.551      3.262     22.105      1.995  0.47732124   0.18999894
1.750 1.875 0.63762      9.893      3.180     21.872      1.948  0.45231408   0.18466906
1.750 1.925 0.62621      8.329      1.863     23.245      0.952  0.35833511   0.09372617
1.750 1.975 0.61520      6.909      1.856     23.864      0.948  0.28951454   0.08841010
1.750 2.025 0.60458      4.862      1.832     25.310      0.948  0.19210769   0.07902312
1.750 2.075 0.59431      5.554      1.821     26.542      0.986  0.20923871   0.07598078
1.750 2.125 0.58439      7.014      1.961     29.147      1.049  0.24064657   0.07546724
1.750 2.175 0.57479     11.056      2.164     31.680      1.132  0.34899747   0.08008827
1.750 2.225 0.56550     13.911      2.388     35.714      1.223  0.38951457   0.07944122
1.750 2.275 0.55651     14.276      2.420     36.822      1.225  0.38771692   0.07786237
1.750 2.325 0.54780      9.923      2.240     35.493      1.136  0.27956614   0.07151181
1.750 2.375 0.53936      7.105      2.012     32.198      1.017  0.22066379   0.06902806
1.750 2.425 0.53117      4.564      1.887     30.276      0.962  0.15075597   0.06681703
1.750 2.475 0.52323      3.037      1.851     29.270      0.949  0.10377467   0.06640369
1.750 2.525 0.51553      2.704      1.832     28.739      0.927  0.09407289   0.06660868
1.750 2.575 0.50804      2.437      1.794     28.354      0.896  0.08596471   0.06580919
1.750 2.625 0.50077      3.014      1.813     29.204      0.895  0.10319038   0.06504524
1.750 2.675 0.49371      4.554      1.887     29.533      0.912  0.15420790   0.06831879
1.750 2.725 0.48684      6.399      1.986     31.295      0.942  0.20447057   0.06917644
1.750 2.775 0.48016      9.343      1.578     31.929      0.947  0.29261854   0.05747996
1.750 2.825 0.47367     10.877      1.617     34.055      0.914  0.31941205   0.05545168
1.750 2.875 0.46734     11.973      1.614     34.363      0.901  0.34843495   0.05544517
1.750 2.925 0.46118      9.972      1.542     34.063      0.860  0.29274499   0.05211839
1.750 2.975 0.45518     11.394      1.419     30.727      0.780  0.30082520   0.05487774
1.750 3.050 0.44647      4.498      2.146     32.009      1.333  0.14052300   0.07269590
1.750 3.150 0.43537      4.806      2.090     29.544      1.307  0.16266923   0.07760897
1.750 3.250 0.42480      6.297      1.559     28.296      1.115  0.22255689   0.06357637
1.750 3.350 0.41473      6.567      1.541     28.418      1.090  0.23108600   0.06278685
1.750 3.450 0.40513      6.735      1.524     28.554      1.067  0.23588273   0.06187601
1.750 3.550 0.39596      6.208      1.528     28.640      1.071  0.21675137   0.06113590
1.750 3.650 0.38720      6.593      1.500     28.573      1.038  0.23074321   0.06055112
1.750 3.750 0.37882      6.316      1.491     29.125      1.023  0.21684971   0.05847442
1.750 3.850 0.37079      5.816      1.441     28.994      0.975  0.20058839   0.05614517
2.500 1.325 0.84901      0.942      1.778      9.676      1.014  0.09737985   0.19367489
2.500 1.375 0.83484      4.453      2.087     16.820      1.162  0.26474038   0.14155871
2.500 1.425 0.82113      6.818      2.236     19.503      1.187  0.34957528   0.13479999
2.500 1.475 0.80786      8.536      2.240     19.642      1.170  0.43459022   0.13855927
2.500 1.525 0.79502      2.939      1.983     19.412      1.039  0.15138960   0.10986853
2.500 1.575 0.78257      3.820      1.694     16.718      0.876  0.22851838   0.11271366
2.500 1.625 0.77051      5.202      1.467     14.269      0.746  0.36457923   0.12096487
2.500 1.675 0.75882      4.455      1.423     13.543      0.730  0.32895753   0.12199650
2.500 1.725 0.74748      6.644      1.357     12.176      0.684  0.54568630   0.14078797
2.500 1.775 0.73647      3.980      1.348     12.684      0.683  0.31381097   0.12245081
2.500 1.825 0.72578      2.844      1.311     13.289      0.656  0.21402544   0.10869523
2.500 1.875 0.71539      2.140      1.324     13.648      0.662  0.15676786   0.10425194
2.500 1.925 0.70530      2.719      0.820     13.890      0.499  0.19574904   0.06563297
2.500 1.975 0.69549      3.215      0.835     13.887      0.504  0.23152262   0.06808776
2.500 2.025 0.68595      2.013      0.877     14.973      0.518  0.13441168   0.06296045
2.500 2.075 0.67666      4.969      1.632     14.572      1.063  0.34097680   0.13643470
2.500 2.125 0.66763      5.897      1.408     15.994      0.865  0.36872205   0.10737061
2.500 2.175 0.65883      8.890      1.590     17.277      0.962  0.51456642   0.11987425
2.500 2.225 0.65026      8.810      1.390     20.651      0.920  0.42659768   0.08571025
2.500 2.275 0.64192      6.649      1.406     22.064      0.968  0.30133128   0.07641780
2.500 2.325 0.63378      2.438      1.261     21.860      0.875  0.11151879   0.06196795
2.500 2.375 0.62585      0.989      1.120     20.137      0.779  0.04909333   0.05745659
2.500 2.425 0.61811     -0.674      1.028     19.132      0.718 -0.03522196   0.05247390
2.500 2.475 0.61056     -0.642      0.974     18.163      0.679 -0.03537217   0.05239150
2.500 2.525 0.60320      0.139      0.971     17.268      0.679  0.00803614   0.05654516
2.500 2.575 0.59601      2.358      0.944     16.066      0.648  0.14674523   0.06443480
2.500 2.625 0.58898      2.922      0.964     16.605      0.640  0.17593996   0.06456826
2.500 2.675 0.58213      4.465      1.023     17.115      0.672  0.26085582   0.06958230
2.500 2.725 0.57543      6.120      1.056     17.342      0.683  0.35290939   0.07424552
2.500 2.775 0.56888      7.524      1.149     18.689      0.729  0.40256786   0.07654315
2.500 2.825 0.56248      7.773      1.200     20.208      0.756  0.38467181   0.07317396
2.500 2.875 0.55622      6.451      1.199     20.899      0.756  0.30868757   0.06806078
2.500 2.925 0.55010      4.289      1.159     21.473      0.731  0.19974293   0.06045679
2.500 2.975 0.54412      3.483      1.059     20.824      0.685  0.16725597   0.05613205
2.500 3.050 0.53538      4.814      1.155     18.228      0.790  0.26412094   0.07446232
2.500 3.150 0.52415      2.564      2.129     19.032      1.547  0.13469587   0.12272432
2.500 3.250 0.51339      2.498      2.237     18.910      1.629  0.13211088   0.12959787
2.500 3.350 0.50306      3.052      1.850     18.679      1.296  0.16340244   0.11022515
2.500 3.450 0.49314      4.375      1.911     17.957      1.336  0.24365218   0.12430727
2.500 3.550 0.48360      5.555      1.871     17.297      1.292  0.32116517   0.13188729
2.500 3.650 0.47442      4.588      1.849     17.859      1.268  0.25687715   0.12156422
2.500 3.750 0.46558      4.917      1.800     17.777      1.217  0.27660659   0.11995783
2.500 3.850 0.45707      1.639      2.040     19.365      1.300  0.08465418   0.11094388
3.750 1.325 0.89401     -0.858      0.564      3.623      0.379 -0.23670639   0.13163283
3.750 1.375 0.88348      1.637      0.634      5.875      0.409  0.27862135   0.12674570
3.750 1.425 0.87319      2.925      0.701      7.509      0.426  0.38958853   0.11443798
3.750 1.475 0.86314      3.817      0.674      7.125      0.395  0.53579438   0.12283850
3.750 1.525 0.85332      1.956      0.813      7.238      0.520  0.27022296   0.13115793
3.750 1.575 0.84372      1.406      0.665      6.753      0.419  0.20828360   0.11099333
3.750 1.625 0.83434      0.540      0.588      6.749      0.379  0.08000697   0.09153239
3.750 1.875 0.79037      0.344      0.844      6.631      0.569  0.05188957   0.13175672
3.750 1.925 0.78213      0.501      0.888      6.856      0.599  0.07305866   0.13581663
3.750 1.975 0.77406      0.400      0.886      7.400      0.595  0.05404173   0.12405665
3.750 2.025 0.76615     -0.139      0.950      7.929      0.648 -0.01754575   0.11839710
3.750 2.075 0.75840      2.037      1.034      7.418      0.700  0.27453685   0.16501111
3.750 2.125 0.75081      2.277      1.062      8.132      0.712  0.27999344   0.15482141
3.750 2.175 0.74337      1.466      1.194     10.075      0.799  0.14549330   0.12988159
3.750 2.225 0.73607      2.806      1.271     10.114      0.848  0.27745858   0.14867312
3.750 2.275 0.72892      2.723      1.540      9.608      0.977  0.28343108   0.18879771
3.750 2.325 0.72190     -0.356      1.360     10.472      0.863 -0.03397341   0.12714015
3.750 2.375 0.71502      0.736      1.262      9.009      0.798  0.08166784   0.14725770
3.750 2.425 0.70827      0.211      1.177      8.653      0.744  0.02443309   0.13813427
3.750 2.475 0.70164      0.103      0.868      8.583      0.529  0.01203580   0.10182138
3.750 2.575 0.68876     -0.128      0.848      8.848      0.512 -0.01448575   0.09505679
3.750 2.625 0.68249      1.449      0.927      7.993      0.565  0.18130000   0.12865683
3.750 2.675 0.67633      1.351      0.975      8.664      0.594  0.15593334   0.12310147
3.750 2.725 0.67029      2.875      1.009      8.590      0.606  0.33467019   0.14068818
3.750 2.775 0.66435      2.965      1.063      9.568      0.634  0.30984578   0.13130859
3.750 2.825 0.65852      0.659      1.136     11.304      0.687  0.05832051   0.10393147
3.750 2.875 0.65279      1.711      1.133     11.014      0.677  0.15534176   0.11223624
3.750 2.925 0.64716      0.458      1.139     11.434      0.683  0.04007263   0.10197674
3.750 2.975 0.64162      0.969      1.055     10.684      0.626  0.09064802   0.10391415
3.750 3.050 0.63349      1.001      1.003     10.147      0.588  0.09869686   0.10449002
3.750 3.150 0.62297      1.197      0.954      9.658      0.552  0.12395852   0.10569648
3.750 3.250 0.61279      2.203      1.185      9.093      0.638  0.24226862   0.14706887
3.750 3.350 0.60293      2.444      1.210      8.983      0.650  0.27207783   0.15409514
3.750 3.450 0.59339      1.790      1.227      9.512      0.658  0.18821025   0.14178230
3.750 3.550 0.58415      2.452      1.309      9.297      0.709  0.26371327   0.16065541
3.750 3.650 0.57519      1.797      1.313      9.618      0.706  0.18682726   0.15001112
3.750 3.750 0.56650      0.249      1.288     10.531      0.684  0.02360162   0.12378392
3.750 3.850 0.55807      0.411      1.285     10.327      0.677  0.03976403   0.12696488
