Q^2 	 xB 	 F2  	  errF2  	  F1  	  errF1  	  FL  	  errFL
0.75	0.62783	0.0971977	0.0256268 	 0.185392 	 0.0384386 	 0.0442944 	 0.0548399
0.75	0.60261	0.180504	0.0348837 	 0.243683 	 0.0515284 	 0.194575 	 0.0710437
0.75	0.57933	0.243592	0.0460584 	 0.433374 	 0.0673032 	 0.125317 	 0.0894091
0.75	0.55779	0.284263	0.0536306 	 0.70329 	 0.0777697 	 -0.0850553 	 0.099451
0.75	0.53779	0.285642	0.0499136 	 0.519143 	 0.0717083 	 0.115148 	 0.088899
0.75	0.51918	0.244109	0.0441919 	 0.56113 	 0.0631796 	 -0.0296045 	 0.0756332
0.75	0.50181	0.210761	0.0304694 	 0.355045 	 0.0427038 	 0.103617 	 0.0508391
0.75	0.48556	0.187208	0.0273862 	 0.342755 	 0.0381949 	 0.0615881 	 0.0442013
0.75	0.47034	0.16917	0.0249387 	 0.313226 	 0.0346155 	 0.0502366 	 0.0390462
0.75	0.45604	0.16579	0.0237904 	 0.27626 	 0.0328807 	 0.0757091 	 0.0362162
0.75	0.44258	0.162125	0.0231041 	 0.295065 	 0.0318559 	 0.0500483 	 0.0342351
0.75	0.4299	0.166057	0.0232497 	 0.297516 	 0.0319944 	 0.0543467 	 0.0335998
0.75	0.41792	0.164668	0.0220834 	 0.304751 	 0.0302973 	 0.0449809 	 0.0312119
0.75	0.40659	0.166972	0.0218181 	 0.328577 	 0.0298937 	 0.0293834 	 0.0301808
0.75	0.39586	0.186578	0.0145784 	 0.320137 	 0.0194177 	 0.0703961 	 0.0200993
0.75	0.38568	0.196037	0.0157027 	 0.401711 	 0.020953 	 0.0230872 	 0.0212143
0.75	0.37602	0.227593	0.0166613 	 0.424357 	 0.0224172 	 0.0595497 	 0.0220068
0.75	0.36682	0.276823	0.0192885 	 0.465615 	 0.0257476 	 0.110119 	 0.0251761
0.75	0.35806	0.334006	0.0216804 	 0.497343 	 0.0288881 	 0.178907 	 0.0278979
0.75	0.34972	0.324572	0.0222301 	 0.6359 	 0.029781 	 0.0661813 	 0.0281212
0.75	0.34175	0.304468	0.0204597 	 0.586744 	 0.0274493 	 0.07039 	 0.025526
0.75	0.33414	0.274127	0.018376 	 0.557001 	 0.024735 	 0.0455964 	 0.0226112
0.75	0.32686	0.26308	0.0170759 	 0.512749 	 0.0230013 	 0.0598532 	 0.0207702
0.75	0.31988	0.254827	0.0162486 	 0.487676 	 0.0219203 	 0.0652576 	 0.0195441
0.75	0.31321	0.251671	0.0159114 	 0.504706 	 0.0215584 	 0.0514333 	 0.0189138
0.75	0.3068	0.258383	0.0158297 	 0.498351 	 0.0214362 	 0.066786 	 0.0186547
0.75	0.30065	0.263535	0.014511 	 0.509099 	 0.0192772 	 0.0692582 	 0.0171135
0.75	0.29474	0.285114	0.0148942 	 0.543502 	 0.0197819 	 0.0810236 	 0.0174279
0.75	0.28906	0.311156	0.0156197 	 0.589272 	 0.020703 	 0.0925565 	 0.0181576
0.75	0.2836	0.32624	0.0164344 	 0.678732 	 0.021821 	 0.0644613 	 0.0189581
0.75	0.27834	0.361302	0.0180064 	 0.701585 	 0.0243208 	 0.102169 	 0.0204869
0.75	0.27326	0.353528	0.0173276 	 0.690443 	 0.0234092 	 0.100133 	 0.0195961
0.75	0.26838	0.339786	0.0165106 	 0.693037 	 0.0223637 	 0.0827019 	 0.0185489
0.75	0.26366	0.329822	0.0157159 	 0.678812 	 0.0213144 	 0.0795234 	 0.0175559
0.75	0.25689	0.312476	0.0203877 	 0.605205 	 0.0291656 	 0.0983544 	 0.0221044
0.75	0.24838	0.29751	0.0214963 	 0.596417 	 0.0297415 	 0.08741 	 0.0234581
0.75	0.24042	0.291347	0.0207032 	 0.617007 	 0.0286752 	 0.073735 	 0.0224216
0.75	0.23295	0.293295	0.0202226 	 0.639313 	 0.0279814 	 0.0701676 	 0.0217703
0.75	0.22593	0.30268	0.0198915 	 0.649622 	 0.027351 	 0.0816833 	 0.0213382
0.75	0.21932	0.320692	0.0197293 	 0.660969 	 0.0268928 	 0.103191 	 0.0211132
0.75	0.21309	0.325498	0.0480436 	 0.691092 	 0.081342 	 0.100363 	 0.0468566
0.75	0.20721	0.324237	0.0457617 	 0.737744 	 0.0781231 	 0.0838654 	 0.0444452
0.75	0.20163	0.316785	0.0294294 	 0.752511 	 0.0483275 	 0.073796 	 0.0291287
1.75	0.79741	0.031709	0.0080952 	 0.0509247 	 0.00667251 	 -0.00893478 	 0.0150757
1.75	0.77965	0.0708546	0.00988817 	 0.0871091 	 0.00781299 	 0.0216911 	 0.0182982
1.75	0.76266	0.0990323	0.012265 	 0.100491 	 0.00954473 	 0.06166 	 0.0222862
1.75	0.7464	0.113557	0.0132404 	 0.122254 	 0.0102061 	 0.0583594 	 0.0235914
1.75	0.73081	0.105428	0.013373 	 0.134623 	 0.0101223 	 0.0219635 	 0.0234711
1.75	0.71587	0.0986458	0.0120905 	 0.121051 	 0.00910207 	 0.0270565 	 0.0208154
1.75	0.70152	0.0879897	0.0106128 	 0.115907 	 0.00797183 	 0.0125026 	 0.017918
1.75	0.68773	0.0852569	0.010589 	 0.105152 	 0.00795485 	 0.0217662 	 0.0175328
1.75	0.67448	0.0891253	0.0105291 	 0.100579 	 0.00784919 	 0.0350351 	 0.0171646
1.75	0.66173	0.0925086	0.0112312 	 0.0923687 	 0.00840948 	 0.0517746 	 0.0179583
1.75	0.64945	0.0966004	0.011311 	 0.0930689 	 0.00839957 	 0.057701 	 0.0178391
1.75	0.63762	0.0987727	0.0115959 	 0.0969618 	 0.00863578 	 0.0559284 	 0.0179776
1.75	0.62621	0.102913	0.00681916 	 0.10823 	 0.00443256 	 0.0485692 	 0.0108638
1.75	0.6152	0.104868	0.00710217 	 0.116432 	 0.00462527 	 0.0414754 	 0.0111417
1.75	0.60458	0.107245	0.00733193 	 0.129124 	 0.00483641 	 0.0299926 	 0.0113012
1.75	0.59431	0.118742	0.00766111 	 0.141327 	 0.00525011 	 0.0351512 	 0.0115251
1.75	0.58439	0.138963	0.00854638 	 0.161691 	 0.00581927 	 0.045477 	 0.0127146
1.75	0.57479	0.170284	0.00973104 	 0.182806 	 0.00653207 	 0.0733401 	 0.0143549
1.75	0.5655	0.204674	0.0110656 	 0.214045 	 0.00732982 	 0.0942949 	 0.0161869
1.75	0.55651	0.217799	0.0115612 	 0.228891 	 0.00761477 	 0.0987712 	 0.0167432
1.75	0.5478	0.199764	0.0110473 	 0.228539 	 0.00731471 	 0.0700025 	 0.0158022
1.75	0.53936	0.178154	0.0102189 	 0.214497 	 0.00677507 	 0.0510582 	 0.0144587
1.75	0.53117	0.16254	0.00988149 	 0.208444 	 0.00662319 	 0.0333811 	 0.0138015
1.75	0.52323	0.15494	0.00997589 	 0.208041 	 0.00674516 	 0.0225888 	 0.0137675
1.75	0.51553	0.154839	0.0101108 	 0.210666 	 0.00679521 	 0.0204368 	 0.0138463
1.75	0.50804	0.155536	0.0101295 	 0.214169 	 0.00676784 	 0.0187036 	 0.0137687
1.75	0.50077	0.166769	0.0104658 	 0.227099 	 0.00695978 	 0.0234738 	 0.0141201
1.75	0.49371	0.180635	0.0111063 	 0.236235 	 0.00729512 	 0.0359693 	 0.0149043
1.75	0.48684	0.204318	0.0119145 	 0.257307 	 0.00774511 	 0.0512277 	 0.0158991
1.75	0.48016	0.228636	0.0101951 	 0.269637 	 0.00799731 	 0.0757698 	 0.0127973
1.75	0.47367	0.254182	0.0105076 	 0.295171 	 0.00792206 	 0.0893115 	 0.0132772
1.75	0.46734	0.267486	0.0106707 	 0.305505 	 0.00801036 	 0.0994931 	 0.013412
1.75	0.46118	0.259215	0.0103934 	 0.310432 	 0.00783757 	 0.0838235 	 0.0129619
1.75	0.45518	0.252667	0.00971321 	 0.28688 	 0.0072824 	 0.0968432 	 0.0120608
1.75	0.44647	0.225001	0.0155702 	 0.30955 	 0.0128911 	 0.0388419 	 0.0185315
1.75	0.43537	0.219032	0.0157182 	 0.298872 	 0.0132218 	 0.0423338 	 0.0184098
1.75	0.4248	0.227726	0.0126176 	 0.298861 	 0.0117766 	 0.0565057 	 0.0139896
1.75	0.41473	0.2373	0.012803 	 0.31282 	 0.0119985 	 0.0599602 	 0.0140702
1.75	0.40513	0.246185	0.0129786 	 0.327043 	 0.0122209 	 0.0625028 	 0.0141432
1.75	0.39596	0.24963	0.0133666 	 0.340798 	 0.0127442 	 0.0585002 	 0.0143989
1.75	0.3872	0.258272	0.013397 	 0.352736 	 0.0128142 	 0.0630292 	 0.01434
1.75	0.37882	0.266495	0.0135966 	 0.372529 	 0.0130849 	 0.0612068 	 0.0144489
1.75	0.37079	0.26765	0.0133775 	 0.383783 	 0.0129057 	 0.05709 	 0.0141449
2.5	0.84901	0.0177292	0.00341764 	 0.0191753 	 0.00200949 	 0.00316987 	 0.00598304
2.5	0.83484	0.0395126	0.00443675 	 0.03708 	 0.00256165 	 0.0163908 	 0.00768191
2.5	0.82113	0.0538154	0.00517593 	 0.0473412 	 0.0028813 	 0.0271792 	 0.00891356
2.5	0.80786	0.0628682	0.00563835 	 0.052057 	 0.00310084 	 0.0365523 	 0.00959197
2.5	0.79502	0.0540158	0.0054103 	 0.0557719 	 0.00298511 	 0.0134262 	 0.00905892
2.5	0.78257	0.053431	0.00496144 	 0.0517598 	 0.00271214 	 0.0185108 	 0.00820871
2.5	0.77051	0.0542329	0.00458403 	 0.0473577 	 0.00247592 	 0.0266058 	 0.00750302
2.5	0.75882	0.0534163	0.00474663 	 0.0479655 	 0.00258546 	 0.0239459 	 0.00764871
2.5	0.74748	0.0592696	0.00478578 	 0.0458367 	 0.00257492 	 0.037391 	 0.00763691
2.5	0.73647	0.0554824	0.00503136 	 0.0505759 	 0.00272338 	 0.0233752 	 0.00791702
2.5	0.72578	0.0565998	0.00514309 	 0.0559498 	 0.00276191 	 0.0173808 	 0.00801205
2.5	0.71539	0.0581927	0.00545612 	 0.0605046 	 0.00293479 	 0.0135739 	 0.00839808
2.5	0.7053	0.0641417	0.00370699 	 0.0646726 	 0.00232337 	 0.0178579 	 0.00538562
2.5	0.69549	0.0690298	0.00393672 	 0.0677534 	 0.00245897 	 0.0218185 	 0.0056667
2.5	0.68595	0.071499	0.00428739 	 0.0763884 	 0.0026427 	 0.0140891 	 0.00613819
2.5	0.67666	0.0856048	0.00853229 	 0.0775925 	 0.00566023 	 0.0358072 	 0.0117604
2.5	0.66763	0.0996133	0.00751948 	 0.0887268 	 0.00479859 	 0.0436812 	 0.0104296
2.5	0.65883	0.123471	0.00876885 	 0.099696 	 0.00555117 	 0.067595 	 0.0120895
2.5	0.65026	0.143917	0.00814272 	 0.123769 	 0.00551389 	 0.0686694 	 0.0108343
2.5	0.64192	0.144987	0.00861956 	 0.13715 	 0.00601709 	 0.0530614 	 0.0112204
2.5	0.63378	0.126655	0.00800046 	 0.140756 	 0.00563409 	 0.0198984 	 0.010292
2.5	0.62585	0.113525	0.00733121 	 0.134147 	 0.00518949 	 0.00824677 	 0.00933911
2.5	0.61811	0.102133	0.00693823 	 0.131718 	 0.00494321 	 -0.00573641 	 0.0087493
2.5	0.61056	0.0997116	0.00675698 	 0.129096 	 0.00482607 	 -0.00557208 	 0.0084536
2.5	0.6032	0.101775	0.00692758 	 0.12658 	 0.00497728 	 0.00122922 	 0.00858683
2.5	0.59601	0.110561	0.00687107 	 0.121349 	 0.00489445 	 0.0212303 	 0.00849933
2.5	0.58898	0.120158	0.0071202 	 0.129126 	 0.00497685 	 0.0267661 	 0.00883043
2.5	0.58213	0.136037	0.00771575 	 0.136902 	 0.0053753 	 0.0415819 	 0.00952706
2.5	0.57543	0.151392	0.00811501 	 0.142583 	 0.00561551 	 0.0579085 	 0.00999206
2.5	0.56888	0.172998	0.00898055 	 0.157825 	 0.00615626 	 0.0722918 	 0.0110398
2.5	0.56248	0.18873	0.00956624 	 0.175156 	 0.00655276 	 0.0757929 	 0.0117009
2.5	0.55622	0.188399	0.00976395 	 0.185806 	 0.00672132 	 0.0638024 	 0.0118585
2.5	0.5501	0.18111	0.00963318 	 0.195695 	 0.00666198 	 0.0430045 	 0.0116209
2.5	0.54412	0.174279	0.00904292 	 0.194416 	 0.00639526 	 0.0353872 	 0.0107594
2.5	0.53538	0.16997	0.0103222 	 0.176273 	 0.00763967 	 0.0498478 	 0.0119597
2.5	0.52415	0.165126	0.0201223 	 0.192536 	 0.0156501 	 0.0271913 	 0.0225781
2.5	0.51339	0.169309	0.0218855 	 0.199727 	 0.0172055 	 0.0270904 	 0.0242599
2.5	0.50306	0.177426	0.0184422 	 0.205613 	 0.014266 	 0.0338011 	 0.0204889
2.5	0.49314	0.187901	0.0196188 	 0.205666 	 0.0153016 	 0.0494206 	 0.0215869
2.5	0.4836	0.197829	0.0196837 	 0.205818 	 0.0153736 	 0.0639311 	 0.0215329
2.5	0.47442	0.199638	0.0199399 	 0.220468 	 0.0156533 	 0.0537408 	 0.021658
2.5	0.46558	0.20707	0.0198256 	 0.227383 	 0.0155665 	 0.0585632 	 0.0214386
2.5	0.45707	0.196365	0.0226151 	 0.256325 	 0.0172074 	 0.0198319 	 0.024684
3.75	0.89401	0.00559658	0.00137539 	 0.0071795 	 0.000751043 	 -0.00304008 	 0.00199838
3.75	0.88348	0.016885	0.00169587 	 0.0129513 	 0.000901634 	 0.0063765 	 0.00246958
3.75	0.87319	0.0257765	0.00202648 	 0.0182276 	 0.00103409 	 0.0123997 	 0.0029717
3.75	0.86314	0.0294551	0.00210298 	 0.0188835 	 0.00104688 	 0.0174635 	 0.00308368
3.75	0.85332	0.0267748	0.00281049 	 0.020796 	 0.00149405 	 0.0095912 	 0.00398653
3.75	0.84372	0.0255479	0.00246114 	 0.0209076 	 0.00129725 	 0.00734551 	 0.00347423
3.75	0.83434	0.0244098	0.00234273 	 0.0223984 	 0.00125782 	 0.00299051 	 0.00325633
3.75	0.79037	0.0308079	0.00449591 	 0.0293972 	 0.00252254 	 0.00241071 	 0.00591465
3.75	0.78213	0.0340334	0.00495509 	 0.0319222 	 0.002789 	 0.00364895 	 0.00646761
3.75	0.77406	0.0377016	0.0051586 	 0.0361038 	 0.00290294 	 0.00302125 	 0.00669206
3.75	0.76615	0.0392589	0.0057954 	 0.0404525 	 0.00330599 	 -0.00108664 	 0.00742667
3.75	0.7584	0.0495838	0.00654821 	 0.0394992 	 0.00372735 	 0.0164521 	 0.00835123
3.75	0.75081	0.0566976	0.00696444 	 0.0451129 	 0.00394988 	 0.0189682 	 0.00884684
3.75	0.74337	0.0651854	0.00811458 	 0.0581367 	 0.00461055 	 0.0125769 	 0.0102434
3.75	0.73607	0.0755545	0.00893509 	 0.0606172 	 0.0050824 	 0.0247577 	 0.0112142
3.75	0.72892	0.0745496	0.011026 	 0.0597247 	 0.00607317 	 0.0246762 	 0.0139557
3.75	0.7219	0.0631451	0.0100542 	 0.0674306 	 0.00555697 	 -0.00330967 	 0.0126437
3.75	0.71502	0.0627251	0.00961077 	 0.0600172 	 0.00531621 	 0.00701173 	 0.0120228
3.75	0.70827	0.058764	0.00923114 	 0.0595734 	 0.00512222 	 0.00205777 	 0.0114787
3.75	0.70164	0.0592461	0.0069334 	 0.0610054 	 0.00375998 	 0.00102733 	 0.00865752
3.75	0.68876	0.0627675	0.0071303 	 0.0668307 	 0.00386724 	 -0.0013318 	 0.00882317
3.75	0.68249	0.0697232	0.00801655 	 0.0621547 	 0.00439352 	 0.0153801 	 0.00983944
3.75	0.67633	0.0758037	0.00864149 	 0.0693051 	 0.00475153 	 0.0146181 	 0.0105497
3.75	0.67029	0.088873	0.00912368 	 0.0706262 	 0.00498248 	 0.0316886 	 0.0111213
3.75	0.66435	0.0994226	0.00981858 	 0.0808005 	 0.00535405 	 0.0332694 	 0.0119276
3.75	0.65852	0.0970461	0.0107696 	 0.0979787 	 0.00595465 	 0.00752288 	 0.0129681
3.75	0.65279	0.105489	0.0109414 	 0.097919 	 0.00601881 	 0.0198598 	 0.0131509
3.75	0.64716	0.100676	0.0112434 	 0.1042 	 0.00622429 	 0.00540227 	 0.0134349
3.75	0.64162	0.100686	0.0105995 	 0.0997477 	 0.00584445 	 0.0116092 	 0.0126395
3.75	0.63349	0.0992042	0.0103462 	 0.0981266 	 0.00568626 	 0.0122646 	 0.0122891
3.75	0.62297	0.100273	0.0101815 	 0.0977011 	 0.00558407 	 0.015087 	 0.0120242
3.75	0.61279	0.108101	0.0128794 	 0.0960385 	 0.00673843 	 0.0285164 	 0.015339
3.75	0.60293	0.11308	0.0135923 	 0.0988837 	 0.00715512 	 0.0324415 	 0.0160615
3.75	0.59339	0.115452	0.0142226 	 0.108946 	 0.00753645 	 0.0243312 	 0.0166785
3.75	0.58415	0.123696	0.0156731 	 0.110626 	 0.00843649 	 0.0340871 	 0.0181974
3.75	0.57519	0.123683	0.0161527 	 0.118733 	 0.00871548 	 0.0255197 	 0.0186463
3.75	0.5665	0.120045	0.0162401 	 0.134698 	 0.0087488 	 0.00360846 	 0.0186654
3.75	0.55807	0.122742	0.0166022 	 0.136692 	 0.008961 	 0.00607195 	 0.0189841
