ϕ (deg)	xB=0.378	xB=0.392	xB=0.398	xB=0.400	xB=0.401
	Q2=2.012GeV2	Q2=2.054GeV2	Q2=2.074GeV2	Q2=2.084GeV2	Q2=2.091GeV2
	t=-0.192GeV2	t=-0.233GeV2	t=-0.279GeV2	t=-0.324GeV2	t=-0.371GeV2
7.5	64.0 ± 6.3 	+1.1	57.0 ± 3.8 	+0.1	56.3 ± 4.4 	+1.4	50.5 ± 5.9 	+2.1	53.3 ± 9.0 	+14.2
		-0.9		-1.2		-1.7		-1.3		-5.3
22.5	68.2 ± 6.2 	+1.8	55.1 ± 3.6 	+0.0	45.2 ± 3.8 	+0.1	51.7 ± 5.1 	+0.8	52.0 ± 6.9 	+8.6
		-2.0		-2.5		-0.9		-1.7		-5.5
37.5	52.8 ± 5.6 	+0.0	48.2 ± 3.3 	+0.5	44.9 ± 3.5 	+1.4	36.2 ± 4.0 	+1.0	36.9 ± 4.8 	+3.7
		-4.6		-1.3		-0.5		-0.0		-7.5
52.5	52.4 ± 5.8 	+0.6	51.4 ± 3.3 	+3.3	41.2 ± 3.4 	+0.0	36.4 ± 3.8 	+0.0	33.8 ± 4.1 	+3.4
		-2.8		-0.1		-4.4		-2.7		-7.9
67.5	53.0 ± 5.4 	+1.3	42.0 ± 3.0 	+0.0	34.6 ± 3.0 	+0.0	30.7 ± 3.2 	+0.0	31.0 ± 3.5 	+3.1
		-0.5		-3.0		-1.5		-3.2		-5.1
82.5	47.3 ± 5.1 	+2.3	41.4 ± 2.9 	+0.0	30.9 ± 2.9 	+3.3	24.9 ± 3.0 	+1.8	22.0 ± 3.0 	+2.2
		-0.0		-3.0		-0.0		-0.0		-6.1
97.5	48.2 ± 4.9 	+3.3	32.8 ± 2.7 	+0.3	30.5 ± 2.7 	+0.5	26.4 ± 2.9 	+0.4	27.4 ± 3.2 	+2.7
		-0.0		-2.6		-2.0		-1.4		-5.4
112.5	46.9 ± 4.7 	+4.8	33.9 ± 2.6 	+0.0	28.9 ± 2.5 	+0.0	20.0 ± 2.5 	+0.0	24.0 ± 3.1 	+3.7
		-1.3		-2.9		-1.2		-1.2		-2.6
127.5	45.8 ± 4.6 	+0.0	28.0 ± 2.3 	+0.0	23.1 ± 2.2 	+0.0	24.5 ± 2.6 	+0.0	19.7 ± 3.0 	+2.0
		-1.5		-2.3		-3.4		-1.8		-3.5
142.5	36.5 ± 4.2 	+1.0	27.3 ± 2.3 	+0.0	23.2 ± 2.2 	+0.0	18.9 ± 2.4 	+0.3	16.2 ± 3.2 	+1.6
		-0.0		-1.0		-1.4		-0.7		-4.2
157.5	33.2 ± 4.0 	+0.7	27.6 ± 2.2 	+0.0	25.4 ± 2.3 	+0.0	20.0 ± 2.7 	+0.0	15.5 ± 3.6 	+4.3
		-1.3		-1.7		-2.8		-1.6		-1.6
172.5	36.3 ± 4.1 	+0.0	26.7 ± 2.2 	+1.6	24.2 ± 2.2 	+0.0	18.5 ± 2.6 	+0.3	15.9 ± 3.9 	+1.7
		-3.1		-0.3		-2.3		-1.2		-2.7
187.5	35.6 ± 4.1 	+0.3	26.6 ± 2.2 	+0.2	22.4 ± 2.1 	+0.0	16.6 ± 2.6 	+0.5	17.4 ± 4.0 	+1.7
		-0.8		-1.0		-0.9		-0.4		-5.2
202.5	37.7 ± 4.3 	+0.0	30.9 ± 2.3 	+1.3	20.4 ± 2.0 	+0.0	22.8 ± 2.8 	+1.5	17.2 ± 3.4 	+1.7
		-4.5		-0.0		-1.1		-0.3		-4.7
217.5	43.6 ± 4.5 	+1.1	28.3 ± 2.3 	+0.8	29.1 ± 2.4 	+0.0	22.1 ± 2.6 	+0.0	22.2 ± 3.2 	+2.5
		-1.0		-0.0		-5.0		-2.9		-3.1
232.5	38.1 ± 4.4 	+0.0	25.6 ± 2.3 	+0.0	21.6 ± 2.2 	+0.0	20.8 ± 2.6 	+1.0	17.1 ± 2.7 	+3.2
		-3.5		-1.5		-1.2		-0.0		-1.8
247.5	37.7 ± 4.3 	+0.9	30.5 ± 2.5 	+1.7	26.7 ± 2.5 	+0.0	28.1 ± 2.9 	+0.0	22.6 ± 3.0 	+2.3
		-1.8		-0.0		-3.1		-4.2		-7.0
262.5	43.4 ± 4.6 	+0.0	34.3 ± 2.7 	+0.7	30.0 ± 2.7 	+0.0	24.8 ± 2.9 	+1.2	19.5 ± 2.9 	+2.4
		-8.3		-1.1		-2.2		-0.2		-3.6
277.5	44.1 ± 4.9 	+1.0	34.5 ± 2.8 	+0.0	34.9 ± 2.8 	+0.0	28.2 ± 3.1 	+0.4	23.7 ± 3.1 	+2.7
		-0.8		-0.9		-4.2		-1.1		-3.4
292.5	50.5 ± 5.3 	+2.3	41.8 ± 3.0 	+0.2	30.5 ± 2.7 	+1.4	27.0 ± 3.0 	+3.6	27.2 ± 3.5 	+3.1
		-0.0		-0.6		-0.2		-0.0		-4.1
307.5	57.7 ± 5.8 	+0.3	43.2 ± 3.2 	+0.0	35.9 ± 3.0 	+1.6	39.3 ± 3.6 	+0.0	29.7 ± 3.8 	+3.2
		-3.4		-3.8		-0.0		-1.4		-5.8
322.5	62.1 ± 5.9 	+0.9	53.2 ± 3.5 	+0.0	41.0 ± 3.3 	+0.0	39.5 ± 4.1 	+0.6	31.6 ± 4.8 	+3.2
		-0.9		-2.5		-0.8		-2.2		-7.7
337.5	62.3 ± 5.9 	+1.5	53.2 ± 3.5 	+2.3	46.9 ± 3.8 	+1.4	41.4 ± 5.0 	+0.9	33.4 ± 6.4 	+7.9
		-0.0		-0.3		-0.7		-1.2		-3.3
352.5	65.4 ± 6.0 	+0.0	55.5 ± 3.7 	+0.0	44.0 ± 4.1 	+0.3	37.4 ± 5.5 	+0.0	43.6 ± 8.8 	+7.3
		-1.5		-1.5		-1.6		-9.8		-4.4
