ϕ (deg)	xB=0.378	xB=0.392	xB=0.398	xB=0.400	xB=0.401
	Q2=2.012GeV2	Q2=2.054GeV2	Q2=2.074GeV2	Q2=2.084GeV2	Q2=2.091GeV2
	t=-0.192GeV2	t=-0.233GeV2	t=-0.279GeV2	t=-0.324GeV2	t=-0.371GeV2
7.5	-2.8 ± 9.1 	+4.3	-2.4 ± 5.1 	+0.0	-0.2 ± 5.9 	+0.8	3.8 ± 7.7 	+6.9	-9.0 ± 11.9 	+1.1
		-2.5		-3.5		-1.0		-0.0		-3.2
22.5	2.7 ± 8.8 	+0.7	-0.6 ± 4.8 	+0.5	1.4 ± 5.0 	+0.0	-1.2 ± 6.8 	+0.0	0.9 ± 9.2 	+2.7
		-5.6		-2.4		-4.0		-3.5		-1.1
37.5	-6.0 ± 7.9 	+3.6	4.1 ± 4.4 	+1.6	13.3 ± 4.6 	+4.3	5.5 ± 5.2 	+2.0	0.4 ± 6.2 	+1.4
		-0.0		-1.1		-0.0		-3.0		-0.0
52.5	7.2 ± 8.1 	+2.6	13.7 ± 4.5 	+2.6	11.2 ± 4.4 	+2.3	12.3 ± 4.8 	+1.9	8.3 ± 5.3 	+2.0
		-2.5		-0.4		-0.0		-1.2		-0.4
67.5	-5.9 ± 7.7 	+2.2	5.0 ± 4.1 	+1.1	6.0 ± 3.9 	+0.6	8.4 ± 4.2 	+0.4	5.9 ± 4.5 	+0.6
		-0.7		-0.0		-1.4		-2.0		-1.0
82.5	18.2 ± 7.2 	+0.7	12.4 ± 4.0 	+0.1	10.6 ± 3.7 	+0.2	3.5 ± 3.7 	+0.0	7.9 ± 3.8 	+0.0
		-1.9		-3.3		-1.8		-1.4		-1.7
97.5	-0.8 ± 7.3 	+4.8	4.6 ± 3.6 	+3.2	4.2 ± 3.5 	+0.2	7.2 ± 3.7 	+1.8	3.3 ± 4.0 	+0.9
		-0.6		-0.0		-1.8		-0.0		-0.2
112.5	14.0 ± 6.7 	+2.8	-0.6 ± 3.6 	+0.0	7.2 ± 3.3 	+1.0	-1.1 ± 3.1 	+2.4	6.5 ± 3.9 	+1.8
		-0.0		-2.5		-1.1		-0.0		-0.5
127.5	-0.3 ± 6.7 	+2.9	3.0 ± 3.1 	+0.0	7.3 ± 2.8 	+3.5	11.1 ± 3.2 	+0.0	-1.5 ± 3.6 	+2.9
		-0.7		-1.6		-0.0		-4.8		-0.0
142.5	1.6 ± 6.0 	+0.0	4.8 ± 3.1 	+0.2	4.8 ± 2.8 	+2.9	3.3 ± 3.0 	+1.8	6.1 ± 3.8 	+0.0
		-4.0		-1.7		-0.0		-0.0		-3.8
157.5	-9.0 ± 5.9 	+2.5	4.9 ± 3.0 	+0.1	5.6 ± 2.9 	+2.1	5.3 ± 3.3 	+0.1	-2.7 ± 4.2 	+0.6
		-2.4		-1.2		-0.8		-1.5		-0.6
172.5	-4.9 ± 5.9 	+0.0	1.0 ± 3.0 	+0.8	0.6 ± 2.8 	+1.5	-0.7 ± 3.2 	+1.5	-8.4 ± 4.5 	+0.1
		-3.1		-1.5		-0.1		-0.3		-2.0
187.5	-2.7 ± 6.0 	+1.4	2.5 ± 3.0 	+0.6	1.4 ± 2.7 	+0.4	-0.5 ± 3.2 	+2.2	2.9 ± 4.7 	+4.7
		-3.3		-1.1		-1.1		-0.7		-0.0
202.5	6.7 ± 6.3 	+0.9	-1.0 ± 3.2 	+0.0	1.7 ± 2.6 	+0.0	1.0 ± 3.4 	+1.8	3.8 ± 4.1 	+0.0
		-4.1		-3.2		-1.4		-0.0		-1.4
217.5	-0.8 ± 6.6 	+0.5	1.3 ± 3.1 	+0.0	-5.0 ± 3.1 	+1.9	-1.2 ± 3.2 	+0.0	0.8 ± 3.9 	+2.6
		-10.0		-2.6		-0.0		-1.6		-0.0
232.5	-8.7 ± 6.3 	+2.6	-1.1 ± 3.1 	+0.0	-4.3 ± 2.8 	+0.3	0.3 ± 3.2 	+3.2	-6.6 ± 3.2 	+0.5
		-0.0		-4.4		-1.0		-0.7		-0.2
247.5	-12.9 ± 6.2 	+0.5	-10.3 ± 3.4 	+0.0	-6.8 ± 3.2 	+0.4	-6.6 ± 3.7 	+1.6	-3.0 ± 3.7 	+0.0
		-4.0		-2.8		-0.2		-1.2		-3.2
262.5	-4.0 ± 6.5 	+0.3	-2.4 ± 3.7 	+2.5	-8.4 ± 3.5 	+1.9	-7.9 ± 3.6 	+1.3	-0.1 ± 3.7 	+3.5
		-3.8		-0.0		-0.4		-1.1		-0.4
277.5	-1.2 ± 6.9 	+0.6	-12.5 ± 3.7 	+0.0	-9.4 ± 3.7 	+2.4	4.4 ± 3.8 	+3.4	-3.2 ± 3.9 	+0.4
		-2.9		-3.0		-0.6		-0.0		-1.0
292.5	-6.0 ± 7.4 	+0.6	-13.8 ± 4.1 	+2.6	-7.3 ± 3.5 	+1.5	-4.5 ± 3.9 	+0.6	-7.4 ± 4.4 	+2.4
		-1.6		-0.0		-0.3		-0.7		-0.6
307.5	0.6 ± 8.3 	+1.7	-5.3 ± 4.2 	+5.0	-6.2 ± 4.0 	+0.5	-4.1 ± 4.8 	+4.7	-7.2 ± 4.9 	+0.8
		-5.6		-0.0		-1.8		-0.2		-1.7
322.5	-2.6 ± 8.3 	+0.0	-15.7 ± 4.6 	+1.1	-10.4 ± 4.3 	+1.0	-14.6 ± 5.3 	+0.0	-5.8 ± 6.2 	+1.0
		-8.0		-1.2		-1.1		-3.9		-2.7
337.5	-14.3 ± 8.6 	+3.4	-1.8 ± 4.8 	+0.8	-14.9 ± 5.0 	+0.0	-0.2 ± 6.5 	+0.0	-1.0 ± 8.4 	+1.2
		-1.6		-0.8		-4.6		-4.5		-10.7
352.5	4.7 ± 8.7 	+7.7	-3.1 ± 5.0 	+0.9	1.0 ± 5.6 	+4.9	-1.7 ± 7.3 	+2.0	-3.8 ± 12.5 	+9.3
		-0.0		-0.8		-0.7		-5.9		-0.0
