ϕ (deg)	xB=0.336	xB=0.342	xB=0.343	xB=0.342	xB=0.342
	Q2=2.161GeV2	Q2=2.190GeV2	Q2=2.194GeV2	Q2=2.191GeV2	Q2=2.193GeV2
	t=-0.171GeV2	t=-0.231GeV2	t=-0.278GeV2	t=-0.324GeV2	t=-0.371GeV2
7.5	7.3 ± 6.5 	+0.0	14.4 ± 10.1 	+0.3	–	–	–
		-8.0		-6.4						
22.5	1.7 ± 6.7 	+2.8	32.4 ± 8.9 	+0.3	–	–	–
		-1.8		-3.2						
37.5	7.6 ± 6.1 	+2.8	16.2 ± 7.9 	+8.5	16.8 ± 8.7 	+0.0	5.3 ± 11.9 	+2.6	-23.9 ± 23.3 	+5.6
		-0.4		-0.0		-7.4		-3.5		-11.7
52.5	22.5 ± 5.6 	+9.3	17.7 ± 6.4 	+3.3	11.7 ± 7.4 	+6.6	16.5 ± 9.0 	+0.0	7.7 ± 12.1 	+10.5
		-0.0		-2.7		-1.6		-4.3		-0.0
67.5	25.8 ± 5.3 	+5.7	20.2 ± 5.8 	+2.9	12.5 ± 6.5 	+0.0	17.9 ± 8.0 	+0.0	5.9 ± 8.6 	+0.2
		-0.0		-1.6		-4.6		-5.4		-4.5
82.5	14.9 ± 5.1 	+3.2	8.7 ± 5.0 	+0.7	17.9 ± 5.4 	+0.9	13.0 ± 5.5 	+4.5	0.2 ± 6.1 	+3.9
		-0.4		-3.4		-0.9		-0.7		-1.3
97.5	14.2 ± 4.5 	+3.3	21.1 ± 4.8 	+0.4	13.5 ± 4.6 	+2.4	12.5 ± 4.9 	+5.0	12.7 ± 5.3 	+0.9
		-0.0		-0.8		-0.0		-0.2		-3.4
112.5	23.3 ± 4.2 	+0.0	18.6 ± 4.0 	+1.4	11.3 ± 4.2 	+0.2	1.5 ± 4.2 	+3.8	-3.2 ± 4.3 	+1.0
		-2.6		-0.6		-2.0		-0.0		-1.0
127.5	11.3 ± 4.2 	+0.8	11.5 ± 3.6 	+0.1	2.3 ± 3.3 	+1.2	9.5 ± 3.9 	+0.1	5.1 ± 3.6 	+0.1
		-3.8		-4.6		-0.8		-0.7		-2.0
142.5	7.0 ± 3.9 	+1.2	10.7 ± 3.5 	+1.6	5.7 ± 3.4 	+1.7	7.8 ± 3.7 	+0.0	4.5 ± 3.5 	+0.6
		-0.2		-0.7		-0.0		-1.1		-1.9
157.5	-3.1 ± 3.7 	+1.2	6.4 ± 3.5 	+0.2	4.1 ± 3.5 	+0.2	7.2 ± 3.6 	+0.0	3.8 ± 3.7 	+0.5
		-0.0		-0.9		-3.0		-1.0		-0.4
172.5	4.5 ± 3.7 	+4.0	1.4 ± 3.4 	+3.6	0.8 ± 3.6 	+0.5	0.8 ± 3.4 	+0.4	-0.2 ± 3.9 	+3.4
		-0.3		-0.0		-0.9		-1.9		-0.0
187.5	-1.7 ± 3.5 	+0.1	-1.2 ± 3.4 	+2.2	2.5 ± 3.6 	+0.3	-0.2 ± 3.4 	+0.0	8.5 ± 3.6 	+1.3
		-2.5		-0.5		-1.9		-1.0		-0.3
202.5	-2.1 ± 3.6 	+1.8	1.4 ± 3.6 	+0.5	-3.3 ± 3.3 	+0.9	-9.4 ± 3.8 	+2.5	0.5 ± 3.8 	+0.0
		-1.3		-1.1		-0.1		-0.0		-3.6
217.5	-9.2 ± 3.9 	+0.6	-9.5 ± 3.7 	+0.0	-6.3 ± 3.6 	+1.4	-7.3 ± 3.4 	+1.2	-4.1 ± 3.4 	+2.6
		-0.7		-2.2		-0.0		-0.0		-0.2
232.5	-13.5 ± 4.1 	+2.6	-3.8 ± 3.8 	+0.0	-3.4 ± 3.7 	+0.6	-3.9 ± 3.8 	+0.9	-7.9 ± 3.8 	+1.3
		-0.0		-2.1		-0.5		-0.8		-0.2
247.5	-6.8 ± 4.1 	+2.4	-8.4 ± 4.0 	+0.0	-3.6 ± 3.8 	+0.2	-0.6 ± 3.8 	+1.8	-4.9 ± 4.2 	+2.1
		-0.0		-1.8		-0.9		-0.0		-0.5
262.5	-22.7 ± 4.5 	+2.2	-11.2 ± 4.5 	+0.9	-19.1 ± 4.3 	+0.0	-3.0 ± 4.8 	+0.7	-0.9 ± 4.4 	+2.0
		-0.8		-0.7		-5.1		-2.0		-0.1
277.5	-19.9 ± 4.8 	+0.4	-22.1 ± 4.8 	+2.2	-14.7 ± 5.0 	+5.1	-19.4 ± 5.6 	+0.0	-4.8 ± 5.7 	+0.0
		-1.4		-0.8		-0.0		-3.1		-2.5
292.5	-17.6 ± 5.4 	+2.3	-21.5 ± 5.4 	+0.8	-16.1 ± 5.5 	+0.5	-20.0 ± 7.1 	+1.5	-15.4 ± 7.7 	+0.0
		-0.5		-1.6		-2.7		-2.7		-3.8
307.5	-23.2 ± 5.5 	+0.0	-27.4 ± 6.3 	+7.9	-3.2 ± 6.9 	+1.1	-21.8 ± 7.8 	+2.2	-9.7 ± 10.6 	+2.2
		-4.8		-0.0		-3.4		-1.8		-1.5
322.5	-19.2 ± 5.9 	+3.5	-17.0 ± 7.2 	+0.0	-2.6 ± 8.1 	+3.4	-26.5 ± 12.3 	+13.9	-19.9 ± 17.6 	+0.0
		-0.0		-2.9		-0.0		-0.0		-25.8
337.5	-4.7 ± 6.2 	+0.4	5.9 ± 8.3 	+0.0	–	–	–
		-0.9		-5.4						
352.5	-4.1 ± 6.5 	+1.8	6.6 ± 9.4 	+2.5	–	–	–
