ϕ (deg)	xB=0.345	xB=0.363	xB=0.368	xB=0.371	xB=0.373
	Q2=2.218GeV2	Q2=2.318GeV2	Q2=2.348GeV2	Q2=2.360GeV2	Q2=2.375GeV2
	t=-0.176GeV2	t=-0.232GeV2	t=-0.279GeV2	t=-0.325GeV2	t=-0.372GeV2
7.5	5.2 ± 5.1 	+0.0	7.4 ± 4.9 	+0.2	11.5 ± 5.9 	+3.9	1.7 ± 7.3 	+2.9	9.4 ± 10.9 	+2.0
		-5.4		-1.8		-0.1		-0.0		-2.5
22.5	1.8 ± 5.1 	+3.6	15.4 ± 4.6 	+0.9	8.6 ± 5.3 	+1.6	4.4 ± 6.2 	+0.0	6.4 ± 8.2 	+4.6
		-0.0		-1.3		-0.4		-4.3		-1.9
37.5	8.0 ± 4.7 	+1.5	8.3 ± 4.1 	+1.8	15.4 ± 4.2 	+0.0	1.9 ± 4.4 	+0.0	10.0 ± 5.3 	+0.0
		-0.7		-0.0		-1.9		-5.3		-3.6
52.5	16.7 ± 4.5 	+5.7	11.5 ± 3.6 	+1.5	10.5 ± 3.6 	+1.5	9.6 ± 3.8 	+0.0	21.8 ± 4.3 	+1.6
		-0.1		-1.5		-0.2		-2.3		-0.4
67.5	21.1 ± 4.1 	+6.0	17.1 ± 3.2 	+3.7	16.7 ± 3.2 	+1.2	15.0 ± 3.4 	+0.0	6.2 ± 3.3 	+0.0
		-0.0		-0.0		-0.0		-1.4		-3.5
82.5	16.0 ± 4.0 	+2.1	6.6 ± 2.9 	+1.6	11.9 ± 2.8 	+2.4	9.3 ± 2.6 	+1.7	9.3 ± 2.7 	+1.0
		-0.1		-0.0		-0.4		-0.2		-0.5
97.5	10.1 ± 3.5 	+1.9	12.3 ± 2.7 	+0.0	9.8 ± 2.4 	+1.4	9.9 ± 2.4 	+1.3	9.0 ± 2.4 	+0.1
		-0.1		-0.7		-0.0		-0.0		-1.8
112.5	20.7 ± 3.4 	+0.1	11.6 ± 2.4 	+0.1	8.0 ± 2.2 	+0.0	3.7 ± 2.2 	+0.5	-1.1 ± 2.0 	+1.6
		-1.8		-1.3		-0.9		-0.3		-0.0
127.5	9.3 ± 3.2 	+0.9	6.4 ± 2.3 	+0.7	3.5 ± 1.9 	+0.7	6.6 ± 2.0 	+0.4	1.6 ± 1.8 	+0.1
		-1.9		-1.4		-1.0		-0.0		-0.4
142.5	4.8 ± 3.1 	+1.0	5.5 ± 2.1 	+0.6	3.7 ± 2.0 	+1.6	3.6 ± 1.9 	+0.0	3.2 ± 1.8 	+0.9
		-0.1		-0.2		-0.0		-1.5		-0.0
157.5	-0.4 ± 3.0 	+1.4	2.7 ± 2.2 	+0.9	4.0 ± 2.0 	+0.3	5.5 ± 1.8 	+0.8	3.6 ± 1.9 	+0.7
		-0.0		-0.1		-0.5		-0.2		-0.0
172.5	3.3 ± 3.0 	+2.9	0.0 ± 2.0 	+1.5	-0.3 ± 2.0 	+0.7	2.7 ± 1.9 	+0.1	2.1 ± 2.0 	+1.1
		-0.2		-0.0		-0.1		-0.9		-0.2
187.5	-0.6 ± 2.8 	+0.6	0.2 ± 2.1 	+1.2	1.0 ± 1.9 	+0.0	-0.6 ± 1.9 	+0.4	4.4 ± 2.0 	+0.0
		-1.4		-0.2		-1.2		-0.5		-1.0
202.5	-2.6 ± 2.9 	+0.9	-0.7 ± 2.1 	+0.4	-1.8 ± 1.8 	+0.0	-4.2 ± 2.0 	+1.1	-0.1 ± 2.0 	+0.0
		-2.0		-0.7		-0.5		-0.0		-2.5
217.5	-7.5 ± 3.0 	+1.1	-5.4 ± 2.2 	+0.2	-5.1 ± 2.0 	+1.3	-5.2 ± 1.8 	+0.4	-3.5 ± 1.8 	+0.8
		-0.0		-0.5		-0.0		-0.7		-0.1
232.5	-13.1 ± 3.2 	+3.3	-4.2 ± 2.3 	+0.5	-4.7 ± 2.1 	+0.0	-5.2 ± 1.9 	+1.4	-4.0 ± 1.9 	+0.2
		-0.0		-1.2		-0.8		-0.0		-0.7
247.5	-6.9 ± 3.3 	+1.7	-9.5 ± 2.4 	+0.4	-3.8 ± 2.1 	+0.9	0.6 ± 2.1 	+0.9	-1.8 ± 2.1 	+0.6
		-0.0		-0.7		-0.0		-0.4		-1.0
262.5	-17.5 ± 3.6 	+2.1	-9.0 ± 2.7 	+0.1	-10.5 ± 2.4 	+0.0	-6.8 ± 2.4 	+0.4	-3.4 ± 2.3 	+0.0
		-0.0		-1.4		-3.0		-1.7		-1.1
277.5	-13.0 ± 3.8 	+1.4	-16.0 ± 2.8 	+0.5	-9.8 ± 2.6 	+2.1	-14.2 ± 2.7 	+0.0	-5.8 ± 2.6 	+0.7
		-0.7		-1.2		-0.0		-1.5		-0.3
292.5	-13.2 ± 4.2 	+2.9	-12.6 ± 3.1 	+0.4	-11.0 ± 2.9 	+1.0	-9.6 ± 3.1 	+0.0	-11.3 ± 3.1 	+0.0
		-0.6		-1.8		-0.9		-3.6		-1.8
307.5	-16.6 ± 4.3 	+0.4	-14.0 ± 3.5 	+4.4	-15.8 ± 3.5 	+1.7	-10.6 ± 3.6 	+0.7	-8.8 ± 3.7 	+0.4
		-2.1		-0.0		-0.5		-0.6		-0.5
322.5	-15.2 ± 4.6 	+2.8	-14.0 ± 3.8 	+0.2	-9.4 ± 3.8 	+2.1	-14.2 ± 4.5 	+4.4	-5.2 ± 5.1 	+0.4
		-0.0		-1.5		-0.0		-0.0		-2.6
337.5	-3.1 ± 4.8 	+0.5	1.4 ± 4.4 	+1.1	-5.0 ± 4.7 	+0.8	-0.5 ± 5.9 	+0.7	-8.1 ± 8.1 	+3.4
		-0.4		-0.8		-1.7		-2.6		-4.3
352.5	-1.2 ± 4.9 	+1.1	-1.1 ± 4.8 	+4.3	2.7 ± 5.5 	+0.0	-0.5 ± 7.3 	+2.9	7.3 ± 11.5 	+2.2
		-1.5		-0.0		-3.8		-1.5		-1.1
