ϕ (deg)	xB=0.336	xB=0.342	xB=0.343	xB=0.342	xB=0.342
	Q2=2.161GeV2	Q2=2.190GeV2	Q2=2.194GeV2	Q2=2.191GeV2	Q2=2.193GeV2
	t=-0.171GeV2	t=-0.231GeV2	t=-0.278GeV2	t=-0.324GeV2	t=-0.371GeV2
7.5	120.7 ± 4.7 	+0.9	100.1 ± 7.6 	+2.1	–	–	–
		-0.4		-2.5						
22.5	132.5 ± 4.9 	+3.7	106.9 ± 6.8 	+4.5	–	–	–
		-0.0		-0.5						
37.5	118.7 ± 4.5 	+2.8	93.9 ± 6.1 	+0.2	58.7 ± 7.0 	+1.1	53.8 ± 10.1 	+0.7	68.8 ± 21.3 	+7.8
		-0.0		-1.6		-4.3		-9.3		-21.5
52.5	99.8 ± 4.1 	+1.3	76.9 ± 5.0 	+0.1	59.3 ± 5.8 	+1.5	48.6 ± 7.3 	+8.3	37.1 ± 10.4 	+5.3
		-1.9		-2.7		-1.1		-0.3		-13.4
67.5	88.4 ± 3.8 	+0.0	67.7 ± 4.5 	+2.2	54.4 ± 5.1 	+0.9	55.8 ± 6.2 	+6.5	40.6 ± 7.0 	+10.3
		-5.5		-1.3		-0.9		-0.0		-4.1
82.5	81.4 ± 3.6 	+0.5	55.1 ± 3.9 	+3.6	47.8 ± 4.2 	+0.0	34.2 ± 4.4 	+0.7	29.0 ± 5.0 	+5.0
		-0.7		-0.0		-2.6		-1.8		-3.9
97.5	62.7 ± 3.1 	+1.5	53.8 ± 3.7 	+1.2	36.7 ± 3.6 	+1.8	30.9 ± 3.8 	+0.0	27.0 ± 4.3 	+2.9
		-0.8		-0.7		-0.0		-1.1		-5.6
112.5	61.3 ± 3.0 	+0.6	40.3 ± 3.1 	+0.7	36.5 ± 3.3 	+0.0	28.6 ± 3.4 	+0.0	21.0 ± 3.5 	+2.1
		-1.5		-0.7		-1.4		-1.2		-5.2
127.5	58.1 ± 3.0 	+0.5	37.3 ± 2.8 	+0.0	25.9 ± 2.6 	+0.0	27.6 ± 3.1 	+0.8	18.8 ± 2.9 	+2.0
		-1.9		-3.7		-1.2		-0.6		-5.3
142.5	52.9 ± 2.7 	+2.8	33.6 ± 2.7 	+0.0	27.3 ± 2.7 	+1.0	26.7 ± 3.0 	+0.0	17.9 ± 2.8 	+2.3
		-0.0		-1.7		-0.5		-2.0		-2.5
157.5	43.9 ± 2.6 	+0.2	34.4 ± 2.8 	+0.7	29.2 ± 2.8 	+0.0	24.8 ± 2.8 	+1.0	18.7 ± 3.0 	+3.5
		-0.8		-0.6		-2.8		-0.0		-1.9
172.5	45.4 ± 2.5 	+0.0	31.9 ± 2.6 	+0.2	29.9 ± 2.8 	+0.3	23.5 ± 2.8 	+1.7	17.2 ± 3.2 	+2.8
		-1.2		-0.6		-0.2		-0.0		-2.0
187.5	41.0 ± 2.4 	+0.9	32.6 ± 2.7 	+0.5	27.7 ± 2.8 	+0.1	21.6 ± 2.8 	+1.4	16.2 ± 2.9 	+3.8
		-0.1		-0.3		-2.1		-0.0		-1.6
202.5	44.2 ± 2.5 	+0.9	37.1 ± 2.8 	+0.0	23.7 ± 2.6 	+0.1	29.2 ± 3.0 	+0.0	21.3 ± 3.0 	+4.2
		-0.9		-1.6		-0.5		-3.1		-2.6
217.5	51.6 ± 2.7 	+0.8	39.5 ± 2.9 	+0.1	31.2 ± 2.8 	+1.1	23.0 ± 2.7 	+0.0	17.7 ± 2.8 	+1.9
		-0.8		-2.0		-0.7		-2.1		-2.6
232.5	57.7 ± 2.9 	+0.6	41.5 ± 3.0 	+1.1	33.4 ± 2.9 	+0.0	29.3 ± 3.0 	+0.0	24.2 ± 3.0 	+2.4
		-0.8		-0.0		-1.9		-0.9		-3.7
247.5	56.9 ± 2.9 	+0.1	43.0 ± 3.1 	+1.4	30.9 ± 3.0 	+1.5	21.4 ± 3.1 	+0.5	22.5 ± 3.4 	+2.7
		-2.3		-0.0		-0.4		-0.7		-6.2
262.5	69.3 ± 3.2 	+0.0	50.9 ± 3.5 	+0.0	36.4 ± 3.4 	+0.7	30.4 ± 3.9 	+0.6	18.1 ± 3.6 	+1.8
		-3.7		-0.8		-1.2		-0.3		-4.4
277.5	77.0 ± 3.5 	+0.7	54.2 ± 3.7 	+0.5	48.5 ± 3.9 	+0.4	43.6 ± 4.4 	+0.1	32.8 ± 4.5 	+3.3
		-0.4		-2.0		-1.8		-3.2		-5.8
292.5	95.5 ± 3.9 	+2.5	67.8 ± 4.2 	+0.0	51.6 ± 4.3 	+3.3	55.0 ± 5.6 	+0.9	35.5 ± 6.3 	+5.6
		-0.0		-1.4		-0.2		-1.2		-5.5
307.5	103.1 ± 4.0 	+4.8	84.2 ± 4.8 	+0.0	60.3 ± 5.4 	+0.2	39.5 ± 6.2 	+0.5	43.1 ± 8.7 	+8.4
		-0.0		-6.6		-3.9		-2.9		-4.6
322.5	114.1 ± 4.4 	+0.4	90.7 ± 5.5 	+0.0	62.2 ± 6.4 	+0.0	70.1 ± 9.9 	+0.0	49.6 ± 15.5 	+8.6
		-1.7		-6.5		-8.6		-7.6		-15.8
337.5	117.8 ± 4.6 	+2.0	83.8 ± 6.6 	+0.0	–	–	–
		-0.6		-5.6						
352.5	120.3 ± 4.8 	+0.2	87.9 ± 7.4 	+0.0	–	–	–
		-0.7		-10.9
