ϕ (deg)	xB=0.343	xB=0.368	xB=0.375	xB=0.379	xB=0.381
	Q2=1.820GeV2	Q2=1.933GeV2	Q2=1.964GeV2	Q2=1.986GeV2	Q2=1.999GeV2
	t=-0.172GeV2	t=-0.232GeV2	t=-0.278GeV2	t=-0.323GeV2	t=-0.371GeV2
7.5	111.6 ± 4.1 	+2.3	76.9 ± 4.2 	+0.0	75.2 ± 5.6 	+2.2	66.2 ± 7.7 	+3.2	70.6 ± 11.8 	+20.1
		- 0.0		- 1.1		- 1.7		- 0.9		- 7.0
22.5	117.6 ± 3.9 	+0.7	68.6 ± 3.7 	+0.0	59.7 ± 4.5 	+1.4	64.1 ± 6.3 	+0.9	66.3 ± 8.7 	+11.8
		-0.3		-2.8		-0.6		-2.0		-7.0
37.5	99.8 ± 3.5 	+0.3	61.7 ± 3.2 	+0.0	57.9 ± 3.8 	+0.9	43.9 ± 4.5 	+1.8	45.1 ± 5.7 	+4.5
		-0.5		-2.6		-1.5		-0.0		-7.8
52.5	94.1 ± 3.3 	+0.0	66.9 ± 3.0 	+0.0	50.4 ± 3.2 	+0.0	42.5 ± 3.8 	+0.0	39.0 ± 4.5 	+3.9
		-3.4		-1.2		-4.2		-2.8		-9.7
67.5	88.2 ± 3.0 	+0.0	55.5 ± 2.7 	+0.0	40.0 ± 2.8 	+0.2	35.3 ± 3.1 	+0.0	41.0 ± 3.7 	+4.1
		-2.1		-2.0		-1.1		-2.9		-6.5
82.5	78.7 ± 2.8 	+0.4	46.1 ± 2.4 	+0.1	36.1 ± 2.5 	+1.3	29.4 ± 2.8 	+1.2	26.7 ± 2.9 	+2.7
		-0.4		-0.9		-0.0		-0.4		-6.0
97.5	67.2 ± 2.6 	+3.6	40.1 ± 2.1 	+0.1	35.2 ± 2.2 	+0.6	27.4 ± 2.4 	+0.0	29.2 ± 2.8 	+2.9
		-0.0		-1.4		-1.8		-2.0		-6.2
112.5	60.8 ± 2.4 	+0.5	37.7 ± 2.0 	+0.0	33.0 ± 2.1 	+0.0	24.0 ± 2.1 	+0.0	25.9 ± 2.6 	+2.6
		-1.3		-3.1		-1.4		-1.3		-3.6
127.5	57.5 ± 2.3 	+0.0	34.0 ± 1.8 	+0.0	29.3 ± 1.8 	+0.1	25.5 ± 2.0 	+0.0	21.4 ± 2.4 	+2.2
		-2.3		-2.2		-3.0		-2.2		-3.6
142.5	50.1 ± 2.1 	+0.2	33.9 ± 1.7 	+0.0	28.0 ± 1.7 	+0.0	22.4 ± 1.9 	+0.5	16.1 ± 2.4 	+1.6
		-0.8		-0.9		-1.4		-1.3		-3.0
157.5	49.9 ± 2.1 	+0.0	34.6 ± 1.7 	+0.2	26.3 ± 1.7 	+0.0	21.3 ± 2.1 	+0.0	13.5 ± 2.7 	+4.0
		-0.9		-0.5		-2.8		-2.6		-1.3
172.5	48.1 ± 2.0 	+0.0	30.7 ± 1.6 	+0.9	26.8 ± 1.7 	+0.0	17.4 ± 2.0 	+1.3	17.5 ± 3.2 	+1.7
		-2.0		-0.3		-0.7		-0.0		-3.4
187.5	48.3 ± 2.0 	+0.0	31.5 ± 1.6 	+0.0	26.6 ± 1.7 	+0.2	21.4 ± 2.1 	+0.7	20.5 ± 3.2 	+2.0
		-1.5		-1.6		-0.6		-0.3		-3.4
202.5	53.2 ± 2.1 	+0.0	35.7 ± 1.7 	+1.2	24.7 ± 1.6 	+0.0	22.5 ± 2.1 	+0.6	21.7 ± 2.9 	+2.2
		-1.6		-0.0		-1.5		-0.3		-4.0
217.5	52.7 ± 2.2 	+0.0	33.3 ± 1.7 	+0.6	28.4 ± 1.8 	+0.0	25.1 ± 2.1 	+0.0	26.5 ± 2.6 	+2.7
		-0.7		-0.0		-4.2		-1.7		-4.1
232.5	55.2 ± 2.2 	+0.0	33.7 ± 1.8 	+0.2	28.4 ± 1.9 	+0.0	26.0 ± 2.1 	+0.0	20.1 ± 2.2 	+2.0
		-3.4		-1.1		-1.5		-0.4		-4.4
247.5	58.5 ± 2.3 	+0.2	37.7 ± 2.0 	+0.0	37.3 ± 2.2 	+0.0	30.5 ± 2.4 	+0.1	25.7 ± 2.6 	+2.6
		-0.9		-1.3		-2.5		-3.1		-4.4
262.5	63.1 ± 2.4 	+0.0	40.4 ± 2.1 	+0.0	37.8 ± 2.3 	+0.0	28.2 ± 2.5 	+1.3	21.7 ± 2.6 	+2.8
		-2.8		-1.7		-2.5		-0.3		-3.8
277.5	74.2 ± 2.7 	+0.8	42.9 ± 2.3 	+0.2	40.2 ± 2.4 	+0.0	32.6 ± 2.7 	+0.0	26.2 ± 2.9 	+3.1
		-0.7		-0.7		-2.6		-1.7		-2.9
292.5	81.8 ± 2.9 	+0.3	52.8 ± 2.6 	+0.6	42.6 ± 2.7 	+1.1	36.4 ± 3.1 	+3.0	29.7 ± 3.5 	+3.4
		-2.1		-1.2		-0.1		-0.0		-3.7
307.5	96.7 ± 3.2 	+0.0	59.3 ± 2.8 	+0.0	46.8 ± 3.1 	+0.4	47.4 ± 3.8 	+0.0	33.8 ± 4.1 	+3.4
		-1.8		-2.6		-0.4		-3.2		-7.5
322.5	105.6 ± 3.5 	+0.0	62.0 ± 3.2 	+0.0	48.0 ± 3.5 	+0.0	46.0 ± 4.7 	+0.7	39.6 ± 5.7 	+4.0
		-1.2		-1.9		-2.0		-1.8		-9.5
337.5	108.6 ± 3.8 	+1.5	73.3 ± 3.8 	+4.1	60.3 ± 4.5 	+1.6	52.6 ± 6.3 	+1.4	44.9 ± 8.2 	+11.4
		-1.5		-0.0		-0.5		-0.8		-4.5
352.5	113.6 ± 4.0 	+2.9	76.8 ± 4.2 	+0.0	60.7 ± 5.3 	+0.5	50.0 ± 7.3 	+0.0	59.5 ± 11.6 	+10.4
		-0.0		-1.1		-3.5		-13.0		-6.0
