ϕ (deg)	xB=0.345	xB=0.363	xB=0.368	xB=0.371	xB=0.373
	Q2=2.218GeV2	Q2=2.318GeV2	Q2=2.348GeV2	Q2=2.360GeV2	Q2=2.375GeV2
	t=-0.176GeV2	t=-0.232GeV2	t=-0.279GeV2	t=-0.325GeV2	t=-0.372GeV2
7.5	104.3 ± 3.6 	+1.1	80.3 ± 3.5 	+0.0	66.6 ± 4.2 	+3.1	64.8 ± 5.8 	+0.5	60.6 ± 8.4 	+6.1
		-0.2		-1.1		-0.0		-1.9		-14.3
22.5	108.6 ± 3.6 	+1.6	80.6 ± 3.3 	+3.6	71.9 ± 4.0 	+2.6	60.2 ± 4.9 	+0.0	54.8 ± 6.3 	+5.5
		-0.9		-0.0		-0.6		-3.9		-8.8
37.5	100.3 ± 3.4 	+2.6	70.5 ± 3.0 	+0.1	58.0 ± 3.2 	+0.0	42.3 ± 3.4 	+0.9	41.2 ± 4.1 	+6.3
		-0.0		-1.8		-5.8		-0.6		-5.5
52.5	91.2 ± 3.2 	+1.5	60.4 ± 2.7 	+0.5	48.2 ± 2.8 	+0.2	39.2 ± 3.0 	+3.1	38.8 ± 3.3 	+5.3
		-1.0		-1.3		-0.7		-0.0		-3.9
67.5	76.8 ± 2.9 	+0.0	51.3 ± 2.4 	+0.6	42.2 ± 2.4 	+0.2	36.8 ± 2.6 	+3.0	29.5 ± 2.6 	+4.4
		-3.1		-0.4		-2.5		-0.0		-3.1
82.5	73.0 ± 2.8 	+0.4	46.3 ± 2.2 	+1.1	39.4 ± 2.2 	+0.0	27.3 ± 2.1 	+0.0	23.8 ± 2.2 	+3.0
		-0.6		-0.1		-3.0		-1.0		-2.6
97.5	56.5 ± 2.5 	+0.4	42.6 ± 2.0 	+0.5	29.5 ± 1.9 	+2.1	25.1 ± 1.9 	+0.0	20.3 ± 1.9 	+2.0
		-0.7		-0.7		-0.2		-0.8		-3.1
112.5	55.7 ± 2.3 	+0.6	35.3 ± 1.8 	+0.8	28.7 ± 1.7 	+0.0	24.3 ± 1.7 	+0.4	16.6 ± 1.6 	+1.7
		-1.2		-0.3		-0.8		-0.7		-3.5
127.5	49.0 ± 2.2 	+0.4	34.8 ± 1.7 	+0.0	23.8 ± 1.5 	+0.0	21.9 ± 1.6 	+0.5	16.5 ± 1.5 	+1.7
		-1.1		-1.5		-0.9		-0.4		-4.3
142.5	47.0 ± 2.1 	+1.4	28.4 ± 1.6 	+0.1	24.8 ± 1.5 	+0.0	20.3 ± 1.5 	+0.0	14.9 ± 1.4 	+1.5
		-0.0		-0.5		-0.6		-0.6		-2.8
157.5	41.1 ± 2.0 	+0.1	30.9 ± 1.6 	+0.1	25.7 ± 1.6 	+0.0	19.0 ± 1.5 	+0.2	14.0 ± 1.5 	+2.3
		-1.4		-0.9		-1.4		-0.2		-1.4
172.5	41.6 ± 2.0 	+0.0	25.7 ± 1.5 	+0.1	25.7 ± 1.6 	+0.1	20.4 ± 1.6 	+0.9	13.7 ± 1.7 	+1.4
		-0.9		-0.6		-0.5		-0.0		-2.1
187.5	38.5 ± 1.9 	+0.0	27.7 ± 1.5 	+0.0	20.6 ± 1.5 	+0.0	18.1 ± 1.5 	+0.3	15.1 ± 1.7 	+2.6
		-1.1		-0.9		-0.6		-0.6		-1.7
202.5	41.1 ± 1.9 	+0.4	29.7 ± 1.6 	+0.1	20.7 ± 1.5 	+0.1	22.8 ± 1.6 	+0.0	16.7 ± 1.6 	+2.2
		-1.1		-0.6		-0.4		-1.7		-2.0
217.5	45.3 ± 2.1 	+0.3	31.4 ± 1.6 	+0.1	24.2 ± 1.5 	+0.0	19.1 ± 1.5 	+0.0	14.2 ± 1.4 	+1.7
		-0.6		-0.6		-1.5		-1.0		-1.9
232.5	51.3 ± 2.2 	+0.0	34.4 ± 1.7 	+0.3	28.3 ± 1.6 	+0.0	21.9 ± 1.5 	+0.0	19.0 ± 1.5 	+1.9
		-0.9		-0.6		-1.0		-1.5		-2.6
247.5	53.3 ± 2.3 	+0.0	35.8 ± 1.8 	+0.5	27.2 ± 1.7 	+1.3	20.8 ± 1.6 	+0.0	18.5 ± 1.7 	+2.0
		-1.6		-0.3		-0.1		-1.5		-4.3
262.5	62.2 ± 2.5 	+0.0	42.4 ± 2.0 	+0.1	31.7 ± 1.8 	+0.1	25.6 ± 1.9 	+0.3	19.6 ± 1.8 	+2.0
		-3.2		-1.1		-1.0		-0.1		-3.3
277.5	70.0 ± 2.7 	+0.4	43.9 ± 2.1 	+0.0	35.1 ± 2.0 	+0.1	31.5 ± 2.1 	+0.0	24.2 ± 2.0 	+2.4
		-1.0		-1.6		-0.3		-1.2		-3.3
292.5	80.1 ± 2.9 	+2.3	54.6 ± 2.3 	+1.0	41.8 ± 2.2 	+1.2	36.4 ± 2.4 	+0.0	31.2 ± 2.5 	+3.1
		-0.0		-0.6		-0.1		-1.9		-4.5
307.5	87.4 ± 3.1 	+4.3	63.3 ± 2.6 	+0.0	51.4 ± 2.7 	+0.0	40.0 ± 2.7 	+0.0	33.3 ± 2.9 	+4.9
		-0.0		-3.3		-2.6		-1.8		-3.5
322.5	97.4 ± 3.3 	+0.0	66.8 ± 2.9 	+0.0	51.4 ± 2.9 	+0.0	52.6 ± 3.4 	+0.0	45.5 ± 4.0 	+4.6
		-1.8		-3.3		-4.9		-2.1		-12.2
337.5	99.2 ± 3.5 	+2.7	75.2 ± 3.3 	+0.0	56.8 ± 3.5 	+0.0	55.7 ± 4.6 	+0.0	55.2 ± 6.4 	+6.2
		-0.0		-2.2		-3.2		-8.2		-9.5
352.5	98.6 ± 3.6 	+1.7	77.3 ± 3.5 	+0.0	60.0 ± 4.1 	+2.0	59.1 ± 5.7 	+3.2	55.4 ± 8.7 	+8.6
		-0.0		-4.7		-1.1		-0.0		-6.8
