"SUPPLEMENTAL MATERIAL FOR PRC ARTICLE ""MEASUREMENT OF THE NEARLY FREE NEUTRON STRUCTURE FUNCTION USING SPECTATOR TAGGING IN INELASTIC 2H(E,E'PS)X SCATTERING WITH CLAS"" BY S. TKACHENKO ET AL."								
								
*****     Ratio EXP/SIMULATION vs. cos(theta_pq) for 4 GeV beam energy and 3 bins in Q2 times 5 bins in W* times 4 bins in p_s  (see Fig. 12)   *****								
								
Q2	0.93	"GeV/c,"	W	1.17	"GeV,"	p_s	0.078	GeV/c
								
	Cosine	Ratio	stat.	syst.				
	-0.9	1.262	0.068	0.177				
	-0.7	1.408	0.059	0.195				
	-0.5	1.242	0.05	0.174				
	-0.3	1.325	0.049	0.184				
	-0.1	1.266	0.047	0.175				
	0.1	1.164	0.046	0.164				
	0.3	1.344	0.051	0.188				
	0.5	1.243	0.051	0.178				
	0.7	1.435	0.058	0.207				
	0.9	1.629	0.071	0.234				
								
Q2	0.93	"GeV/c,"	W	1.17	"GeV,"	p_s	0.093	GeV/c
								
	Cosine	Ratio	stat.	syst.				
	-0.9	1.367	0.054	0.191				
	-0.7	1.311	0.051	0.183				
	-0.5	1.183	0.046	0.164				
	-0.3	1.228	0.045	0.171				
	-0.1	1.236	0.044	0.173				
	0.1	1.206	0.044	0.171				
	0.3	1.166	0.045	0.165				
	0.5	1.09	0.047	0.159				
	0.7	1.224	0.052	0.178				
	0.9	1.424	0.054	0.204				
								
Q2	0.93	"GeV/c,"	W	1.17	"GeV,"	p_s	0.11	GeV/c
								
	Cosine	Ratio	stat.	syst.				
	-0.9	1.548	0.063	0.218				
	-0.7	1.441	0.061	0.202				
	-0.5	1.29	0.054	0.18				
	-0.3	1.345	0.053	0.188				
	-0.1	1.221	0.051	0.172				
	0.1	1.091	0.05	0.156				
	0.3	1.143	0.053	0.166				
	0.5	1.197	0.054	0.174				
	0.7	1.414	0.061	0.206				
	0.9	1.684	0.064	0.244				
								
Q2	0.93	"GeV/c,"	W	1.17	"GeV,"	p_s	0.135	GeV/c
								
	Cosine	Ratio	stat.	syst.				
	-0.9	1.599	0.082	0.229				
	-0.7	1.16	0.069	0.166				
	-0.5	1.333	0.072	0.189				
	-0.3	1.153	0.065	0.164				
	-0.1	1.008	0.063	0.146				
	0.1	1.091	0.064	0.158				
	0.3	1.058	0.064	0.154				
	0.5	1.194	0.067	0.178				
	0.7	1.445	0.076	0.212				
	0.9	1.481	0.075	0.216				
								
Q2	0.93	"GeV/c,"	W	1.48	"GeV,"	p_s	0.078	GeV/c
								
	Cosine	Ratio	stat.	syst.				
	-0.9	1.112	0.058	0.152				
	-0.7	1.15	0.041	0.155				
	-0.5	1.082	0.035	0.145				
	-0.3	1.029	0.032	0.139				
	-0.1	1.067	0.031	0.144				
	0.1	1.03	0.031	0.14				
	0.3	1.111	0.034	0.15				
	0.5	1.098	0.037	0.15				
	0.7	1.25	0.046	0.171				
	0.9	1.216	0.057	0.167				
								
Q2	0.93	"GeV/c,"	W	1.48	"GeV,"	p_s	0.093	GeV/c
								
	Cosine	Ratio	stat.	syst.				
	-0.9	1.115	0.041	0.151				
	-0.7	1.088	0.035	0.148				
	-0.5	1.036	0.032	0.14				
	-0.3	1.009	0.031	0.138				
	-0.1	0.976	0.03	0.133				
	0.1	1.042	0.032	0.142				
	0.3	1.007	0.031	0.137				
	0.5	1.118	0.037	0.154				
	0.7	1.204	0.04	0.166				
	0.9	1.188	0.042	0.164				
								
Q2	0.93	"GeV/c,"	W	1.48	"GeV,"	p_s	0.11	GeV/c
								
	Cosine	Ratio	stat.	syst.				
	-0.9	1.182	0.045	0.161				
	-0.7	1.136	0.041	0.156				
	-0.5	1.069	0.038	0.147				
	-0.3	1.011	0.036	0.139				
	-0.1	1.009	0.036	0.139				
	0.1	0.971	0.037	0.134				
	0.3	0.938	0.036	0.129				
	0.5	1.094	0.04	0.152				
	0.7	1.139	0.044	0.159				
	0.9	1.192	0.047	0.166				
								
Q2	0.93	"GeV/c,"	W	1.48	"GeV,"	p_s	0.135	GeV/c
								
	Cosine	Ratio	stat.	syst.				
	-0.9	1.192	0.056	0.163				
	-0.7	1.164	0.052	0.161				
	-0.5	1.055	0.046	0.147				
	-0.3	0.881	0.043	0.122				
	-0.1	0.913	0.044	0.127				
	0.1	0.91	0.045	0.127				
	0.3	1.03	0.047	0.144				
	0.5	1.082	0.051	0.153				
	0.7	1.006	0.05	0.141				
	0.9	1.23	0.056	0.172				
								
Q2	0.93	"GeV/c,"	W	1.73	"GeV,"	p_s	0.078	GeV/c
								
	Cosine	Ratio	stat.	syst.				
	-0.9	1.108	0.066	0.136				
	-0.7	1.052	0.034	0.126				
	-0.5	1.046	0.029	0.126				
	-0.3	1.071	0.026	0.13				
	-0.1	1.069	0.026	0.131				
	0.1	1.028	0.025	0.128				
	0.3	1.041	0.027	0.131				
	0.5	1.173	0.031	0.15				
	0.7	1.253	0.041	0.162				
	0.9	1.147	0.06	0.153				
								
Q2	0.93	"GeV/c,"	W	1.73	"GeV,"	p_s	0.093	GeV/c
								
	Cosine	Ratio	stat.	syst.				
	-0.9	1.08	0.037	0.128				
	-0.7	1.013	0.028	0.121				
	-0.5	1.101	0.027	0.133				
	-0.3	1.013	0.026	0.124				
	-0.1	0.936	0.025	0.116				
	0.1	0.992	0.026	0.124				
	0.3	0.975	0.026	0.125				
	0.5	1.03	0.028	0.133				
	0.7	1.105	0.032	0.145				
	0.9	1.154	0.039	0.152				
								
Q2	0.93	"GeV/c,"	W	1.73	"GeV,"	p_s	0.11	GeV/c
								
	Cosine	Ratio	stat.	syst.				
	-0.9	1.177	0.04	0.138				
	-0.7	1.135	0.033	0.135				
	-0.5	1.105	0.031	0.133				
	-0.3	0.932	0.029	0.115				
	-0.1	0.917	0.029	0.114				
	0.1	0.937	0.03	0.119				
	0.3	0.993	0.032	0.128				
	0.5	1.062	0.033	0.139				
	0.7	1.114	0.036	0.148				
	0.9	1.256	0.043	0.168				
								
Q2	0.93	"GeV/c,"	W	1.73	"GeV,"	p_s	0.135	GeV/c
								
	Cosine	Ratio	stat.	syst.				
	-0.9	1.217	0.05	0.144				
	-0.7	1.116	0.041	0.132				
	-0.5	1.035	0.039	0.125				
	-0.3	0.925	0.038	0.115				
	-0.1	0.871	0.037	0.11				
	0.1	0.931	0.038	0.12				
	0.3	0.963	0.039	0.126				
	0.5	1.101	0.041	0.147				
	0.7	1.231	0.047	0.167				
	0.9	1.233	0.052	0.168				
								
Q2	0.93	"GeV/c,"	W	2.03	"GeV,"	p_s	0.078	GeV/c
								
	Cosine	Ratio	stat.	syst.				
	-0.9	1.19	0.071	0.141				
	-0.7	1.068	0.029	0.121				
	-0.5	1.048	0.022	0.118				
	-0.3	1.018	0.019	0.115				
	-0.1	1.036	0.019	0.117				
	0.1	1.002	0.019	0.114				
	0.3	1.113	0.021	0.127				
	0.5	1.138	0.024	0.13				
	0.7	1.215	0.033	0.14				
	0.9	1.155	0.062	0.137				
								
Q2	0.93	"GeV/c,"	W	2.03	"GeV,"	p_s	0.093	GeV/c
								
	Cosine	Ratio	stat.	syst.				
	-0.9	1.035	0.032	0.118				
	-0.7	1.067	0.021	0.12				
	-0.5	1.021	0.02	0.115				
	-0.3	0.987	0.02	0.112				
	-0.1	0.962	0.02	0.11				
	0.1	0.92	0.019	0.105				
	0.3	1.018	0.021	0.117				
	0.5	1.089	0.022	0.125				
	0.7	1.131	0.025	0.13				
	0.9	1.134	0.034	0.132				
								
Q2	0.93	"GeV/c,"	W	2.03	"GeV,"	p_s	0.11	GeV/c
								
	Cosine	Ratio	stat.	syst.				
	-0.9	1.078	0.031	0.122				
	-0.7	1.13	0.025	0.128				
	-0.5	1.078	0.024	0.122				
	-0.3	0.931	0.022	0.106				
	-0.1	0.898	0.023	0.103				
	0.1	0.885	0.023	0.102				
	0.3	0.95	0.024	0.11				
	0.5	1.072	0.025	0.124				
	0.7	1.239	0.029	0.144				
	0.9	1.176	0.035	0.137				
								
Q2	0.93	"GeV/c,"	W	2.03	"GeV,"	p_s	0.135	GeV/c
								
	Cosine	Ratio	stat.	syst.				
	-0.9	1.194	0.04	0.136				
	-0.7	1.13	0.032	0.128				
	-0.5	0.992	0.03	0.112				
	-0.3	0.953	0.029	0.109				
	-0.1	0.862	0.029	0.099				
	0.1	0.896	0.03	0.104				
	0.3	0.949	0.031	0.111				
	0.5	1.046	0.032	0.123				
	0.7	1.23	0.035	0.144				
	0.9	1.294	0.043	0.153				
								
Q2	0.93	"GeV/c,"	W	2.44	"GeV,"	p_s	0.078	GeV/c
								
	Cosine	Ratio	stat.	syst.				
	-0.9	0.994	0.103	0.129				
	-0.7	1.099	0.036	0.126				
	-0.5	0.974	0.022	0.111				
	-0.3	0.958	0.019	0.109				
	-0.1	0.976	0.018	0.111				
	0.1	0.997	0.018	0.113				
	0.3	1.05	0.019	0.119				
	0.5	1.088	0.021	0.123				
	0.7	1.112	0.029	0.126				
	0.9	1.034	0.069	0.123				
								
Q2	0.93	"GeV/c,"	W	2.44	"GeV,"	p_s	0.093	GeV/c
								
	Cosine	Ratio	stat.	syst.				
	-0.9	0.894	0.039	0.103				
	-0.7	1.013	0.024	0.115				
	-0.5	0.964	0.021	0.109				
	-0.3	0.894	0.02	0.101				
	-0.1	0.87	0.019	0.098				
	0.1	0.871	0.019	0.099				
	0.3	0.947	0.019	0.107				
	0.5	1.016	0.019	0.115				
	0.7	1.069	0.021	0.121				
	0.9	1.017	0.029	0.115				
								
Q2	0.93	"GeV/c,"	W	2.44	"GeV,"	p_s	0.11	GeV/c
								
	Cosine	Ratio	stat.	syst.				
	-0.9	0.932	0.038	0.107				
	-0.7	1.104	0.031	0.125				
	-0.5	0.937	0.026	0.106				
	-0.3	0.796	0.023	0.09				
	-0.1	0.822	0.022	0.093				
	0.1	0.851	0.022	0.096				
	0.3	0.852	0.021	0.096				
	0.5	1.033	0.022	0.117				
	0.7	1.177	0.024	0.133				
	0.9	1.087	0.029	0.123				
								
Q2	0.93	"GeV/c,"	W	2.44	"GeV,"	p_s	0.135	GeV/c
								
	Cosine	Ratio	stat.	syst.				
	-0.9	0.988	0.056	0.114				
	-0.7	1.02	0.041	0.116				
	-0.5	0.93	0.034	0.106				
	-0.3	0.801	0.03	0.091				
	-0.1	0.777	0.028	0.088				
	0.1	0.744	0.027	0.085				
	0.3	0.833	0.026	0.094				
	0.5	0.988	0.027	0.112				
	0.7	1.285	0.03	0.145				
	0.9	1.329	0.037	0.151				
								
Q2	1.66	"GeV/c,"	W	1.17	"GeV,"	p_s	0.078	GeV/c
								
	Cosine	Ratio	stat.	syst.				
	-0.9	1.401	0.077	0.196				
	-0.7	1.281	0.057	0.178				
	-0.5	1.227	0.05	0.168				
	-0.3	1.404	0.049	0.191				
	-0.1	1.351	0.047	0.183				
	0.1	1.265	0.047	0.172				
	0.3	1.346	0.05	0.182				
	0.5	1.425	0.054	0.193				
	0.7	1.603	0.061	0.215				
	0.9	1.797	0.078	0.242				
								
Q2	1.66	"GeV/c,"	W	1.17	"GeV,"	p_s	0.093	GeV/c
								
	Cosine	Ratio	stat.	syst.				
	-0.9	1.393	0.058	0.194				
	-0.7	1.396	0.052	0.192				
	-0.5	1.181	0.047	0.163				
	-0.3	1.313	0.047	0.181				
	-0.1	1.213	0.044	0.166				
	0.1	1.218	0.045	0.167				
	0.3	1.09	0.043	0.15				
	0.5	1.31	0.048	0.177				
	0.7	1.483	0.053	0.198				
	0.9	1.662	0.059	0.221				
								
Q2	1.66	"GeV/c,"	W	1.17	"GeV,"	p_s	0.11	GeV/c
								
	Cosine	Ratio	stat.	syst.				
	-0.9	1.581	0.067	0.222				
	-0.7	1.417	0.06	0.198				
	-0.5	1.328	0.054	0.184				
	-0.3	1.316	0.053	0.182				
	-0.1	1.198	0.052	0.166				
	0.1	1.233	0.055	0.17				
	0.3	1.123	0.051	0.155				
	0.5	1.411	0.057	0.192				
	0.7	1.461	0.061	0.195				
	0.9	1.549	0.061	0.205				
								
Q2	1.66	"GeV/c,"	W	1.17	"GeV,"	p_s	0.135	GeV/c
								
	Cosine	Ratio	stat.	syst.				
	-0.9	1.586	0.091	0.226				
	-0.7	1.582	0.081	0.223				
	-0.5	1.345	0.072	0.19				
	-0.3	1.339	0.07	0.188				
	-0.1	1.147	0.065	0.161				
	0.1	1.13	0.066	0.158				
	0.3	1.351	0.071	0.187				
	0.5	1.442	0.073	0.197				
	0.7	1.295	0.073	0.174				
	0.9	1.37	0.068	0.182				
								
Q2	1.66	"GeV/c,"	W	1.48	"GeV,"	p_s	0.078	GeV/c
								
	Cosine	Ratio	stat.	syst.				
	-0.9	1.245	0.066	0.17				
	-0.7	1.199	0.041	0.161				
	-0.5	1.169	0.035	0.156				
	-0.3	1.135	0.032	0.152				
	-0.1	1.155	0.031	0.155				
	0.1	1.157	0.031	0.155				
	0.3	1.179	0.033	0.159				
	0.5	1.143	0.036	0.154				
	0.7	1.185	0.04	0.159				
	0.9	1.297	0.06	0.178				
								
Q2	1.66	"GeV/c,"	W	1.48	"GeV,"	p_s	0.093	GeV/c
								
	Cosine	Ratio	stat.	syst.				
	-0.9	1.125	0.041	0.151				
	-0.7	1.209	0.035	0.162				
	-0.5	1.108	0.031	0.15				
	-0.3	1.073	0.03	0.145				
	-0.1	1.041	0.03	0.141				
	0.1	0.968	0.029	0.131				
	0.3	1.072	0.031	0.145				
	0.5	1.051	0.033	0.143				
	0.7	1.141	0.036	0.154				
	0.9	1.14	0.041	0.162				
								
Q2	1.66	"GeV/c,"	W	1.48	"GeV,"	p_s	0.11	GeV/c
								
	Cosine	Ratio	stat.	syst.				
	-0.9	1.264	0.045	0.169				
	-0.7	1.211	0.04	0.164				
	-0.5	1.174	0.037	0.16				
	-0.3	1.045	0.035	0.142				
	-0.1	1.039	0.035	0.142				
	0.1	1.028	0.036	0.141				
	0.3	1.008	0.036	0.138				
	0.5	1.078	0.038	0.148				
	0.7	1.186	0.042	0.161				
	0.9	1.22	0.043	0.165				
								
Q2	1.66	"GeV/c,"	W	1.48	"GeV,"	p_s	0.135	GeV/c
								
	Cosine	Ratio	stat.	syst.				
	-0.9	1.385	0.061	0.185				
	-0.7	1.182	0.049	0.16				
	-0.5	1.029	0.047	0.141				
	-0.3	1.002	0.044	0.138				
	-0.1	0.977	0.045	0.135				
	0.1	1.021	0.046	0.141				
	0.3	1.055	0.047	0.146				
	0.5	1.083	0.046	0.15				
	0.7	1.05	0.049	0.144				
	0.9	1.298	0.055	0.178				
								
Q2	1.66	"GeV/c,"	W	1.73	"GeV,"	p_s	0.078	GeV/c
								
	Cosine	Ratio	stat.	syst.				
	-0.9	1.013	0.057	0.123				
	-0.7	1.138	0.034	0.135				
	-0.5	1.011	0.026	0.12				
	-0.3	1.054	0.024	0.127				
	-0.1	1.098	0.023	0.134				
	0.1	1.094	0.024	0.135				
	0.3	1.102	0.025	0.138				
	0.5	1.125	0.029	0.144				
	0.7	1.167	0.035	0.151				
	0.9	1.126	0.053	0.15				
								
Q2	1.66	"GeV/c,"	W	1.73	"GeV,"	p_s	0.093	GeV/c
								
	Cosine	Ratio	stat.	syst.				
	-0.9	1.148	0.036	0.135				
	-0.7	1.088	0.026	0.128				
	-0.5	1.101	0.024	0.131				
	-0.3	1.03	0.023	0.125				
	-0.1	0.949	0.023	0.116				
	0.1	1.014	0.024	0.127				
	0.3	1.029	0.025	0.131				
	0.5	1.074	0.026	0.139				
	0.7	1.083	0.029	0.142				
	0.9	1.192	0.037	0.159				
								
Q2	1.66	"GeV/c,"	W	1.73	"GeV,"	p_s	0.11	GeV/c
								
	Cosine	Ratio	stat.	syst.				
	-0.9	1.195	0.037	0.141				
	-0.7	1.104	0.029	0.13				
	-0.5	1.068	0.028	0.128				
	-0.3	0.993	0.028	0.121				
	-0.1	0.926	0.027	0.115				
	0.1	0.925	0.027	0.117				
	0.3	1.048	0.029	0.135				
	0.5	1.061	0.03	0.139				
	0.7	1.165	0.033	0.155				
	0.9	1.236	0.039	0.166				
								
Q2	1.66	"GeV/c,"	W	1.73	"GeV,"	p_s	0.135	GeV/c
								
	Cosine	Ratio	stat.	syst.				
	-0.9	1.143	0.044	0.135				
	-0.7	1.141	0.038	0.135				
	-0.5	1.011	0.035	0.121				
	-0.3	0.892	0.033	0.109				
	-0.1	0.856	0.033	0.107				
	0.1	0.848	0.034	0.109				
	0.3	0.911	0.034	0.119				
	0.5	0.991	0.036	0.132				
	0.7	1.06	0.039	0.144				
	0.9	1.292	0.048	0.177				
								
Q2	1.66	"GeV/c,"	W	2.03	"GeV,"	p_s	0.078	GeV/c
								
	Cosine	Ratio	stat.	syst.				
	-0.9	1.123	0.065	0.135				
	-0.7	1.158	0.028	0.133				
	-0.5	1.087	0.02	0.125				
	-0.3	1.092	0.018	0.125				
	-0.1	1.074	0.017	0.123				
	0.1	1.096	0.018	0.126				
	0.3	1.135	0.019	0.131				
	0.5	1.161	0.022	0.134				
	0.7	1.157	0.028	0.134				
	0.9	1.182	0.057	0.141				
								
Q2	1.66	"GeV/c,"	W	2.03	"GeV,"	p_s	0.093	GeV/c
								
	Cosine	Ratio	stat.	syst.				
	-0.9	1.105	0.03	0.128				
	-0.7	1.133	0.02	0.13				
	-0.5	1.036	0.018	0.12				
	-0.3	1.022	0.018	0.118				
	-0.1	1.044	0.019	0.121				
	0.1	0.944	0.018	0.109				
	0.3	0.986	0.019	0.114				
	0.5	1.036	0.019	0.12				
	0.7	1.12	0.022	0.13				
	0.9	1.115	0.03	0.131				
								
Q2	1.66	"GeV/c,"	W	2.03	"GeV,"	p_s	0.11	GeV/c
								
	Cosine	Ratio	stat.	syst.				
	-0.9	1.068	0.028	0.124				
	-0.7	1.181	0.024	0.137				
	-0.5	1.126	0.023	0.131				
	-0.3	0.944	0.021	0.11				
	-0.1	0.917	0.021	0.107				
	0.1	0.924	0.021	0.108				
	0.3	1.008	0.022	0.118				
	0.5	1.092	0.023	0.128				
	0.7	1.208	0.025	0.142				
	0.9	1.214	0.031	0.143				
								
Q2	1.66	"GeV/c,"	W	2.03	"GeV,"	p_s	0.135	GeV/c
								
	Cosine	Ratio	stat.	syst.				
	-0.9	1.124	0.037	0.131				
	-0.7	1.14	0.031	0.133				
	-0.5	1.084	0.029	0.127				
	-0.3	0.904	0.026	0.106				
	-0.1	0.85	0.026	0.1				
	0.1	0.894	0.026	0.105				
	0.3	0.927	0.027	0.11				
	0.5	1.066	0.029	0.126				
	0.7	1.182	0.031	0.14				
	0.9	1.326	0.039	0.159				
								
Q2	1.66	"GeV/c,"	W	2.44	"GeV,"	p_s	0.078	GeV/c
								
	Cosine	Ratio	stat.	syst.				
	-0.9	0.993	0.151	0.15				
	-0.7	1.072	0.048	0.125				
	-0.5	1.024	0.031	0.117				
	-0.3	1.013	0.025	0.115				
	-0.1	1.048	0.023	0.119				
	0.1	1.018	0.022	0.116				
	0.3	1.038	0.022	0.118				
	0.5	1.185	0.025	0.135				
	0.7	1.202	0.033	0.138				
	0.9	1.129	0.073	0.137				
								
Q2	1.66	"GeV/c,"	W	2.44	"GeV,"	p_s	0.093	GeV/c
								
	Cosine	Ratio	stat.	syst.				
	-0.9	1.008	0.062	0.12				
	-0.7	1.02	0.034	0.117				
	-0.5	1.074	0.031	0.123				
	-0.3	0.947	0.025	0.108				
	-0.1	0.869	0.023	0.099				
	0.1	0.927	0.023	0.106				
	0.3	0.935	0.021	0.107				
	0.5	1.06	0.022	0.121				
	0.7	1.103	0.023	0.126				
	0.9	1.036	0.031	0.12				
								
Q2	1.66	"GeV/c,"	W	2.44	"GeV,"	p_s	0.11	GeV/c
								
	Cosine	Ratio	stat.	syst.				
	-0.9	0.82	0.059	0.097				
	-0.7	1.172	0.048	0.135				
	-0.5	1.002	0.037	0.115				
	-0.3	0.887	0.032	0.102				
	-0.1	0.826	0.027	0.095				
	0.1	0.865	0.026	0.099				
	0.3	0.954	0.026	0.11				
	0.5	1.086	0.026	0.125				
	0.7	1.254	0.026	0.144				
	0.9	1.166	0.032	0.135				
								
Q2	1.66	"GeV/c,"	W	2.44	"GeV,"	p_s	0.135	GeV/c
								
	Cosine	Ratio	stat.	syst.				
	-0.9	1.228	0.126	0.154				
	-0.7	0.917	0.066	0.108				
	-0.5	0.92	0.053	0.107				
	-0.3	0.849	0.043	0.098				
	-0.1	0.845	0.037	0.098				
	0.1	0.854	0.033	0.099				
	0.3	0.863	0.031	0.1				
	0.5	1.035	0.03	0.12				
	0.7	1.244	0.032	0.144				
	0.9	1.35	0.04	0.157				
								
Q2	3.38	"GeV/c,"	W	1.17	"GeV,"	p_s	0.078	GeV/c
								
	Cosine	Ratio	stat.	syst.				
	-0.9	1.424	0.284	0.297				
	-0.7	1.163	0.172	0.212				
	-0.5	1.569	0.169	0.279				
	-0.3	1.346	0.153	0.24				
	-0.1	1.165	0.124	0.185				
	0.1	1.244	0.136	0.206				
	0.3	1.363	0.132	0.222				
	0.5	1.696	0.18	0.288				
	0.7	1.575	0.169	0.252				
	0.9	1.723	0.225	0.313				
								
Q2	3.38	"GeV/c,"	W	1.17	"GeV,"	p_s	0.093	GeV/c
								
	Cosine	Ratio	stat.	syst.				
	-0.9	1.372	0.179	0.255				
	-0.7	1.592	0.169	0.27				
	-0.5	1.252	0.16	0.221				
	-0.3	1.12	0.146	0.19				
	-0.1	0.923	0.13	0.161				
	0.1	1.341	0.135	0.213				
	0.3	1.12	0.136	0.181				
	0.5	1.34	0.137	0.209				
	0.7	1.373	0.151	0.222				
	0.9	1.311	0.149	0.215				
								
Q2	3.38	"GeV/c,"	W	1.17	"GeV,"	p_s	0.11	GeV/c
								
	Cosine	Ratio	stat.	syst.				
	-0.9	1.803	0.223	0.325				
	-0.7	1.808	0.2	0.322				
	-0.5	1.968	0.205	0.345				
	-0.3	1.097	0.174	0.185				
	-0.1	1.596	0.178	0.277				
	0.1	0.894	0.136	0.149				
	0.3	1.184	0.145	0.193				
	0.5	1.085	0.139	0.171				
	0.7	1.476	0.167	0.236				
	0.9	1.231	0.154	0.193				
								
Q2	3.38	"GeV/c,"	W	1.17	"GeV,"	p_s	0.135	GeV/c
								
	Cosine	Ratio	stat.	syst.				
	-0.9	1.963	0.314	0.357				
	-0.7	1.684	0.27	0.293				
	-0.5	1.384	0.266	0.266				
	-0.3	0.973	0.192	0.179				
	-0.1	1.336	0.211	0.24				
	0.1	1.161	0.195	0.198				
	0.3	0.813	0.158	0.139				
	0.5	1.207	0.206	0.197				
	0.7	1.334	0.208	0.217				
	0.9	0.939	0.16	0.145				
								
Q2	3.38	"GeV/c,"	W	1.48	"GeV,"	p_s	0.078	GeV/c
								
	Cosine	Ratio	stat.	syst.				
	-0.9	0.974	0.22	0.188				
	-0.7	1.349	0.137	0.185				
	-0.5	1.502	0.128	0.228				
	-0.3	1.244	0.093	0.185				
	-0.1	1.286	0.088	0.194				
	0.1	1.278	0.096	0.202				
	0.3	1.085	0.084	0.174				
	0.5	1.169	0.101	0.185				
	0.7	1.36	0.121	0.197				
	0.9	1.114	0.169	0.201				
								
Q2	3.38	"GeV/c,"	W	1.48	"GeV,"	p_s	0.093	GeV/c
								
	Cosine	Ratio	stat.	syst.				
	-0.9	1.431	0.152	0.223				
	-0.7	1.464	0.124	0.225				
	-0.5	1.348	0.104	0.194				
	-0.3	1.078	0.092	0.167				
	-0.1	1.132	0.092	0.172				
	0.1	0.999	0.084	0.154				
	0.3	1.294	0.095	0.205				
	0.5	1.357	0.102	0.214				
	0.7	1.14	0.095	0.184				
	0.9	1.365	0.131	0.236				
								
Q2	3.38	"GeV/c,"	W	1.48	"GeV,"	p_s	0.11	GeV/c
								
	Cosine	Ratio	stat.	syst.				
	-0.9	1.123	0.133	0.168				
	-0.7	1.235	0.12	0.186				
	-0.5	1.252	0.115	0.189				
	-0.3	1.139	0.112	0.181				
	-0.1	1.047	0.102	0.167				
	0.1	1.003	0.103	0.158				
	0.3	0.973	0.096	0.157				
	0.5	1.289	0.11	0.205				
	0.7	1.23	0.112	0.196				
	0.9	1.34	0.137	0.228				
								
Q2	3.38	"GeV/c,"	W	1.48	"GeV,"	p_s	0.135	GeV/c
								
	Cosine	Ratio	stat.	syst.				
	-0.9	1.162	0.188	0.175				
	-0.7	1.311	0.163	0.199				
	-0.5	1.069	0.15	0.172				
	-0.3	1.334	0.151	0.211				
	-0.1	1	0.14	0.164				
	0.1	0.749	0.107	0.122				
	0.3	0.854	0.11	0.139				
	0.5	1.069	0.124	0.174				
	0.7	0.865	0.121	0.146				
	0.9	1.22	0.149	0.195				
								
Q2	3.38	"GeV/c,"	W	1.73	"GeV,"	p_s	0.078	GeV/c
								
	Cosine	Ratio	stat.	syst.				
	-0.9	0.996	0.228	0.124				
	-0.7	1.067	0.115	0.147				
	-0.5	1.327	0.096	0.175				
	-0.3	1.184	0.079	0.154				
	-0.1	1.085	0.069	0.143				
	0.1	0.982	0.066	0.132				
	0.3	1.191	0.075	0.163				
	0.5	1.112	0.082	0.157				
	0.7	1.023	0.085	0.151				
	0.9	1.041	0.153	0.148				
								
Q2	3.38	"GeV/c,"	W	1.73	"GeV,"	p_s	0.093	GeV/c
								
	Cosine	Ratio	stat.	syst.				
	-0.9	1.128	0.12	0.156				
	-0.7	1.016	0.083	0.131				
	-0.5	1.163	0.087	0.151				
	-0.3	0.924	0.068	0.12				
	-0.1	0.922	0.074	0.124				
	0.1	0.942	0.071	0.127				
	0.3	0.997	0.071	0.138				
	0.5	1.025	0.073	0.146				
	0.7	0.991	0.077	0.146				
	0.9	1.071	0.098	0.165				
								
Q2	3.38	"GeV/c,"	W	1.73	"GeV,"	p_s	0.11	GeV/c
								
	Cosine	Ratio	stat.	syst.				
	-0.9	1.051	0.117	0.141				
	-0.7	1.235	0.105	0.16				
	-0.5	1.033	0.093	0.135				
	-0.3	0.812	0.077	0.106				
	-0.1	0.933	0.079	0.119				
	0.1	1.066	0.088	0.148				
	0.3	0.987	0.082	0.14				
	0.5	1.095	0.082	0.159				
	0.7	1.177	0.092	0.178				
	0.9	1.1	0.103	0.17				
								
Q2	3.38	"GeV/c,"	W	1.73	"GeV,"	p_s	0.135	GeV/c
								
	Cosine	Ratio	stat.	syst.				
	-0.9	1.182	0.177	0.168				
	-0.7	1.096	0.133	0.145				
	-0.5	0.883	0.114	0.117				
	-0.3	0.823	0.108	0.108				
	-0.1	0.861	0.104	0.118				
	0.1	0.957	0.101	0.133				
	0.3	0.974	0.1	0.139				
	0.5	1.006	0.099	0.148				
	0.7	1.355	0.12	0.201				
	0.9	1.133	0.125	0.18				
								
Q2	3.38	"GeV/c,"	W	2.03	"GeV,"	p_s	0.078	GeV/c
								
	Cosine	Ratio	stat.	syst.				
	-0.9	1.905	0.637	0.222				
	-0.7	1.406	0.203	0.223				
	-0.5	1.424	0.142	0.168				
	-0.3	1.108	0.093	0.147				
	-0.1	1.126	0.087	0.142				
	0.1	1.208	0.081	0.15				
	0.3	1.23	0.081	0.153				
	0.5	1.287	0.089	0.162				
	0.7	1.18	0.105	0.155				
	0.9	1.036	0.194	0.126				
								
Q2	3.38	"GeV/c,"	W	2.03	"GeV,"	p_s	0.093	GeV/c
								
	Cosine	Ratio	stat.	syst.				
	-0.9	0.901	0.201	0.105				
	-0.7	1.022	0.147	0.148				
	-0.5	1.082	0.111	0.145				
	-0.3	1.299	0.109	0.171				
	-0.1	0.97	0.086	0.124				
	0.1	1.006	0.081	0.129				
	0.3	1.117	0.081	0.144				
	0.5	1.15	0.079	0.148				
	0.7	1.202	0.081	0.152				
	0.9	0.913	0.095	0.122				
								
Q2	3.38	"GeV/c,"	W	2.03	"GeV,"	p_s	0.11	GeV/c
								
	Cosine	Ratio	stat.	syst.				
	-0.9	1.533	0.31	0.179				
	-0.7	1.119	0.174	0.131				
	-0.5	1.173	0.148	0.138				
	-0.3	0.909	0.132	0.128				
	-0.1	0.916	0.097	0.119				
	0.1	0.999	0.098	0.129				
	0.3	1.084	0.093	0.139				
	0.5	1.224	0.098	0.157				
	0.7	1.429	0.099	0.184				
	0.9	1.284	0.113	0.171				
								
Q2	3.38	"GeV/c,"	W	2.03	"GeV,"	p_s	0.135	GeV/c
								
	Cosine	Ratio	stat.	syst.				
	-0.9	0.821	0.357	0.097				
	-0.7	1.708	0.337	0.231				
	-0.5	0.995	0.215	0.15				
	-0.3	0.921	0.178	0.139				
	-0.1	0.889	0.141	0.111				
	0.1	0.926	0.121	0.125				
	0.3	0.922	0.111	0.119				
	0.5	1.176	0.113	0.152				
	0.7	1.388	0.117	0.179				
	0.9	1.272	0.131	0.171				
								
Q2	3.38	"GeV/c,"	W	2.44	"GeV,"	p_s	0.078	GeV/c
								
	Cosine	Ratio	stat.	syst.				
	0	0	0	0				
	0	0	0	0				
	0	0	0	0				
	0	0	0	0				
	0	0	0	0				
	0.1	-0.232	0.486	0.145				
	0.3	0.562	0.677	0.179				
	0.5	0.919	0.5	0.206				
	0.7	1.859	0.595	0.215				
	0.9	0.598	0.747	0.15				
								
Q2	3.38	"GeV/c,"	W	2.44	"GeV,"	p_s	0.093	GeV/c
								
	Cosine	Ratio	stat.	syst.				
	0	0	0	0				
	0	0	0	0				
	0	0	0	0				
	0	0	0	0				
	0	0	0	0				
	0	0	0	0				
	0.3	-0.578	0.327	0.283				
	0.5	0.758	0.314	0.188				
	0.7	1.775	0.323	0.233				
	0.9	1.016	0.367	0.124				
								
Q2	3.38	"GeV/c,"	W	2.44	"GeV,"	p_s	0.11	GeV/c
								
	Cosine	Ratio	stat.	syst.				
	0	0	0	0				
	0	0	0	0				
	0	0	0	0				
	0	0	0	0				
	0	0	0	0				
	0.1	1.132	2.014	0.287				
	0.3	0.351	0.538	0.084				
	0.5	0.904	0.374	0.141				
	0.7	2.183	0.421	0.252				
	0.9	1.231	0.388	0.143				
								
Q2	3.38	"GeV/c,"	W	2.44	"GeV,"	p_s	0.135	GeV/c
								
	Cosine	Ratio	stat.	syst.				
	0	0	0	0				
	0	0	0	0				
	0	0	0	0				
	0	0	0	0				
	0	0	0	0				
	0	0	0	0				
	0.3	-0.447	0.974	0.223				
	0.5	1.034	0.389	0.131				
	0.7	1.671	0.395	0.215				
	0.9	1.669	0.457	0.195				
								
								
*****     Ratio EXP/SIMULATION vs. cos(theta_pq) for 5 GeV beam energy and 2 bins in Q2 times 5 bins in W times 4 bins in ps  (see Fig. 10-11)   *****								
								
Q2	1.66	"GeV/c,"	W	1.17	"GeV,"	p_s	0.078	GeV/c
								
	Cosine	Ratio	stat.	syst.				
	-0.9	1.239	0.074	0.167				
	-0.7	1.251	0.058	0.167				
	-0.5	1.254	0.054	0.165				
	-0.3	1.207	0.049	0.158				
	-0.1	1.122	0.047	0.149				
	0.1	1.281	0.051	0.168				
	0.3	1.099	0.052	0.148				
	0.5	1.336	0.057	0.176				
	0.7	1.459	0.06	0.188				
	0.9	1.74	0.079	0.227				
								
Q2	1.66	"GeV/c,"	W	1.17	"GeV,"	p_s	0.093	GeV/c
								
	Cosine	Ratio	stat.	syst.				
	-0.9	1.46	0.06	0.193				
	-0.7	1.197	0.054	0.159				
	-0.5	1.253	0.053	0.164				
	-0.3	1.162	0.049	0.152				
	-0.1	1.187	0.048	0.155				
	0.1	1.222	0.05	0.161				
	0.3	1.199	0.052	0.157				
	0.5	1.334	0.054	0.172				
	0.7	1.51	0.06	0.194				
	0.9	1.534	0.06	0.197				
								
Q2	1.66	"GeV/c,"	W	1.17	"GeV,"	p_s	0.11	GeV/c
								
	Cosine	Ratio	stat.	syst.				
	-0.9	1.301	0.065	0.175				
	-0.7	1.286	0.066	0.173				
	-0.5	1.305	0.061	0.173				
	-0.3	1.224	0.059	0.162				
	-0.1	1.248	0.06	0.164				
	0.1	1.09	0.059	0.147				
	0.3	1.15	0.059	0.153				
	0.5	1.372	0.062	0.176				
	0.7	1.299	0.065	0.167				
	0.9	1.498	0.067	0.192				
								
Q2	1.66	"GeV/c,"	W	1.17	"GeV,"	p_s	0.135	GeV/c
								
	Cosine	Ratio	stat.	syst.				
	-0.9	1.817	0.106	0.247				
	-0.7	1.428	0.093	0.194				
	-0.5	1.288	0.091	0.176				
	-0.3	1.26	0.084	0.17				
	-0.1	0.967	0.077	0.13				
	0.1	1.21	0.079	0.16				
	0.3	1.181	0.081	0.157				
	0.5	1.379	0.085	0.178				
	0.7	1.341	0.087	0.173				
	0.9	1.521	0.087	0.196				
								
Q2	1.66	"GeV/c,"	W	1.48	"GeV,"	p_s	0.078	GeV/c
								
	Cosine	Ratio	stat.	syst.				
	-0.9	1.125	0.055	0.148				
	-0.7	1.066	0.039	0.14				
	-0.5	1.134	0.035	0.148				
	-0.3	1.075	0.032	0.141				
	-0.1	1.052	0.03	0.138				
	0.1	1.108	0.031	0.146				
	0.3	1.093	0.033	0.144				
	0.5	1.038	0.035	0.138				
	0.7	1.191	0.041	0.156				
	0.9	1.332	0.057	0.176				
								
Q2	1.66	"GeV/c,"	W	1.48	"GeV,"	p_s	0.093	GeV/c
								
	Cosine	Ratio	stat.	syst.				
	-0.9	1.222	0.042	0.159				
	-0.7	1.185	0.037	0.155				
	-0.5	1.15	0.034	0.15				
	-0.3	1.07	0.032	0.14				
	-0.1	1.073	0.032	0.141				
	0.1	1.046	0.032	0.138				
	0.3	1.017	0.033	0.135				
	0.5	1.074	0.035	0.142				
	0.7	1.144	0.039	0.15				
	0.9	1.165	0.041	0.152				
								
Q2	1.66	"GeV/c,"	W	1.48	"GeV,"	p_s	0.11	GeV/c
								
	Cosine	Ratio	stat.	syst.				
	-0.9	1.306	0.047	0.169				
	-0.7	1.124	0.041	0.147				
	-0.5	1.143	0.04	0.151				
	-0.3	1.005	0.038	0.133				
	-0.1	0.986	0.037	0.131				
	0.1	0.976	0.038	0.13				
	0.3	1.055	0.039	0.141				
	0.5	1.102	0.042	0.146				
	0.7	1.034	0.042	0.136				
	0.9	1.24	0.047	0.162				
								
Q2	1.66	"GeV/c,"	W	1.48	"GeV,"	p_s	0.135	GeV/c
								
	Cosine	Ratio	stat.	syst.				
	-0.9	1.3	0.063	0.166				
	-0.7	1.227	0.056	0.16				
	-0.5	1.26	0.056	0.167				
	-0.3	1.027	0.054	0.137				
	-0.1	1.028	0.053	0.138				
	0.1	1.024	0.052	0.137				
	0.3	0.888	0.05	0.12				
	0.5	1.135	0.056	0.152				
	0.7	1.202	0.058	0.159				
	0.9	1.504	0.066	0.198				
								
Q2	1.66	"GeV/c,"	W	1.73	"GeV,"	p_s	0.078	GeV/c
								
	Cosine	Ratio	stat.	syst.				
	-0.9	1.148	0.055	0.135				
	-0.7	1.043	0.03	0.121				
	-0.5	1.053	0.025	0.123				
	-0.3	1.03	0.023	0.121				
	-0.1	1.04	0.022	0.123				
	0.1	1.059	0.023	0.127				
	0.3	1.039	0.024	0.127				
	0.5	1.085	0.028	0.135				
	0.7	1.181	0.033	0.149				
	0.9	1.138	0.051	0.147				
								
Q2	1.66	"GeV/c,"	W	1.73	"GeV,"	p_s	0.093	GeV/c
								
	Cosine	Ratio	stat.	syst.				
	-0.9	1.158	0.034	0.133				
	-0.7	1.089	0.026	0.125				
	-0.5	1.068	0.024	0.124				
	-0.3	1	0.024	0.117				
	-0.1	1.007	0.024	0.12				
	0.1	1.005	0.024	0.122				
	0.3	1.029	0.025	0.127				
	0.5	1.033	0.026	0.129				
	0.7	1.09	0.03	0.138				
	0.9	1.108	0.035	0.142				
								
Q2	1.66	"GeV/c,"	W	1.73	"GeV,"	p_s	0.11	GeV/c
								
	Cosine	Ratio	stat.	syst.				
	-0.9	1.242	0.036	0.142				
	-0.7	1.129	0.029	0.13				
	-0.5	1.078	0.028	0.125				
	-0.3	0.965	0.028	0.113				
	-0.1	0.972	0.028	0.116				
	0.1	0.867	0.028	0.106				
	0.3	0.945	0.029	0.118				
	0.5	1.006	0.03	0.127				
	0.7	1.085	0.033	0.139				
	0.9	1.235	0.039	0.161				
								
Q2	1.66	"GeV/c,"	W	1.73	"GeV,"	p_s	0.135	GeV/c
								
	Cosine	Ratio	stat.	syst.				
	-0.9	1.277	0.049	0.146				
	-0.7	1.234	0.042	0.142				
	-0.5	1.13	0.04	0.131				
	-0.3	0.961	0.038	0.113				
	-0.1	0.874	0.038	0.105				
	0.1	0.863	0.038	0.107				
	0.3	0.949	0.04	0.12				
	0.5	1.038	0.041	0.133				
	0.7	1.278	0.047	0.166				
	0.9	1.372	0.052	0.181				
								
Q2	1.66	"GeV/c,"	W	2.03	"GeV,"	p_s	0.078	GeV/c
								
	Cosine	Ratio	stat.	syst.				
	-0.9	1.058	0.047	0.119				
	-0.7	1.036	0.023	0.117				
	-0.5	1.032	0.018	0.116				
	-0.3	1.038	0.016	0.117				
	-0.1	1.02	0.016	0.115				
	0.1	1.022	0.016	0.115				
	0.3	1.051	0.017	0.118				
	0.5	1.072	0.019	0.121				
	0.7	1.067	0.024	0.121				
	0.9	1.189	0.046	0.137				
								
Q2	1.66	"GeV/c,"	W	2.03	"GeV,"	p_s	0.093	GeV/c
								
	Cosine	Ratio	stat.	syst.				
	-0.9	1.194	0.027	0.135				
	-0.7	1.073	0.018	0.121				
	-0.5	1.061	0.017	0.119				
	-0.3	0.955	0.017	0.108				
	-0.1	0.926	0.017	0.104				
	0.1	0.939	0.017	0.106				
	0.3	0.998	0.018	0.113				
	0.5	1.05	0.019	0.118				
	0.7	1.129	0.021	0.127				
	0.9	1.091	0.027	0.124				
								
Q2	1.66	"GeV/c,"	W	2.03	"GeV,"	p_s	0.11	GeV/c
								
	Cosine	Ratio	stat.	syst.				
	-0.9	1.163	0.026	0.131				
	-0.7	1.154	0.021	0.13				
	-0.5	1.005	0.02	0.113				
	-0.3	0.948	0.02	0.107				
	-0.1	0.852	0.019	0.096				
	0.1	0.875	0.02	0.099				
	0.3	0.899	0.02	0.102				
	0.5	1.033	0.022	0.117				
	0.7	1.126	0.024	0.127				
	0.9	1.133	0.028	0.129				
								
Q2	1.66	"GeV/c,"	W	2.03	"GeV,"	p_s	0.135	GeV/c
								
	Cosine	Ratio	stat.	syst.				
	-0.9	1.247	0.036	0.141				
	-0.7	1.132	0.029	0.128				
	-0.5	1.005	0.027	0.114				
	-0.3	0.872	0.027	0.099				
	-0.1	0.842	0.027	0.095				
	0.1	0.829	0.027	0.094				
	0.3	0.874	0.028	0.099				
	0.5	1.082	0.029	0.123				
	0.7	1.259	0.033	0.143				
	0.9	1.407	0.041	0.161				
								
Q2	1.66	"GeV/c,"	W	2.44	"GeV,"	p_s	0.078	GeV/c
								
	Cosine	Ratio	stat.	syst.				
	-0.9	1.168	0.061	0.139				
	-0.7	0.946	0.019	0.108				
	-0.5	0.92	0.013	0.105				
	-0.3	0.909	0.012	0.103				
	-0.1	0.932	0.011	0.106				
	0.1	0.925	0.011	0.105				
	0.3	0.96	0.012	0.108				
	0.5	0.99	0.013	0.112				
	0.7	1.047	0.018	0.118				
	0.9	0.997	0.042	0.115				
								
Q2	1.66	"GeV/c,"	W	2.44	"GeV,"	p_s	0.093	GeV/c
								
	Cosine	Ratio	stat.	syst.				
	-0.9	0.956	0.024	0.11				
	-0.7	0.981	0.015	0.112				
	-0.5	0.921	0.013	0.105				
	-0.3	0.875	0.013	0.099				
	-0.1	0.861	0.013	0.097				
	0.1	0.849	0.012	0.096				
	0.3	0.89	0.013	0.1				
	0.5	1.01	0.013	0.114				
	0.7	1.041	0.015	0.117				
	0.9	0.942	0.02	0.106				
								
Q2	1.66	"GeV/c,"	W	2.44	"GeV,"	p_s	0.11	GeV/c
								
	Cosine	Ratio	stat.	syst.				
	-0.9	1.002	0.023	0.114				
	-0.7	1.013	0.018	0.115				
	-0.5	0.95	0.017	0.108				
	-0.3	0.813	0.015	0.092				
	-0.1	0.762	0.015	0.086				
	0.1	0.789	0.014	0.089				
	0.3	0.876	0.015	0.099				
	0.5	0.961	0.015	0.108				
	0.7	1.077	0.017	0.121				
	0.9	1.03	0.021	0.116				
								
Q2	1.66	"GeV/c,"	W	2.44	"GeV,"	p_s	0.135	GeV/c
								
	Cosine	Ratio	stat.	syst.				
	-0.9	1.167	0.037	0.133				
	-0.7	1.046	0.027	0.119				
	-0.5	0.868	0.023	0.099				
	-0.3	0.8	0.022	0.09				
	-0.1	0.764	0.021	0.086				
	0.1	0.784	0.02	0.088				
	0.3	0.81	0.02	0.091				
	0.5	0.986	0.021	0.111				
	0.7	1.205	0.023	0.136				
	0.9	1.333	0.03	0.15				
								
Q2	3.38	"GeV/c,"	W	1.17	"GeV,"	p_s	0.078	GeV/c
								
	Cosine	Ratio	stat.	syst.				
	-0.9	1.5	0.239	0.276				
	-0.7	1.04	0.141	0.175				
	-0.5	0.994	0.129	0.164				
	-0.3	1.296	0.116	0.191				
	-0.1	1.311	0.11	0.191				
	0.1	1	0.1	0.145				
	0.3	1.129	0.104	0.161				
	0.5	1.214	0.115	0.17				
	0.7	1.394	0.131	0.203				
	0.9	1.755	0.185	0.271				
								
Q2	3.38	"GeV/c,"	W	1.17	"GeV,"	p_s	0.093	GeV/c
								
	Cosine	Ratio	stat.	syst.				
	-0.9	1.439	0.146	0.228				
	-0.7	1.324	0.132	0.211				
	-0.5	1.291	0.124	0.196				
	-0.3	1.548	0.128	0.229				
	-0.1	1.128	0.109	0.164				
	0.1	1.147	0.122	0.167				
	0.3	0.933	0.109	0.147				
	0.5	1.27	0.114	0.179				
	0.7	1.322	0.121	0.187				
	0.9	1.727	0.149	0.247				
								
Q2	3.38	"GeV/c,"	W	1.17	"GeV,"	p_s	0.11	GeV/c
								
	Cosine	Ratio	stat.	syst.				
	-0.9	1.233	0.18	0.218				
	-0.7	1.489	0.172	0.237				
	-0.5	0.892	0.144	0.173				
	-0.3	1.085	0.15	0.177				
	-0.1	1.106	0.127	0.173				
	0.1	1.039	0.127	0.154				
	0.3	1.241	0.132	0.179				
	0.5	1.182	0.125	0.167				
	0.7	1.174	0.14	0.167				
	0.9	1.295	0.143	0.184				
								
Q2	3.38	"GeV/c,"	W	1.17	"GeV,"	p_s	0.135	GeV/c
								
	Cosine	Ratio	stat.	syst.				
	-0.9	1.926	0.268	0.311				
	-0.7	1.53	0.248	0.264				
	-0.5	1.436	0.208	0.223				
	-0.3	1.588	0.203	0.243				
	-0.1	1.154	0.193	0.175				
	0.1	1.02	0.175	0.156				
	0.3	0.869	0.169	0.126				
	0.5	1.037	0.17	0.147				
	0.7	1.409	0.19	0.201				
	0.9	1.521	0.208	0.219				
								
Q2	3.38	"GeV/c,"	W	1.48	"GeV,"	p_s	0.078	GeV/c
								
	Cosine	Ratio	stat.	syst.				
	-0.9	1.449	0.163	0.188				
	-0.7	1.325	0.096	0.19				
	-0.5	1.216	0.082	0.176				
	-0.3	1.253	0.074	0.177				
	-0.1	1.171	0.067	0.166				
	0.1	1.231	0.069	0.18				
	0.3	1.038	0.068	0.156				
	0.5	1.221	0.075	0.177				
	0.7	1.167	0.084	0.168				
	0.9	1.489	0.152	0.203				
								
Q2	3.38	"GeV/c,"	W	1.48	"GeV,"	p_s	0.093	GeV/c
								
	Cosine	Ratio	stat.	syst.				
	-0.9	1.442	0.108	0.2				
	-0.7	1.295	0.086	0.181				
	-0.5	1.192	0.075	0.166				
	-0.3	1.116	0.077	0.159				
	-0.1	1.081	0.071	0.154				
	0.1	1.057	0.071	0.158				
	0.3	1.277	0.075	0.187				
	0.5	1.085	0.074	0.157				
	0.7	1.133	0.084	0.162				
	0.9	1.052	0.085	0.153				
								
Q2	3.38	"GeV/c,"	W	1.48	"GeV,"	p_s	0.11	GeV/c
								
	Cosine	Ratio	stat.	syst.				
	-0.9	1.292	0.102	0.173				
	-0.7	1.345	0.094	0.182				
	-0.5	1.33	0.094	0.188				
	-0.3	1.054	0.083	0.151				
	-0.1	1.117	0.086	0.163				
	0.1	1.045	0.086	0.154				
	0.3	1.074	0.08	0.157				
	0.5	1.172	0.087	0.173				
	0.7	1.319	0.096	0.19				
	0.9	1.186	0.099	0.171				
								
Q2	3.38	"GeV/c,"	W	1.48	"GeV,"	p_s	0.135	GeV/c
								
	Cosine	Ratio	stat.	syst.				
	-0.9	1.38	0.146	0.184				
	-0.7	1.461	0.135	0.197				
	-0.5	1.34	0.129	0.186				
	-0.3	1.331	0.131	0.194				
	-0.1	1.195	0.124	0.176				
	0.1	1.133	0.117	0.168				
	0.3	0.996	0.109	0.15				
	0.5	1.187	0.111	0.176				
	0.7	1.206	0.122	0.167				
	0.9	1.185	0.132	0.172				
								
Q2	3.38	"GeV/c,"	W	1.73	"GeV,"	p_s	0.078	GeV/c
								
	Cosine	Ratio	stat.	syst.				
	-0.9	0.929	0.111	0.107				
	-0.7	1.131	0.064	0.137				
	-0.5	1.055	0.048	0.126				
	-0.3	1.101	0.046	0.133				
	-0.1	0.98	0.041	0.119				
	0.1	0.979	0.041	0.121				
	0.3	0.931	0.045	0.119				
	0.5	1.112	0.054	0.144				
	0.7	1.073	0.066	0.144				
	0.9	1.3	0.114	0.187				
								
Q2	3.38	"GeV/c,"	W	1.73	"GeV,"	p_s	0.093	GeV/c
								
	Cosine	Ratio	stat.	syst.				
	-0.9	1.166	0.069	0.142				
	-0.7	1.092	0.051	0.13				
	-0.5	1.058	0.048	0.126				
	-0.3	1.03	0.048	0.124				
	-0.1	0.956	0.046	0.117				
	0.1	0.907	0.046	0.114				
	0.3	0.986	0.048	0.126				
	0.5	1.049	0.051	0.138				
	0.7	1.163	0.059	0.158				
	0.9	1.062	0.067	0.148				
								
Q2	3.38	"GeV/c,"	W	1.73	"GeV,"	p_s	0.11	GeV/c
								
	Cosine	Ratio	stat.	syst.				
	-0.9	1.107	0.071	0.134				
	-0.7	1.018	0.055	0.121				
	-0.5	1.034	0.056	0.125				
	-0.3	0.925	0.055	0.109				
	-0.1	0.85	0.054	0.105				
	0.1	0.932	0.058	0.118				
	0.3	0.933	0.056	0.121				
	0.5	1.114	0.06	0.148				
	0.7	1.105	0.066	0.151				
	0.9	1.193	0.076	0.167				
								
Q2	3.38	"GeV/c,"	W	1.73	"GeV,"	p_s	0.135	GeV/c
								
	Cosine	Ratio	stat.	syst.				
	-0.9	1.226	0.098	0.149				
	-0.7	1.091	0.084	0.133				
	-0.5	0.97	0.076	0.117				
	-0.3	0.895	0.073	0.109				
	-0.1	0.925	0.078	0.114				
	0.1	0.829	0.078	0.107				
	0.3	0.911	0.077	0.12				
	0.5	0.957	0.076	0.13				
	0.7	1.165	0.083	0.164				
	0.9	1.244	0.096	0.179				
								
Q2	3.38	"GeV/c,"	W	2.03	"GeV,"	p_s	0.078	GeV/c
								
	Cosine	Ratio	stat.	syst.				
	-0.9	1.139	0.114	0.128				
	-0.7	1.102	0.049	0.128				
	-0.5	0.984	0.035	0.114				
	-0.3	1.077	0.032	0.124				
	-0.1	1.127	0.031	0.13				
	0.1	1.022	0.03	0.118				
	0.3	1.05	0.032	0.121				
	0.5	1.005	0.035	0.117				
	0.7	1.111	0.045	0.131				
	0.9	1.115	0.085	0.128				
								
Q2	3.38	"GeV/c,"	W	2.03	"GeV,"	p_s	0.093	GeV/c
								
	Cosine	Ratio	stat.	syst.				
	-0.9	1.144	0.056	0.129				
	-0.7	1.174	0.039	0.135				
	-0.5	1.12	0.035	0.129				
	-0.3	1.029	0.034	0.119				
	-0.1	0.955	0.034	0.11				
	0.1	0.915	0.033	0.107				
	0.3	1.031	0.035	0.12				
	0.5	1.201	0.038	0.14				
	0.7	1.054	0.037	0.123				
	0.9	1.129	0.051	0.13				
								
Q2	3.38	"GeV/c,"	W	2.03	"GeV,"	p_s	0.11	GeV/c
								
	Cosine	Ratio	stat.	syst.				
	-0.9	1.127	0.054	0.131				
	-0.7	1.185	0.045	0.137				
	-0.5	0.996	0.042	0.116				
	-0.3	0.954	0.04	0.111				
	-0.1	0.845	0.039	0.099				
	0.1	0.842	0.038	0.098				
	0.3	0.991	0.041	0.116				
	0.5	1.052	0.041	0.123				
	0.7	1.012	0.04	0.12				
	0.9	1.206	0.056	0.144				
								
Q2	3.38	"GeV/c,"	W	2.03	"GeV,"	p_s	0.135	GeV/c
								
	Cosine	Ratio	stat.	syst.				
	-0.9	1.372	0.085	0.161				
	-0.7	1.099	0.062	0.128				
	-0.5	0.981	0.056	0.115				
	-0.3	0.94	0.057	0.11				
	-0.1	0.922	0.056	0.108				
	0.1	0.913	0.054	0.107				
	0.3	0.924	0.055	0.109				
	0.5	1.118	0.057	0.133				
	0.7	1.29	0.062	0.154				
	0.9	1.319	0.071	0.16				
								
Q2	3.38	"GeV/c,"	W	2.44	"GeV,"	p_s	0.078	GeV/c
								
	Cosine	Ratio	stat.	syst.				
	-0.9	1.012	0.199	0.114				
	-0.7	0.871	0.072	0.108				
	-0.5	1.02	0.049	0.121				
	-0.3	0.987	0.038	0.115				
	-0.1	1.005	0.035	0.117				
	0.1	1.073	0.035	0.125				
	0.3	0.963	0.032	0.113				
	0.5	1.046	0.036	0.123				
	0.7	1.064	0.045	0.126				
	0.9	0.871	0.082	0.1				
								
Q2	3.38	"GeV/c,"	W	2.44	"GeV,"	p_s	0.093	GeV/c
								
	Cosine	Ratio	stat.	syst.				
	-0.9	1.002	0.094	0.113				
	-0.7	1.035	0.057	0.123				
	-0.5	1.06	0.05	0.124				
	-0.3	0.98	0.046	0.115				
	-0.1	0.972	0.042	0.113				
	0.1	0.911	0.038	0.107				
	0.3	0.947	0.036	0.111				
	0.5	1.144	0.037	0.135				
	0.7	1.035	0.034	0.123				
	0.9	1.043	0.048	0.126				
								
Q2	3.38	"GeV/c,"	W	2.44	"GeV,"	p_s	0.11	GeV/c
								
	Cosine	Ratio	stat.	syst.				
	-0.9	1.01	0.106	0.129				
	-0.7	1.05	0.074	0.126				
	-0.5	0.94	0.062	0.111				
	-0.3	0.823	0.051	0.097				
	-0.1	0.756	0.045	0.089				
	0.1	0.819	0.043	0.096				
	0.3	0.904	0.041	0.107				
	0.5	1.072	0.041	0.128				
	0.7	1.061	0.039	0.126				
	0.9	1.168	0.049	0.14				
								
Q2	3.38	"GeV/c,"	W	2.44	"GeV,"	p_s	0.135	GeV/c
								
	Cosine	Ratio	stat.	syst.				
	-0.9	1.179	0.205	0.136				
	-0.7	1.214	0.141	0.154				
	-0.5	0.928	0.093	0.112				
	-0.3	0.918	0.077	0.109				
	-0.1	0.8	0.067	0.095				
	0.1	0.798	0.06	0.095				
	0.3	0.865	0.056	0.105				
	0.5	1.046	0.052	0.126				
	0.7	1.339	0.055	0.161				
	0.9	1.259	0.063	0.154				
								
								
"***** Ratio of effective structure function F2n(x,Q2 = 1.66) for momentum p_s over effective structure function F2n(x,Q2) for lowest p_s bin (0.07 - 0.085 GeV/c) - see Fig. 15)     *****"								
								
p_s:	 0.085 -- 0.1 GeV/c							
								
x*	Ratio	stat						
0.1625	0.9615	0.0678						
0.1875	0.9757	0.0277						
0.2125	0.9906	0.0231						
0.2375	1.0318	0.0237						
0.2625	0.9632	0.022						
0.2875	0.9958	0.0236						
0.3125	1.0402	0.0264						
0.3375	0.9961	0.0272						
0.3625	0.9809	0.0298						
0.3875	1.097	0.0364						
0.4125	1.0301	0.0367						
0.4375	1.058	0.0406						
0.4625	1.0439	0.0447						
0.4875	1.0095	0.0472						
0.5125	1.01	0.0507						
0.5375	1.1135	0.0609						
0.5625	1.0507	0.0635						
0.5875	1.0032	0.0641						
0.6125	1.0793	0.0746						
0.6375	1.1795	0.0816						
0.6625	0.9854	0.07						
0.6875	0.9026	0.0646						
0.7125	0.9941	0.078						
0.7375	0.82	0.0811						
0.7625	1.1578	0.1664						
0.7875	1.0312	0.1762						
0.8125	1.1612	0.2431						
								
p_s:	 0.1 -- 0.12 GeV/c							
								
x*	Ratio	stat.						
0.1625	1.0298	0.0806						
0.1875	0.9826	0.03						
0.2125	1.0005	0.025						
0.2375	1.0266	0.0252						
0.2625	0.9457	0.0232						
0.2875	1.0069	0.0254						
0.3125	1.0483	0.0282						
0.3375	0.9865	0.0287						
0.3625	1.0589	0.0339						
0.3875	1.1275	0.0394						
0.4125	1.0095	0.0384						
0.4375	1.0637	0.0434						
0.4625	1.0724	0.0484						
0.4875	1.0547	0.0522						
0.5125	0.9454	0.0527						
0.5375	1.033	0.0611						
0.5625	0.9235	0.0621						
0.5875	1.0146	0.0697						
0.6125	1.1674	0.0851						
0.6375	1.1259	0.0845						
0.6625	1.1673	0.085						
0.6875	0.9413	0.0728						
0.7125	0.9638	0.0818						
0.7375	1.0744	0.1082						
0.7625	1.5876	0.2275						
0.7875	1.1457	0.2449						
								
p_s:	 0.12 -- 0.15 GeV/c							
								
x*	Ratio	stat.						
0.1625	1.1525	0.1157						
0.1875	0.9486	0.0375						
0.2125	0.9672	0.0305						
0.2375	1.0718	0.0319						
0.2625	1.0084	0.0298						
0.2875	0.9805	0.0307						
0.3125	0.9926	0.033						
0.3375	0.9344	0.0336						
0.3625	1.0933	0.0415						
0.3875	1.1209	0.0473						
0.4125	1.1245	0.0493						
0.4375	1.1403	0.0549						
0.4625	1.0101	0.0566						
0.4875	1.1197	0.0663						
0.5125	1.1453	0.0717						
0.5375	1.0974	0.0788						
0.5625	1.0538	0.0825						
0.5875	0.888	0.076						
0.6125	1.153	0.1026						
0.6375	1.2128	0.1064						
0.6625	1.0805	0.1008						
0.6875	1.0984	0.1055						
0.7125	1.2219	0.1323						
0.7375	1.3495	0.172						
								
								
"***** Ratio of effective structure function F2n(x,Q2 = 3.38) for momentum p_s over effective structure function F2n(x,Q2) for lowest p_s bin (0.07 - 0.085 GeV/c) - see Fig. 16)     *****"								
								
p_s:	 0.085 -- 0.1 GeV/c							
								
x*	Ratio	stat						
0.3125	0.9791	0.099						
0.3375	0.9882	0.0692						
0.3625	1.0097	0.0633						
0.3875	1.1025	0.0652						
0.4125	1.0558	0.0628						
0.4375	1.1151	0.0661						
0.4625	1.0442	0.0639						
0.4875	0.9752	0.0623						
0.5125	0.9503	0.0596						
0.5375	1.0184	0.0705						
0.5625	1.1008	0.0854						
0.5875	1.0544	0.0868						
0.6125	1.1552	0.0979						
0.6375	0.8049	0.0676						
0.6625	0.8239	0.0851						
0.6875	1.1264	0.1363						
0.7125	1.0035	0.1185						
0.7375	0.9344	0.1207						
0.7625	1.2369	0.1827						
0.7875	0.9427	0.1429						
0.8125	1.1924	0.192						
								
p_s:	 0.1 -- 0.12 GeV/c							
								
x*	Ratio	stat.						
0.3125	0.7309	0.0949						
0.3375	0.8907	0.0711						
0.3625	1.0204	0.0704						
0.3875	1.035	0.0678						
0.4125	0.9624	0.0632						
0.4375	0.9829	0.064						
0.4625	1.1343	0.0734						
0.4875	1.056	0.0715						
0.5125	0.8122	0.0597						
0.5375	0.9596	0.0712						
0.5625	1.0723	0.0894						
0.5875	1.1222	0.0968						
0.6125	0.7597	0.0774						
0.6375	0.7565	0.0701						
0.6625	1.02	0.1069						
0.6875	1.2406	0.1557						
0.7125	0.9017	0.1178						
0.7375	1.0348	0.14						
0.7625	1.0985	0.1742						
0.7875	0.9411	0.1598						
0.8125	1.3449	0.2295						
0.8375	0.6431	0.2308						
								
p_s:	 0.12 -- 0.15 GeV/c							
								
x*	Ratio	stat.						
0.3125	0.7309	0.0949						
0.3375	0.8907	0.0711						
0.3625	1.0204	0.0704						
0.3875	1.035	0.0678						
0.4125	0.9624	0.0632						
0.4375	0.9829	0.064						
0.4625	1.1343	0.0734						
0.4875	1.056	0.0715						
0.5125	0.8122	0.0597						
0.5375	0.9596	0.0712						
0.5625	1.0723	0.0894						
0.5875	1.1222	0.0968						
0.6125	0.7597	0.0774						
0.6375	0.7565	0.0701						
0.6625	1.02	0.1069						
0.6875	1.2406	0.1557						
0.7125	0.9017	0.1178						
0.7375	1.0348	0.14						
0.7625	1.0985	0.1742						
0.7875	0.9411	0.1598						
0.8125	1.3449	0.2295						
0.8375	0.6431	0.2308						
								
								
								
*****     Ratio of extracted neutron structure function F2n to deuteron structure function F2d for 4 GeV beam energy  (see Fig. 17 top)     ******								
								
W*2	Q2	x*	F2n/F2d	stat.	syst.			
5.712	0.423	0.079	0.005	0.005	0.001			
5.067	0.505	0.113	0.211	0.255	0.001			
5.151	0.508	0.111	0.097	0.166	0.001			
5.427	0.513	0.104	0.336	0.373	0.001			
5.553	0.513	0.102	0.652	0.326	0.003			
2.718	0.611	0.257	0.531	0.862	0.004			
3.135	0.629	0.218	0.714	0.393	0.005			
3.213	0.628	0.212	0.384	0.27	0.003			
3.348	0.624	0.204	0.727	0.325	0.005			
3.418	0.627	0.197	0.669	0.288	0.004			
3.499	0.624	0.191	0.34	0.181	0.002			
3.563	0.626	0.188	0.328	0.17	0.002			
3.632	0.625	0.185	0.24	0.13	0.001			
3.725	0.626	0.179	0.323	0.129	0.002			
3.818	0.625	0.177	0.24	0.108	0.001			
3.882	0.626	0.171	0.429	0.131	0.002			
3.962	0.625	0.167	0.235	0.089	0.001			
4.048	0.625	0.164	0.279	0.086	0.002			
4.116	0.625	0.162	0.444	0.099	0.002			
4.199	0.624	0.159	0.286	0.074	0.002			
4.277	0.624	0.154	0.387	0.078	0.002			
4.373	0.623	0.15	0.382	0.072	0.002			
4.455	0.623	0.147	0.488	0.071	0.002			
4.536	0.622	0.144	0.283	0.056	0.001			
4.622	0.621	0.142	0.375	0.057	0.002			
4.71	0.62	0.138	0.388	0.053	0.002			
4.792	0.619	0.136	0.431	0.052	0.002			
4.887	0.618	0.133	0.434	0.05	0.002			
4.975	0.617	0.13	0.409	0.046	0.002			
5.06	0.616	0.127	0.395	0.042	0.002			
5.153	0.615	0.125	0.371	0.04	0.002			
5.241	0.614	0.122	0.365	0.038	0.002			
5.353	0.612	0.12	11.827	13.707	0.051			
5.434	0.61	0.117	20.101	5.975	0.086			
1.317	0.755	0.625	0.214	0.292	0.01			
1.372	0.753	0.599	0.441	0.263	0.019			
1.411	0.752	0.585	0.207	0.204	0.008			
1.466	0.751	0.556	1.033	0.281	0.036			
1.513	0.752	0.537	0.52	0.189	0.017			
1.559	0.751	0.519	0.708	0.19	0.021			
1.617	0.75	0.498	0.632	0.18	0.017			
1.654	0.75	0.488	0.38	0.134	0.009			
1.72	0.75	0.467	0.166	0.094	0.004			
1.767	0.749	0.451	0.206	0.105	0.004			
1.828	0.749	0.44	0.345	0.112	0.007			
1.867	0.748	0.428	0.296	0.106	0.006			
1.936	0.747	0.412	0.324	0.108	0.006			
1.992	0.748	0.396	0.191	0.083	0.003			
2.05	0.747	0.388	0.468	0.098	0.007			
2.105	0.746	0.376	0.34	0.085	0.005			
2.159	0.746	0.365	0.367	0.08	0.005			
2.22	0.745	0.355	0.472	0.082	0.006			
2.279	0.744	0.345	0.392	0.071	0.005			
2.339	0.743	0.336	0.352	0.065	0.004			
2.398	0.742	0.326	0.332	0.059	0.004			
2.461	0.742	0.317	0.541	0.07	0.006			
2.528	0.741	0.308	0.368	0.058	0.004			
2.591	0.739	0.3	0.464	0.06	0.005			
2.654	0.738	0.291	0.397	0.054	0.004			
2.723	0.738	0.284	0.342	0.05	0.003			
2.789	0.737	0.277	0.367	0.049	0.003			
2.857	0.736	0.269	0.429	0.048	0.004			
2.924	0.735	0.262	0.429	0.047	0.004			
2.992	0.734	0.256	0.444	0.045	0.004			
3.061	0.733	0.249	0.472	0.044	0.004			
3.134	0.732	0.244	0.353	0.038	0.003			
3.205	0.731	0.238	0.397	0.039	0.003			
3.276	0.73	0.231	0.377	0.036	0.003			
3.347	0.729	0.226	0.348	0.035	0.003			
3.424	0.728	0.221	0.385	0.035	0.003			
3.498	0.727	0.216	0.455	0.037	0.003			
3.574	0.726	0.21	0.464	0.036	0.003			
3.651	0.725	0.206	0.42	0.034	0.003			
3.725	0.723	0.202	0.452	0.034	0.003			
3.803	0.722	0.196	0.442	0.033	0.003			
3.881	0.721	0.192	0.456	0.033	0.003			
3.96	0.719	0.188	0.434	0.032	0.003			
4.04	0.718	0.183	0.411	0.031	0.002			
4.118	0.717	0.18	0.433	0.031	0.002			
4.204	0.716	0.176	0.437	0.03	0.002			
4.284	0.714	0.173	0.394	0.029	0.002			
4.367	0.713	0.169	0.449	0.03	0.002			
4.455	0.712	0.165	0.43	0.029	0.002			
4.538	0.712	0.163	0.447	0.029	0.002			
4.622	0.711	0.159	0.468	0.029	0.002			
4.71	0.712	0.156	0.45	0.028	0.002			
4.794	0.711	0.153	0.437	0.028	0.002			
4.884	0.711	0.15	0.375	0.026	0.002			
4.97	0.71	0.147	0.41	0.027	0.002			
5.063	0.709	0.145	0.432	0.027	0.002			
5.154	0.709	0.142	0.471	0.028	0.002			
5.246	0.708	0.139	0.481	0.029	0.002			
1.235	0.865	0.7	0.16	0.04	0.011			
1.279	0.863	0.676	0.323	0.06	0.02			
1.323	0.863	0.652	0.432	0.062	0.024			
1.37	0.862	0.629	0.632	0.062	0.031			
1.418	0.861	0.609	0.653	0.056	0.03			
1.465	0.861	0.59	0.736	0.054	0.03			
1.515	0.859	0.571	0.749	0.051	0.028			
1.562	0.859	0.552	0.609	0.044	0.021			
1.613	0.858	0.534	0.498	0.039	0.016			
1.664	0.858	0.518	0.477	0.038	0.014			
1.715	0.857	0.501	0.452	0.037	0.012			
1.77	0.857	0.486	0.472	0.038	0.012			
1.822	0.856	0.473	0.424	0.037	0.01			
1.879	0.855	0.457	0.365	0.035	0.008			
1.933	0.854	0.444	0.4	0.037	0.008			
1.987	0.853	0.431	0.377	0.035	0.007			
2.045	0.853	0.419	0.405	0.036	0.007			
2.102	0.852	0.408	0.436	0.035	0.008			
2.158	0.851	0.396	0.375	0.032	0.006			
2.22	0.85	0.384	0.466	0.034	0.007			
2.281	0.849	0.374	0.445	0.031	0.007			
2.34	0.849	0.365	0.447	0.031	0.006			
2.402	0.848	0.356	0.406	0.03	0.005			
2.467	0.847	0.345	0.383	0.028	0.005			
2.528	0.847	0.338	0.398	0.029	0.005			
2.594	0.846	0.329	0.402	0.029	0.005			
2.656	0.846	0.321	0.418	0.029	0.005			
2.724	0.845	0.313	0.441	0.029	0.005			
2.788	0.845	0.304	0.459	0.029	0.005			
2.855	0.845	0.298	0.435	0.028	0.004			
2.923	0.845	0.293	0.473	0.029	0.005			
2.991	0.845	0.284	0.421	0.027	0.004			
3.061	0.845	0.277	0.38	0.025	0.004			
3.132	0.845	0.272	0.418	0.026	0.004			
3.204	0.845	0.266	0.371	0.025	0.003			
3.275	0.845	0.259	0.383	0.025	0.003			
3.349	0.845	0.254	0.391	0.025	0.003			
3.424	0.845	0.248	0.405	0.026	0.003			
3.497	0.845	0.243	0.444	0.027	0.003			
3.572	0.845	0.237	0.397	0.026	0.003			
3.647	0.844	0.232	0.427	0.026	0.003			
3.727	0.844	0.227	0.458	0.027	0.003			
3.805	0.843	0.223	0.429	0.027	0.003			
3.881	0.843	0.218	0.438	0.026	0.003			
3.959	0.842	0.214	0.422	0.026	0.003			
4.04	0.842	0.21	0.436	0.026	0.003			
4.122	0.842	0.205	0.438	0.026	0.003			
4.202	0.842	0.202	0.379	0.025	0.002			
4.285	0.842	0.198	0.42	0.026	0.003			
4.369	0.842	0.193	0.478	0.027	0.003			
4.453	0.843	0.19	0.451	0.026	0.003			
4.538	0.842	0.187	0.404	0.025	0.002			
4.623	0.843	0.183	0.414	0.026	0.002			
4.707	0.843	0.18	0.443	0.027	0.003			
4.798	0.843	0.177	0.474	0.027	0.003			
4.886	0.843	0.174	0.428	0.026	0.002			
4.973	0.842	0.17	0.441	0.027	0.002			
5.064	0.842	0.167	0.446	0.027	0.002			
1.234	1.007	0.734	0.171	0.032	0.014			
1.276	1.007	0.71	0.283	0.045	0.021			
1.324	1.006	0.687	0.526	0.052	0.035			
1.369	1.006	0.668	0.64	0.052	0.038			
1.417	1.006	0.645	0.728	0.05	0.039			
1.464	1.005	0.628	0.716	0.045	0.035			
1.513	1.006	0.609	0.762	0.044	0.034			
1.562	1.006	0.591	0.58	0.038	0.024			
1.612	1.006	0.575	0.539	0.036	0.021			
1.662	1.006	0.558	0.452	0.033	0.016			
1.715	1.007	0.543	0.466	0.035	0.015			
1.77	1.006	0.527	0.44	0.034	0.013			
1.821	1.006	0.513	0.405	0.034	0.012			
1.877	1.006	0.498	0.404	0.034	0.011			
1.932	1.006	0.485	0.437	0.035	0.011			
1.991	1.006	0.47	0.348	0.032	0.008			
2.048	1.005	0.459	0.401	0.032	0.009			
2.101	1.005	0.447	0.36	0.031	0.008			
2.162	1.005	0.436	0.426	0.032	0.008			
2.221	1.004	0.425	0.432	0.031	0.008			
2.279	1.003	0.415	0.412	0.029	0.007			
2.341	1.003	0.406	0.431	0.029	0.007			
2.402	1.002	0.395	0.468	0.029	0.008			
2.467	1.003	0.386	0.361	0.027	0.006			
2.527	1.003	0.377	0.433	0.029	0.006			
2.592	1.003	0.368	0.423	0.028	0.006			
2.657	1.003	0.36	0.419	0.028	0.006			
2.724	1.004	0.351	0.481	0.029	0.006			
2.789	1.003	0.344	0.395	0.027	0.005			
2.857	1.004	0.336	0.444	0.028	0.005			
2.925	1.005	0.327	0.425	0.027	0.005			
2.991	1.006	0.322	0.372	0.025	0.004			
3.063	1.006	0.315	0.392	0.026	0.004			
3.134	1.006	0.307	0.373	0.025	0.004			
3.204	1.007	0.301	0.4	0.026	0.004			
3.277	1.007	0.294	0.312	0.023	0.003			
3.35	1.007	0.289	0.412	0.026	0.004			
3.422	1.007	0.283	0.38	0.025	0.004			
3.497	1.007	0.276	0.378	0.025	0.003			
3.572	1.007	0.271	0.411	0.026	0.004			
3.647	1.007	0.266	0.438	0.026	0.004			
3.725	1.007	0.26	0.466	0.027	0.004			
3.804	1.006	0.255	0.467	0.027	0.004			
3.88	1.005	0.249	0.431	0.026	0.003			
3.963	1.005	0.244	0.395	0.026	0.003			
4.039	1.004	0.24	0.408	0.026	0.003			
4.122	1.004	0.236	0.482	0.028	0.004			
4.201	1.003	0.231	0.377	0.025	0.003			
4.285	1.003	0.227	0.431	0.027	0.003			
4.364	1.003	0.223	0.42	0.027	0.003			
4.452	1.003	0.219	0.457	0.028	0.003			
4.536	1.004	0.215	0.438	0.027	0.003			
4.623	1.004	0.212	0.43	0.027	0.003			
4.709	1.005	0.208	0.424	0.027	0.003			
4.798	1.006	0.204	0.454	0.027	0.003			
1.237	1.198	0.765	0.15	0.032	0.014			
1.279	1.199	0.745	0.384	0.054	0.034			
1.323	1.199	0.724	0.361	0.053	0.028			
1.371	1.198	0.704	0.568	0.058	0.041			
1.417	1.198	0.686	0.73	0.06	0.048			
1.464	1.198	0.668	0.663	0.052	0.04			
1.514	1.198	0.651	0.597	0.046	0.033			
1.563	1.199	0.633	0.665	0.047	0.034			
1.613	1.199	0.616	0.475	0.04	0.022			
1.662	1.2	0.601	0.412	0.037	0.018			
1.717	1.2	0.585	0.444	0.039	0.018			
1.769	1.2	0.57	0.395	0.038	0.015			
1.821	1.2	0.556	0.383	0.037	0.013			
1.877	1.2	0.542	0.435	0.039	0.014			
1.93	1.199	0.528	0.42	0.037	0.013			
1.988	1.199	0.517	0.447	0.038	0.013			
2.045	1.199	0.505	0.457	0.037	0.013			
2.102	1.198	0.491	0.412	0.035	0.011			
2.162	1.198	0.48	0.393	0.034	0.01			
2.219	1.198	0.47	0.445	0.034	0.01			
2.281	1.198	0.458	0.462	0.034	0.01			
2.343	1.197	0.448	0.426	0.032	0.009			
2.402	1.197	0.439	0.418	0.031	0.008			
2.466	1.198	0.429	0.409	0.03	0.008			
2.527	1.198	0.418	0.422	0.031	0.008			
2.594	1.198	0.409	0.366	0.03	0.006			
2.658	1.198	0.4	0.422	0.03	0.007			
2.723	1.198	0.392	0.409	0.03	0.007			
2.787	1.198	0.384	0.42	0.03	0.006			
2.858	1.199	0.376	0.427	0.031	0.006			
2.924	1.198	0.368	0.443	0.03	0.006			
2.993	1.199	0.36	0.414	0.029	0.006			
3.064	1.198	0.353	0.392	0.028	0.005			
3.132	1.198	0.347	0.396	0.028	0.005			
3.201	1.198	0.338	0.395	0.028	0.005			
3.276	1.198	0.331	0.425	0.029	0.005			
3.348	1.198	0.325	0.455	0.03	0.005			
3.424	1.198	0.319	0.423	0.029	0.005			
3.497	1.198	0.312	0.384	0.028	0.004			
3.571	1.197	0.307	0.445	0.03	0.005			
3.649	1.197	0.301	0.449	0.03	0.005			
3.725	1.198	0.295	0.486	0.031	0.005			
3.802	1.198	0.29	0.442	0.03	0.004			
3.88	1.199	0.285	0.46	0.03	0.004			
3.959	1.2	0.28	0.423	0.029	0.004			
4.042	1.201	0.275	0.39	0.027	0.004			
4.122	1.202	0.27	0.434	0.029	0.004			
4.202	1.203	0.265	0.392	0.027	0.003			
4.284	1.203	0.261	0.428	0.027	0.004			
4.368	1.202	0.255	0.441	0.028	0.004			
4.454	1.203	0.251	0.422	0.027	0.003			
4.537	1.203	0.247	0.407	0.026	0.003			
1.238	1.425	0.796	0.131	0.035	0.015			
1.279	1.424	0.776	0.372	0.06	0.038			
1.324	1.424	0.759	0.389	0.064	0.036			
1.37	1.423	0.739	0.539	0.067	0.045			
1.417	1.423	0.722	0.781	0.07	0.061			
1.464	1.423	0.703	0.676	0.063	0.049			
1.514	1.422	0.688	0.623	0.056	0.041			
1.562	1.423	0.672	0.556	0.051	0.034			
1.61	1.423	0.656	0.502	0.047	0.028			
1.666	1.425	0.641	0.458	0.045	0.024			
1.716	1.424	0.626	0.536	0.048	0.026			
1.769	1.423	0.612	0.414	0.044	0.019			
1.822	1.424	0.597	0.414	0.044	0.018			
1.878	1.424	0.584	0.394	0.042	0.016			
1.935	1.424	0.572	0.393	0.042	0.015			
1.99	1.424	0.558	0.369	0.04	0.013			
2.043	1.424	0.548	0.375	0.04	0.013			
2.103	1.424	0.535	0.41	0.04	0.013			
2.16	1.424	0.524	0.414	0.04	0.012			
2.222	1.424	0.513	0.453	0.04	0.013			
2.28	1.425	0.502	0.489	0.04	0.013			
2.34	1.425	0.491	0.463	0.038	0.012			
2.401	1.426	0.481	0.436	0.037	0.011			
2.462	1.425	0.473	0.451	0.037	0.011			
2.526	1.425	0.462	0.403	0.035	0.009			
2.592	1.425	0.452	0.365	0.033	0.008			
2.656	1.425	0.443	0.381	0.034	0.008			
2.723	1.425	0.434	0.409	0.034	0.008			
2.788	1.424	0.426	0.435	0.035	0.008			
2.857	1.425	0.416	0.394	0.034	0.007			
2.924	1.425	0.409	0.419	0.034	0.007			
2.995	1.426	0.402	0.358	0.031	0.006			
3.065	1.426	0.394	0.405	0.032	0.007			
3.134	1.425	0.386	0.364	0.03	0.006			
3.205	1.427	0.38	0.364	0.03	0.005			
3.275	1.426	0.373	0.357	0.03	0.005			
3.349	1.428	0.366	0.383	0.03	0.005			
3.423	1.43	0.358	0.351	0.029	0.005			
3.497	1.429	0.352	0.405	0.03	0.005			
3.569	1.43	0.346	0.412	0.03	0.005			
3.65	1.43	0.34	0.394	0.029	0.005			
3.725	1.43	0.332	0.386	0.029	0.005			
3.801	1.429	0.326	0.413	0.03	0.005			
3.882	1.428	0.321	0.421	0.03	0.005			
3.958	1.428	0.315	0.419	0.029	0.005			
4.041	1.428	0.311	0.433	0.03	0.005			
4.121	1.428	0.305	0.464	0.03	0.005			
4.202	1.428	0.299	0.358	0.027	0.004			
1.232	1.699	0.822	0.152	0.041	0.019			
1.277	1.696	0.805	0.315	0.066	0.037			
1.325	1.697	0.786	0.398	0.074	0.042			
1.371	1.696	0.769	0.509	0.078	0.05			
1.418	1.694	0.754	0.545	0.078	0.05			
1.464	1.695	0.74	0.799	0.083	0.068			
1.512	1.695	0.724	0.58	0.069	0.046			
1.562	1.695	0.71	0.485	0.06	0.035			
1.613	1.696	0.695	0.536	0.062	0.037			
1.665	1.695	0.679	0.422	0.054	0.027			
1.718	1.698	0.665	0.412	0.053	0.024			
1.766	1.697	0.653	0.392	0.053	0.022			
1.823	1.697	0.638	0.375	0.051	0.02			
1.877	1.699	0.628	0.388	0.05	0.019			
1.935	1.698	0.612	0.357	0.049	0.017			
1.985	1.7	0.604	0.419	0.051	0.019			
2.046	1.7	0.59	0.446	0.049	0.019			
2.105	1.701	0.581	0.293	0.043	0.012			
2.161	1.702	0.568	0.346	0.043	0.013			
2.219	1.703	0.555	0.45	0.047	0.016			
2.28	1.703	0.546	0.456	0.046	0.015			
2.342	1.703	0.535	0.414	0.042	0.013			
2.401	1.704	0.527	0.39	0.04	0.012			
2.464	1.704	0.517	0.386	0.04	0.011			
2.527	1.705	0.507	0.395	0.04	0.011			
2.591	1.705	0.497	0.387	0.039	0.01			
2.656	1.704	0.486	0.375	0.037	0.01			
2.721	1.704	0.478	0.351	0.036	0.009			
2.788	1.704	0.47	0.439	0.038	0.01			
2.855	1.704	0.46	0.456	0.039	0.01			
2.924	1.704	0.452	0.425	0.037	0.009			
2.992	1.702	0.444	0.384	0.034	0.008			
3.064	1.704	0.436	0.418	0.035	0.008			
3.131	1.704	0.429	0.385	0.033	0.007			
3.205	1.704	0.421	0.335	0.031	0.006			
3.277	1.703	0.413	0.356	0.032	0.006			
3.347	1.704	0.406	0.396	0.033	0.007			
3.424	1.704	0.401	0.345	0.031	0.006			
3.497	1.703	0.392	0.386	0.032	0.006			
3.571	1.704	0.385	0.397	0.033	0.006			
3.65	1.704	0.379	0.398	0.032	0.006			
3.723	1.702	0.372	0.396	0.032	0.006			
3.801	1.701	0.368	0.461	0.035	0.007			
1.232	2.03	0.847	0.105	0.048	0.015			
1.28	2.035	0.831	0.189	0.071	0.025			
1.325	2.034	0.816	0.308	0.089	0.038			
1.369	2.035	0.801	0.511	0.102	0.059			
1.419	2.032	0.789	0.628	0.107	0.068			
1.468	2.03	0.771	0.541	0.089	0.054			
1.513	2.032	0.759	0.669	0.094	0.063			
1.564	2.034	0.745	0.618	0.084	0.054			
1.613	2.031	0.73	0.619	0.083	0.05			
1.663	2.032	0.721	0.448	0.07	0.035			
1.717	2.031	0.706	0.361	0.06	0.026			
1.769	2.03	0.693	0.385	0.063	0.026			
1.823	2.032	0.678	0.299	0.056	0.019			
1.875	2.032	0.668	0.296	0.055	0.018			
1.932	2.03	0.654	0.341	0.056	0.019			
1.991	2.035	0.642	0.296	0.054	0.016			
2.045	2.031	0.633	0.358	0.057	0.018			
2.105	2.03	0.622	0.427	0.059	0.021			
2.162	2.031	0.611	0.357	0.054	0.016			
2.219	2.032	0.6	0.49	0.058	0.022			
2.278	2.032	0.589	0.392	0.053	0.016			
2.339	2.033	0.58	0.48	0.054	0.019			
2.401	2.034	0.57	0.388	0.05	0.015			
2.465	2.034	0.559	0.412	0.05	0.015			
2.527	2.031	0.548	0.424	0.05	0.014			
2.593	2.034	0.539	0.404	0.048	0.013			
2.661	2.033	0.53	0.311	0.042	0.01			
2.722	2.033	0.522	0.439	0.047	0.013			
2.788	2.031	0.513	0.476	0.048	0.014			
2.854	2.03	0.506	0.403	0.045	0.011			
2.925	2.03	0.494	0.461	0.046	0.012			
2.99	2.03	0.487	0.397	0.043	0.01			
3.062	2.03	0.479	0.318	0.039	0.008			
3.134	2.031	0.472	0.368	0.041	0.009			
3.204	2.029	0.465	0.413	0.042	0.01			
3.28	2.031	0.456	0.409	0.042	0.009			
3.349	2.03	0.449	0.396	0.041	0.008			
1.229	2.42	0.867	0.095	0.052	0.015			
1.269	2.421	0.86	0.073	0.082	0.011			
1.327	2.42	0.84	0.426	0.124	0.06			
1.367	2.417	0.829	0.586	0.14	0.076			
1.419	2.417	0.814	0.58	0.129	0.07			
1.462	2.414	0.801	0.858	0.148	0.098			
1.51	2.419	0.79	0.566	0.115	0.061			
1.562	2.417	0.778	0.584	0.108	0.06			
1.614	2.42	0.76	0.587	0.103	0.055			
1.669	2.416	0.75	0.352	0.084	0.032			
1.718	2.415	0.739	0.424	0.086	0.036			
1.771	2.418	0.727	0.47	0.089	0.037			
1.826	2.416	0.715	0.35	0.075	0.027			
1.869	2.419	0.703	0.24	0.065	0.017			
1.935	2.419	0.692	0.296	0.072	0.02			
1.991	2.416	0.681	0.373	0.076	0.024			
2.044	2.42	0.673	0.343	0.071	0.021			
2.099	2.419	0.663	0.43	0.075	0.025			
2.156	2.421	0.653	0.355	0.07	0.02			
2.218	2.42	0.642	0.371	0.068	0.02			
2.283	2.418	0.631	0.507	0.076	0.026			
2.342	2.419	0.621	0.343	0.063	0.017			
2.397	2.419	0.613	0.337	0.061	0.015			
2.463	2.418	0.6	0.296	0.056	0.013			
2.523	2.42	0.593	0.287	0.056	0.012			
2.59	2.418	0.585	0.371	0.061	0.015			
2.655	2.417	0.575	0.493	0.067	0.019			
2.721	2.415	0.566	0.41	0.062	0.015			
2.787	2.412	0.554	0.456	0.064	0.016			
1.232	2.877	0.887	0.305	0.113	0.053			
1.271	2.875	0.872	0.305	0.142	0.049			
1.318	2.875	0.862	0.406	0.168	0.062			
1.367	2.88	0.851	0.788	0.212	0.115			
1.421	2.875	0.838	0.458	0.175	0.063			
1.463	2.87	0.824	0.402	0.16	0.053			
1.518	2.873	0.815	0.537	0.16	0.066			
1.565	2.87	0.802	0.508	0.146	0.059			
1.616	2.867	0.79	0.65	0.15	0.071			
1.67	2.873	0.778	0.248	0.097	0.025			
1.724	2.863	0.767	0.263	0.104	0.026			
1.776	2.874	0.759	0.248	0.1	0.023			
1.823	2.867	0.752	0.342	0.116	0.031			
1.877	2.874	0.742	0.355	0.117	0.031			
1.937	2.87	0.725	0.392	0.114	0.031			
1.996	2.864	0.715	0.437	0.116	0.033			
2.046	2.87	0.703	0.378	0.107	0.027			
2.093	2.863	0.701	0.241	0.094	0.017			
1.238	3.418	0.896	0.11	0.089	0.02			
1.333	3.414	0.877	0.082	0.064	0.014			
								
								
*****     Ratio of extracted neutron structure function F2n to deuteron structure function F2d for 5 GeV beam energy  (see Fig. 17 bottom)     ******								
								
W*2	Q2	x*	F2n/F2d	stat.	syst.			
7.016	0.602	0.09	0.231	0.31	0.001			
7.33	0.603	0.086	7.937	6.466	0.026			
5.243	0.732	0.147	0.376	0.205	0.002			
5.334	0.736	0.146	0.1	0.171	0.001			
5.441	0.737	0.142	0.21	0.147	0.001			
5.52	0.741	0.139	0.42	0.165	0.002			
5.615	0.743	0.135	0.238	0.12	0.001			
5.712	0.742	0.134	0.312	0.119	0.001			
5.795	0.743	0.132	0.329	0.111	0.001			
6.001	0.745	0.127	16.799	9.646	0.068			
6.085	0.744	0.125	10.484	9.863	0.042			
6.203	0.744	0.123	15.6	5.652	0.062			
6.316	0.745	0.12	14.573	7.661	0.057			
6.403	0.745	0.119	0.194	0.073	0.001			
6.496	0.744	0.116	13.747	4.659	0.053			
6.609	0.744	0.114	14.224	2.991	0.054			
6.696	0.743	0.113	13.674	3.262	0.052			
6.81	0.742	0.11	0.24	0.056	0.001			
6.92	0.741	0.108	12.467	2.233	0.046			
7.033	0.74	0.106	11.443	2.096	0.042			
7.126	0.739	0.105	0.332	0.049	0.001			
7.237	0.737	0.103	6.444	1.078	0.023			
3	0.887	0.298	1.007	0.538	0.009			
3.062	0.892	0.293	0.541	0.31	0.005			
3.134	0.896	0.287	1.017	0.426	0.009			
3.277	0.892	0.27	0.472	0.242	0.004			
3.344	0.896	0.264	0.075	0.14	0.001			
3.428	0.897	0.26	0.223	0.128	0.002			
3.494	0.897	0.251	0.462	0.166	0.003			
3.579	0.895	0.248	0.667	0.171	0.005			
3.645	0.895	0.245	0.374	0.112	0.003			
3.722	0.894	0.238	0.503	0.126	0.003			
3.799	0.894	0.234	0.493	0.113	0.003			
3.889	0.894	0.228	0.456	0.099	0.003			
3.955	0.893	0.224	0.422	0.084	0.003			
4.039	0.893	0.221	0.486	0.086	0.003			
4.127	0.893	0.214	0.466	0.075	0.003			
4.207	0.892	0.211	0.428	0.067	0.003			
4.284	0.892	0.206	0.382	0.061	0.002			
4.371	0.891	0.202	0.438	0.059	0.003			
4.451	0.89	0.199	0.434	0.056	0.002			
4.538	0.889	0.193	0.422	0.05	0.002			
4.623	0.888	0.19	0.477	0.049	0.003			
4.709	0.887	0.187	0.395	0.044	0.002			
4.792	0.885	0.183	0.462	0.043	0.002			
4.882	0.883	0.18	0.495	0.042	0.003			
4.976	0.881	0.175	0.416	0.037	0.002			
5.063	0.88	0.173	0.447	0.036	0.002			
5.155	0.879	0.169	0.389	0.032	0.002			
5.244	0.877	0.166	0.455	0.032	0.002			
5.339	0.876	0.163	0.405	0.03	0.002			
5.428	0.874	0.16	0.417	0.029	0.002			
5.521	0.873	0.157	0.427	0.028	0.002			
5.614	0.871	0.154	0.402	0.026	0.002			
5.711	0.869	0.151	0.466	0.026	0.002			
5.805	0.868	0.148	0.395	0.023	0.002			
5.906	0.866	0.146	0.439	0.024	0.002			
6.004	0.864	0.143	0.4	0.023	0.002			
6.125	0.861	0.14	0.455	0.033	0.002			
6.215	0.859	0.137	14.028	5.032	0.06			
6.302	0.857	0.135	14.498	2.392	0.061			
6.395	0.855	0.133	12.832	1.937	0.054			
6.503	0.854	0.131	12.141	1.659	0.05			
6.607	0.853	0.129	11.789	1.287	0.048			
6.706	0.852	0.127	10.069	1.48	0.041			
6.807	0.852	0.125	11.727	1.948	0.047			
6.917	0.85	0.123	0.057	0.01	0.045			
7.029	0.85	0.12	10.213	1.234	0.04			
7.132	0.849	0.119	4.943	0.737	0.019			
1.23	1.076	0.747	0.333	0.205	0.025			
1.277	1.077	0.722	0.289	0.162	0.02			
1.322	1.075	0.704	0.462	0.211	0.03			
1.371	1.075	0.681	0.483	0.203	0.028			
1.418	1.076	0.659	0.631	0.186	0.033			
1.462	1.075	0.644	0.609	0.142	0.029			
1.516	1.074	0.623	0.586	0.136	0.026			
1.565	1.074	0.606	0.726	0.139	0.029			
1.613	1.072	0.589	0.302	0.088	0.011			
1.665	1.072	0.575	0.328	0.088	0.011			
1.713	1.071	0.557	0.377	0.089	0.012			
1.764	1.07	0.541	0.373	0.087	0.011			
1.819	1.069	0.53	0.476	0.091	0.013			
1.877	1.067	0.514	0.393	0.079	0.01			
1.934	1.067	0.499	0.412	0.079	0.01			
1.985	1.067	0.488	0.289	0.066	0.007			
2.042	1.065	0.475	0.34	0.065	0.007			
2.102	1.064	0.463	0.377	0.062	0.008			
2.162	1.063	0.45	0.417	0.063	0.008			
2.22	1.061	0.439	0.44	0.058	0.008			
2.278	1.06	0.429	0.497	0.056	0.009			
2.344	1.059	0.415	0.343	0.048	0.006			
2.403	1.058	0.408	0.449	0.049	0.007			
2.466	1.056	0.395	0.371	0.044	0.005			
2.527	1.055	0.387	0.298	0.039	0.004			
2.592	1.054	0.379	0.362	0.041	0.005			
2.655	1.053	0.369	0.475	0.043	0.006			
2.722	1.051	0.36	0.39	0.038	0.005			
2.787	1.05	0.352	0.437	0.038	0.005			
2.856	1.049	0.344	0.428	0.036	0.005			
2.924	1.047	0.337	0.458	0.035	0.005			
2.993	1.046	0.329	0.422	0.033	0.005			
3.064	1.045	0.322	0.379	0.03	0.004			
3.134	1.044	0.314	0.377	0.029	0.004			
3.202	1.042	0.307	0.362	0.027	0.003			
3.277	1.041	0.301	0.443	0.029	0.004			
3.349	1.039	0.294	0.424	0.028	0.004			
3.423	1.038	0.288	0.432	0.027	0.004			
3.497	1.036	0.282	0.385	0.025	0.003			
3.571	1.035	0.275	0.4	0.025	0.003			
3.648	1.033	0.271	0.446	0.026	0.004			
3.725	1.032	0.264	0.437	0.025	0.003			
3.803	1.031	0.258	0.394	0.023	0.003			
3.88	1.029	0.254	0.408	0.023	0.003			
3.961	1.027	0.248	0.432	0.023	0.003			
4.04	1.026	0.243	0.391	0.022	0.003			
4.121	1.025	0.238	0.405	0.022	0.003			
4.202	1.023	0.233	0.426	0.022	0.003			
4.284	1.022	0.228	0.415	0.021	0.003			
4.369	1.02	0.225	0.421	0.021	0.003			
4.454	1.019	0.22	0.433	0.021	0.003			
4.538	1.017	0.216	0.444	0.021	0.003			
4.621	1.016	0.212	0.41	0.02	0.002			
4.71	1.015	0.208	0.42	0.02	0.002			
4.797	1.014	0.205	0.424	0.02	0.002			
4.883	1.013	0.202	0.418	0.02	0.002			
4.971	1.013	0.197	0.418	0.019	0.002			
5.06	1.012	0.194	0.441	0.02	0.002			
5.152	1.012	0.191	0.435	0.019	0.002			
5.244	1.012	0.187	0.421	0.019	0.002			
5.335	1.011	0.185	0.418	0.019	0.002			
5.429	1.011	0.181	0.409	0.019	0.002			
5.519	1.011	0.178	0.449	0.019	0.002			
5.616	1.011	0.175	0.426	0.018	0.002			
5.71	1.01	0.172	0.414	0.018	0.002			
5.809	1.01	0.169	0.446	0.019	0.002			
5.903	1.009	0.166	0.451	0.019	0.002			
6.001	1.008	0.164	0.434	0.018	0.002			
6.1	1.008	0.161	0.431	0.018	0.002			
6.199	1.008	0.159	0.419	0.018	0.002			
6.299	1.008	0.156	0.436	0.018	0.002			
6.403	1.008	0.154	0.437	0.018	0.002			
6.502	1.008	0.152	0.438	0.018	0.002			
6.605	1.008	0.149	0.44	0.018	0.002			
6.708	1.007	0.147	0.455	0.018	0.002			
6.812	1.007	0.145	0.455	0.019	0.002			
6.918	1.007	0.143	0.44	0.018	0.002			
1.237	1.221	0.768	0.22	0.037	0.019			
1.277	1.222	0.747	0.433	0.056	0.034			
1.322	1.22	0.727	0.524	0.058	0.038			
1.368	1.221	0.707	0.663	0.058	0.043			
1.417	1.22	0.688	0.699	0.053	0.041			
1.464	1.218	0.671	0.754	0.051	0.041			
1.51	1.218	0.654	0.689	0.045	0.035			
1.562	1.217	0.636	0.604	0.04	0.028			
1.612	1.217	0.619	0.532	0.037	0.023			
1.662	1.217	0.604	0.45	0.034	0.018			
1.716	1.216	0.588	0.439	0.033	0.016			
1.769	1.216	0.575	0.377	0.032	0.013			
1.821	1.215	0.559	0.387	0.032	0.012			
1.877	1.214	0.545	0.436	0.033	0.013			
1.933	1.214	0.532	0.377	0.031	0.011			
1.989	1.213	0.518	0.435	0.032	0.012			
2.043	1.212	0.507	0.355	0.028	0.009			
2.105	1.212	0.494	0.357	0.028	0.008			
2.162	1.211	0.482	0.451	0.029	0.01			
2.222	1.21	0.471	0.428	0.027	0.009			
2.28	1.21	0.459	0.453	0.027	0.009			
2.342	1.208	0.45	0.402	0.025	0.008			
2.401	1.208	0.439	0.428	0.025	0.008			
2.464	1.207	0.43	0.399	0.024	0.007			
2.528	1.207	0.421	0.411	0.024	0.007			
2.594	1.206	0.41	0.35	0.022	0.005			
2.659	1.206	0.401	0.406	0.023	0.006			
2.723	1.205	0.393	0.386	0.022	0.006			
2.791	1.205	0.385	0.368	0.022	0.005			
2.856	1.205	0.377	0.405	0.022	0.005			
2.923	1.204	0.369	0.433	0.022	0.006			
2.994	1.204	0.361	0.403	0.021	0.005			
3.063	1.204	0.354	0.404	0.02	0.005			
3.133	1.204	0.348	0.387	0.02	0.005			
3.204	1.204	0.34	0.424	0.021	0.005			
3.277	1.204	0.333	0.428	0.021	0.005			
3.348	1.204	0.326	0.377	0.019	0.004			
3.424	1.204	0.319	0.359	0.019	0.004			
3.496	1.204	0.314	0.428	0.02	0.004			
3.572	1.204	0.308	0.407	0.02	0.004			
3.648	1.204	0.302	0.427	0.02	0.004			
3.726	1.205	0.295	0.459	0.021	0.004			
3.802	1.205	0.291	0.442	0.02	0.004			
3.882	1.204	0.285	0.432	0.02	0.004			
3.961	1.204	0.28	0.434	0.02	0.004			
4.04	1.203	0.274	0.443	0.02	0.004			
4.12	1.203	0.269	0.411	0.019	0.003			
4.202	1.202	0.264	0.438	0.02	0.003			
4.286	1.201	0.259	0.426	0.02	0.003			
4.368	1.201	0.255	0.382	0.019	0.003			
4.452	1.2	0.25	0.404	0.019	0.003			
4.536	1.199	0.246	0.413	0.019	0.003			
4.624	1.199	0.242	0.44	0.019	0.003			
4.709	1.199	0.238	0.422	0.019	0.003			
4.797	1.199	0.234	0.407	0.019	0.003			
4.882	1.201	0.23	0.419	0.019	0.003			
4.972	1.201	0.227	0.446	0.019	0.003			
5.062	1.201	0.223	0.456	0.019	0.003			
5.153	1.202	0.219	0.391	0.018	0.002			
5.245	1.202	0.215	0.411	0.019	0.003			
5.334	1.203	0.212	0.441	0.019	0.003			
5.43	1.204	0.208	0.4	0.018	0.002			
5.523	1.203	0.205	0.415	0.018	0.002			
5.619	1.204	0.202	0.46	0.019	0.003			
5.712	1.203	0.198	0.426	0.018	0.002			
5.809	1.202	0.195	0.415	0.018	0.002			
5.904	1.201	0.192	0.429	0.019	0.002			
6.001	1.2	0.189	0.374	0.018	0.002			
6.099	1.199	0.186	0.427	0.019	0.002			
6.2	1.198	0.184	0.417	0.018	0.002			
6.301	1.198	0.181	0.451	0.019	0.002			
6.399	1.199	0.179	0.417	0.018	0.002			
6.502	1.2	0.176	0.409	0.018	0.002			
6.605	1.201	0.174	0.418	0.018	0.002			
6.709	1.202	0.171	0.42	0.017	0.002			
1.234	1.43	0.794	0.201	0.03	0.02			
1.28	1.43	0.775	0.301	0.042	0.028			
1.324	1.431	0.757	0.431	0.048	0.036			
1.371	1.43	0.739	0.538	0.048	0.041			
1.417	1.428	0.722	0.641	0.047	0.045			
1.464	1.429	0.705	0.705	0.045	0.046			
1.515	1.429	0.688	0.628	0.04	0.038			
1.563	1.429	0.672	0.565	0.036	0.031			
1.612	1.43	0.656	0.532	0.035	0.027			
1.663	1.428	0.641	0.417	0.031	0.02			
1.716	1.43	0.626	0.383	0.03	0.017			
1.769	1.429	0.611	0.357	0.029	0.015			
1.823	1.429	0.598	0.369	0.029	0.014			
1.878	1.429	0.585	0.394	0.03	0.014			
1.933	1.428	0.573	0.383	0.029	0.013			
1.989	1.429	0.559	0.402	0.029	0.013			
2.045	1.428	0.547	0.399	0.029	0.012			
2.103	1.429	0.535	0.423	0.029	0.012			
2.163	1.428	0.524	0.439	0.028	0.012			
2.22	1.428	0.512	0.382	0.026	0.01			
2.281	1.426	0.501	0.458	0.027	0.011			
2.341	1.425	0.49	0.393	0.025	0.009			
2.404	1.425	0.481	0.413	0.024	0.009			
2.465	1.425	0.471	0.37	0.023	0.008			
2.53	1.424	0.461	0.373	0.023	0.007			
2.59	1.424	0.453	0.401	0.024	0.008			
2.66	1.424	0.443	0.374	0.023	0.007			
2.725	1.424	0.434	0.401	0.023	0.007			
2.787	1.424	0.426	0.416	0.023	0.007			
2.856	1.424	0.417	0.438	0.023	0.007			
2.923	1.425	0.41	0.405	0.022	0.006			
2.993	1.425	0.401	0.418	0.022	0.006			
3.062	1.425	0.394	0.4	0.021	0.006			
3.135	1.426	0.386	0.351	0.02	0.005			
3.204	1.427	0.379	0.385	0.021	0.005			
3.277	1.427	0.372	0.367	0.02	0.005			
3.35	1.428	0.365	0.388	0.021	0.005			
3.424	1.429	0.359	0.41	0.021	0.005			
3.498	1.43	0.352	0.381	0.02	0.005			
3.572	1.431	0.345	0.424	0.021	0.005			
3.648	1.431	0.34	0.419	0.021	0.005			
3.724	1.432	0.334	0.447	0.021	0.005			
3.803	1.431	0.327	0.387	0.02	0.004			
3.88	1.432	0.322	0.457	0.021	0.005			
3.96	1.431	0.316	0.455	0.021	0.005			
4.04	1.431	0.31	0.397	0.02	0.004			
4.122	1.43	0.305	0.404	0.02	0.004			
4.201	1.431	0.3	0.431	0.02	0.004			
4.284	1.429	0.294	0.397	0.019	0.004			
4.369	1.429	0.289	0.377	0.019	0.003			
4.453	1.429	0.285	0.442	0.02	0.004			
4.536	1.429	0.28	0.391	0.019	0.003			
4.624	1.428	0.276	0.4	0.019	0.003			
4.706	1.428	0.271	0.399	0.02	0.003			
4.794	1.429	0.267	0.423	0.02	0.003			
4.884	1.428	0.262	0.41	0.02	0.003			
4.972	1.428	0.258	0.405	0.019	0.003			
5.062	1.427	0.254	0.392	0.019	0.003			
5.153	1.427	0.25	0.45	0.02	0.003			
5.244	1.428	0.245	0.419	0.02	0.003			
5.337	1.427	0.241	0.387	0.019	0.003			
5.431	1.427	0.238	0.409	0.019	0.003			
5.523	1.427	0.234	0.421	0.02	0.003			
5.617	1.427	0.231	0.455	0.02	0.003			
5.711	1.428	0.229	0.39	0.019	0.003			
5.809	1.429	0.225	0.406	0.019	0.003			
5.906	1.431	0.222	0.424	0.019	0.003			
6.004	1.433	0.218	0.431	0.019	0.003			
6.101	1.434	0.215	0.438	0.018	0.003			
6.2	1.435	0.211	0.44	0.018	0.003			
6.3	1.435	0.208	0.449	0.018	0.003			
6.4	1.435	0.206	0.421	0.017	0.002			
6.503	1.433	0.203	0.447	0.018	0.003			
1.234	1.7	0.823	0.18	0.031	0.021			
1.28	1.701	0.804	0.292	0.047	0.031			
1.325	1.701	0.788	0.38	0.052	0.037			
1.371	1.7	0.77	0.544	0.057	0.048			
1.418	1.702	0.755	0.609	0.055	0.05			
1.466	1.702	0.74	0.602	0.051	0.046			
1.511	1.704	0.725	0.686	0.05	0.049			
1.562	1.703	0.71	0.593	0.044	0.039			
1.611	1.704	0.694	0.525	0.04	0.032			
1.665	1.704	0.68	0.39	0.036	0.022			
1.714	1.705	0.668	0.386	0.035	0.021			
1.77	1.705	0.652	0.396	0.035	0.02			
1.823	1.706	0.639	0.412	0.035	0.019			
1.877	1.707	0.626	0.398	0.034	0.018			
1.931	1.705	0.617	0.376	0.033	0.016			
1.987	1.705	0.603	0.394	0.033	0.016			
2.046	1.705	0.59	0.379	0.032	0.014			
2.101	1.705	0.579	0.371	0.03	0.013			
2.161	1.704	0.568	0.385	0.03	0.013			
2.221	1.704	0.557	0.422	0.03	0.013			
2.28	1.704	0.546	0.436	0.029	0.013			
2.344	1.704	0.535	0.442	0.029	0.013			
2.404	1.704	0.526	0.443	0.028	0.012			
2.466	1.704	0.516	0.386	0.027	0.01			
2.528	1.704	0.506	0.363	0.025	0.009			
2.592	1.704	0.496	0.392	0.026	0.009			
2.658	1.703	0.487	0.384	0.025	0.009			
2.723	1.704	0.478	0.367	0.024	0.008			
2.789	1.703	0.469	0.369	0.024	0.008			
2.857	1.703	0.461	0.417	0.025	0.008			
2.926	1.704	0.453	0.456	0.025	0.009			
2.995	1.704	0.444	0.369	0.023	0.007			
3.061	1.704	0.437	0.37	0.022	0.007			
3.134	1.704	0.429	0.378	0.022	0.007			
3.205	1.703	0.422	0.371	0.022	0.006			
3.275	1.704	0.413	0.381	0.022	0.006			
3.348	1.704	0.407	0.33	0.021	0.005			
3.424	1.704	0.4	0.434	0.023	0.007			
3.498	1.704	0.393	0.387	0.022	0.006			
3.573	1.704	0.387	0.378	0.022	0.005			
3.646	1.705	0.381	0.405	0.022	0.006			
3.726	1.704	0.373	0.43	0.022	0.006			
3.803	1.704	0.367	0.418	0.022	0.005			
3.88	1.704	0.361	0.362	0.021	0.005			
3.96	1.704	0.355	0.405	0.022	0.005			
4.044	1.703	0.348	0.438	0.022	0.005			
4.122	1.702	0.343	0.4	0.022	0.005			
4.201	1.703	0.337	0.428	0.022	0.005			
4.285	1.704	0.332	0.394	0.021	0.004			
4.369	1.704	0.328	0.416	0.022	0.004			
4.452	1.704	0.323	0.428	0.022	0.004			
4.538	1.704	0.318	0.436	0.022	0.004			
4.622	1.705	0.313	0.44	0.022	0.004			
4.709	1.705	0.307	0.431	0.021	0.004			
4.797	1.707	0.303	0.401	0.021	0.004			
4.884	1.707	0.298	0.414	0.021	0.004			
4.974	1.707	0.293	0.444	0.021	0.004			
5.061	1.708	0.29	0.414	0.02	0.004			
5.152	1.709	0.285	0.406	0.02	0.004			
5.244	1.709	0.281	0.419	0.02	0.004			
5.336	1.71	0.276	0.399	0.019	0.003			
5.428	1.71	0.273	0.42	0.019	0.003			
5.522	1.71	0.268	0.407	0.019	0.003			
5.616	1.71	0.264	0.451	0.019	0.004			
5.712	1.71	0.26	0.391	0.018	0.003			
5.81	1.709	0.257	0.424	0.019	0.003			
5.905	1.708	0.253	0.431	0.019	0.003			
6.001	1.708	0.25	0.452	0.019	0.003			
6.1	1.708	0.246	0.427	0.018	0.003			
6.2	1.708	0.242	0.419	0.018	0.003			
6.3	1.707	0.239	0.44	0.026	0.003			
1.234	2.032	0.847	0.149	0.035	0.019			
1.282	2.032	0.829	0.297	0.056	0.035			
1.323	2.032	0.816	0.447	0.067	0.049			
1.368	2.032	0.802	0.503	0.068	0.052			
1.416	2.031	0.787	0.534	0.065	0.051			
1.463	2.032	0.773	0.495	0.059	0.044			
1.511	2.031	0.759	0.563	0.056	0.047			
1.562	2.032	0.745	0.613	0.054	0.048			
1.615	2.031	0.731	0.522	0.05	0.038			
1.664	2.032	0.716	0.476	0.046	0.032			
1.717	2.033	0.705	0.357	0.04	0.023			
1.767	2.031	0.693	0.387	0.042	0.024			
1.825	2.035	0.679	0.339	0.04	0.019			
1.878	2.033	0.667	0.369	0.04	0.02			
1.931	2.033	0.655	0.415	0.041	0.021			
1.99	2.034	0.643	0.337	0.037	0.016			
2.046	2.035	0.633	0.387	0.039	0.018			
2.104	2.033	0.622	0.319	0.034	0.014			
2.162	2.033	0.61	0.405	0.036	0.017			
2.221	2.033	0.6	0.436	0.036	0.017			
2.282	2.032	0.59	0.405	0.035	0.015			
2.341	2.034	0.58	0.45	0.034	0.016			
2.402	2.034	0.57	0.377	0.032	0.013			
2.467	2.032	0.559	0.336	0.03	0.011			
2.532	2.034	0.55	0.368	0.031	0.011			
2.594	2.033	0.541	0.381	0.031	0.011			
2.658	2.033	0.531	0.385	0.03	0.011			
2.723	2.033	0.522	0.441	0.031	0.012			
2.791	2.034	0.512	0.393	0.029	0.01			
2.857	2.035	0.505	0.385	0.029	0.01			
2.925	2.033	0.496	0.427	0.029	0.01			
2.995	2.033	0.489	0.348	0.026	0.008			
3.062	2.033	0.481	0.388	0.027	0.009			
3.132	2.033	0.473	0.414	0.027	0.009			
3.202	2.033	0.464	0.379	0.026	0.008			
3.275	2.033	0.457	0.384	0.026	0.008			
3.349	2.033	0.45	0.395	0.026	0.008			
3.422	2.034	0.443	0.364	0.025	0.007			
3.495	2.033	0.436	0.397	0.026	0.007			
3.572	2.033	0.429	0.409	0.026	0.007			
3.648	2.034	0.422	0.409	0.026	0.007			
3.724	2.034	0.416	0.432	0.026	0.007			
3.802	2.035	0.41	0.437	0.026	0.007			
3.884	2.037	0.403	0.377	0.024	0.006			
3.961	2.038	0.397	0.389	0.024	0.006			
4.041	2.039	0.392	0.376	0.024	0.005			
4.122	2.04	0.386	0.446	0.025	0.006			
4.201	2.041	0.379	0.418	0.024	0.006			
4.285	2.041	0.374	0.359	0.023	0.005			
4.368	2.041	0.368	0.439	0.024	0.006			
4.454	2.042	0.363	0.389	0.023	0.005			
4.538	2.041	0.357	0.418	0.023	0.005			
4.623	2.04	0.351	0.386	0.023	0.005			
4.707	2.039	0.347	0.388	0.022	0.004			
4.797	2.039	0.342	0.401	0.022	0.005			
4.885	2.039	0.336	0.413	0.022	0.005			
4.973	2.04	0.331	0.389	0.022	0.004			
5.062	2.04	0.326	0.396	0.022	0.004			
5.152	2.04	0.322	0.373	0.021	0.004			
5.245	2.04	0.318	0.409	0.022	0.004			
5.337	2.039	0.313	0.409	0.022	0.004			
5.428	2.037	0.307	0.406	0.022	0.004			
5.52	2.036	0.304	0.41	0.022	0.004			
5.618	2.036	0.3	0.452	0.022	0.004			
5.714	2.034	0.296	0.42	0.022	0.004			
5.807	2.034	0.291	0.463	0.023	0.004			
5.904	2.033	0.287	0.429	0.023	0.004			
6.002	2.034	0.282	0.382	0.032	0.003			
1.232	2.42	0.868	0.222	0.048	0.032			
1.281	2.421	0.854	0.23	0.063	0.031			
1.329	2.419	0.84	0.373	0.08	0.047			
1.368	2.417	0.83	0.534	0.089	0.063			
1.415	2.415	0.815	0.529	0.08	0.059			
1.465	2.417	0.801	0.773	0.089	0.08			
1.516	2.416	0.788	0.531	0.072	0.052			
1.56	2.42	0.777	0.523	0.066	0.048			
1.611	2.416	0.764	0.492	0.063	0.042			
1.665	2.416	0.751	0.388	0.055	0.031			
1.718	2.417	0.739	0.368	0.051	0.028			
1.767	2.418	0.727	0.349	0.051	0.025			
1.824	2.419	0.717	0.272	0.047	0.019			
1.875	2.417	0.705	0.343	0.05	0.022			
1.934	2.418	0.693	0.302	0.047	0.019			
1.989	2.422	0.683	0.33	0.046	0.019			
2.044	2.417	0.675	0.29	0.045	0.016			
2.108	2.419	0.66	0.315	0.044	0.017			
2.164	2.419	0.651	0.393	0.046	0.02			
2.22	2.421	0.642	0.443	0.047	0.021			
2.282	2.422	0.632	0.489	0.047	0.022			
2.341	2.421	0.621	0.353	0.04	0.015			
2.402	2.424	0.613	0.428	0.041	0.018			
2.465	2.422	0.602	0.396	0.039	0.016			
2.525	2.423	0.593	0.343	0.038	0.013			
2.591	2.424	0.584	0.35	0.036	0.013			
2.657	2.426	0.576	0.33	0.035	0.012			
2.721	2.427	0.565	0.394	0.037	0.013			
2.786	2.427	0.559	0.394	0.036	0.013			
2.858	2.428	0.548	0.356	0.034	0.011			
2.926	2.428	0.542	0.388	0.033	0.012			
2.994	2.43	0.532	0.415	0.033	0.012			
3.061	2.43	0.525	0.402	0.032	0.011			
3.135	2.429	0.518	0.387	0.031	0.01			
3.204	2.43	0.509	0.394	0.031	0.01			
3.277	2.429	0.502	0.386	0.03	0.009			
3.351	2.428	0.495	0.388	0.03	0.009			
3.424	2.428	0.488	0.396	0.03	0.009			
3.501	2.429	0.48	0.34	0.028	0.008			
3.571	2.427	0.474	0.356	0.029	0.008			
3.646	2.428	0.466	0.428	0.03	0.009			
3.725	2.427	0.457	0.414	0.029	0.008			
3.801	2.428	0.452	0.405	0.029	0.008			
3.878	2.428	0.445	0.396	0.028	0.007			
3.962	2.427	0.438	0.43	0.029	0.008			
4.041	2.429	0.432	0.391	0.027	0.007			
4.124	2.428	0.426	0.42	0.028	0.007			
4.2	2.429	0.422	0.4	0.027	0.007			
4.287	2.428	0.415	0.475	0.029	0.008			
4.367	2.427	0.409	0.447	0.028	0.007			
4.454	2.427	0.402	0.372	0.026	0.006			
4.537	2.426	0.396	0.394	0.026	0.006			
4.624	2.425	0.391	0.411	0.026	0.006			
4.71	2.422	0.387	0.415	0.027	0.006			
4.796	2.423	0.381	0.431	0.027	0.006			
4.889	2.423	0.375	0.378	0.026	0.005			
4.971	2.424	0.371	0.392	0.026	0.005			
5.061	2.424	0.366	0.41	0.027	0.005			
5.153	2.423	0.36	0.4	0.027	0.005			
5.243	2.423	0.355	0.444	0.028	0.005			
5.338	2.422	0.35	0.434	0.028	0.005			
5.429	2.419	0.344	0.461	0.029	0.005			
5.526	2.417	0.339	0.427	0.03	0.005			
5.615	2.415	0.335	0.397	0.031	0.004			
1.24	2.889	0.886	0.151	0.054	0.024			
1.274	2.889	0.877	0.279	0.084	0.042			
1.322	2.891	0.863	0.417	0.107	0.058			
1.367	2.886	0.853	0.383	0.101	0.052			
1.412	2.889	0.841	0.508	0.107	0.063			
1.465	2.888	0.827	0.545	0.103	0.063			
1.512	2.89	0.818	0.615	0.099	0.069			
1.562	2.886	0.807	0.527	0.091	0.056			
1.612	2.889	0.794	0.489	0.081	0.049			
1.665	2.887	0.783	0.396	0.071	0.038			
1.715	2.888	0.771	0.347	0.064	0.031			
1.772	2.887	0.76	0.541	0.077	0.047			
1.819	2.888	0.752	0.309	0.062	0.025			
1.877	2.888	0.739	0.301	0.059	0.023			
1.933	2.89	0.73	0.411	0.064	0.03			
1.989	2.888	0.72	0.23	0.051	0.016			
2.042	2.889	0.712	0.344	0.057	0.023			
2.105	2.888	0.701	0.471	0.061	0.03			
2.161	2.887	0.69	0.286	0.05	0.017			
2.224	2.888	0.68	0.413	0.055	0.024			
2.283	2.886	0.668	0.473	0.056	0.026			
2.34	2.887	0.662	0.408	0.053	0.022			
2.4	2.886	0.654	0.364	0.047	0.019			
2.464	2.888	0.643	0.371	0.047	0.018			
2.526	2.889	0.637	0.414	0.048	0.02			
2.59	2.891	0.626	0.386	0.046	0.017			
2.658	2.891	0.615	0.476	0.049	0.02			
2.725	2.888	0.609	0.362	0.045	0.015			
2.792	2.888	0.601	0.386	0.043	0.015			
2.854	2.89	0.591	0.413	0.044	0.015			
2.923	2.89	0.586	0.348	0.039	0.013			
2.995	2.891	0.576	0.347	0.038	0.012			
3.064	2.888	0.567	0.314	0.036	0.011			
3.135	2.891	0.561	0.396	0.038	0.013			
3.207	2.89	0.55	0.35	0.035	0.011			
3.274	2.889	0.545	0.331	0.034	0.01			
3.349	2.889	0.538	0.407	0.037	0.012			
3.424	2.887	0.53	0.369	0.036	0.01			
3.5	2.887	0.522	0.369	0.036	0.01			
3.573	2.887	0.516	0.431	0.037	0.011			
3.646	2.886	0.51	0.379	0.035	0.01			
3.726	2.887	0.502	0.415	0.036	0.01			
3.801	2.888	0.495	0.442	0.037	0.011			
3.883	2.89	0.489	0.353	0.034	0.008			
3.96	2.888	0.484	0.364	0.034	0.008			
4.043	2.887	0.475	0.372	0.034	0.008			
4.122	2.886	0.468	0.417	0.035	0.009			
4.202	2.885	0.463	0.42	0.036	0.009			
4.285	2.885	0.456	0.351	0.034	0.007			
4.368	2.88	0.451	0.375	0.035	0.007			
4.453	2.877	0.444	0.432	0.037	0.008			
4.537	2.879	0.439	0.375	0.036	0.007			
4.622	2.874	0.432	0.407	0.037	0.007			
4.711	2.872	0.427	0.398	0.037	0.007			
4.795	2.87	0.422	0.407	0.039	0.007			
4.88	2.87	0.416	0.407	0.039	0.007			
4.969	2.871	0.41	0.372	0.039	0.006			
5.061	2.873	0.406	0.367	0.041	0.006			
5.159	2.873	0.399	0.302	0.04	0.005			
1.275	3.446	0.895	0.413	0.128	0.067			
1.326	3.434	0.881	0.467	0.143	0.071			
1.375	3.439	0.874	0.437	0.139	0.065			
1.419	3.433	0.863	0.577	0.146	0.081			
1.463	3.444	0.853	0.602	0.136	0.08			
1.508	3.442	0.844	0.452	0.12	0.057			
1.562	3.438	0.831	0.552	0.119	0.066			
1.612	3.449	0.823	0.486	0.101	0.057			
1.659	3.434	0.814	0.227	0.075	0.025			
1.713	3.444	0.803	0.338	0.084	0.035			
1.771	3.443	0.789	0.431	0.089	0.042			
1.815	3.444	0.781	0.202	0.078	0.019			
1.875	3.438	0.772	0.299	0.078	0.027			
1.932	3.443	0.764	0.464	0.088	0.04			
1.99	3.443	0.756	0.335	0.073	0.028			
2.044	3.438	0.744	0.384	0.077	0.03			
2.102	3.442	0.735	0.225	0.06	0.017			
2.163	3.439	0.725	0.29	0.069	0.021			
2.222	3.442	0.715	0.467	0.078	0.032			
2.277	3.441	0.709	0.413	0.07	0.027			
2.344	3.441	0.699	0.329	0.066	0.021			
2.402	3.448	0.691	0.389	0.063	0.024			
2.463	3.44	0.683	0.346	0.06	0.02			
2.527	3.442	0.672	0.302	0.057	0.017			
2.594	3.444	0.663	0.467	0.064	0.025			
2.66	3.44	0.658	0.446	0.062	0.023			
2.72	3.441	0.65	0.327	0.054	0.016			
2.789	3.437	0.639	0.299	0.052	0.014			
2.855	3.438	0.632	0.438	0.059	0.02			
2.922	3.436	0.625	0.483	0.059	0.022			
2.992	3.433	0.616	0.383	0.052	0.016			
3.063	3.433	0.608	0.285	0.047	0.012			
3.134	3.434	0.602	0.371	0.049	0.015			
3.206	3.43	0.594	0.325	0.048	0.012			
3.272	3.427	0.587	0.408	0.052	0.015			
3.345	3.425	0.579	0.262	0.044	0.009			
3.42	3.424	0.575	0.413	0.053	0.014			
3.495	3.426	0.566	0.307	0.048	0.01			
3.572	3.423	0.558	0.437	0.054	0.014			
3.648	3.42	0.55	0.438	0.056	0.014			
3.722	3.425	0.544	0.376	0.05	0.011			
3.803	3.422	0.537	0.322	0.049	0.009			
3.882	3.422	0.532	0.512	0.06	0.014			
3.962	3.425	0.525	0.393	0.052	0.011			
4.035	3.425	0.518	0.406	0.054	0.011			
4.122	3.421	0.511	0.362	0.054	0.009			
4.204	3.422	0.505	0.351	0.054	0.009			
4.288	3.425	0.498	0.402	0.056	0.01			
4.368	3.422	0.491	0.38	0.058	0.009			
4.455	3.418	0.483	0.33	0.056	0.007			
4.54	3.418	0.474	0.357	0.068	0.008			
4.626	3.411	0.471	0.308	0.071	0.007			
4.718	3.403	0.463	0.173	0.079	0.004			
1.226	4.107	0.92	0.232	0.117	0.043			
1.323	4.099	0.899	0.167	0.16	0.028			
1.376	4.088	0.891	0.117	0.171	0.019			
1.419	4.089	0.879	0.771	0.235	0.116			
1.466	4.095	0.872	0.532	0.189	0.077			
1.514	4.087	0.863	0.563	0.188	0.078			
1.563	4.084	0.852	0.608	0.18	0.081			
1.613	4.092	0.845	0.331	0.146	0.042			
1.661	4.092	0.837	0.28	0.127	0.034			
1.722	4.094	0.824	0.23	0.114	0.027			
1.773	4.088	0.817	0.526	0.138	0.059			
1.823	4.086	0.812	0.378	0.121	0.041			
1.874	4.098	0.802	0.442	0.127	0.046			
1.933	4.092	0.789	0.482	0.13	0.048			
1.987	4.095	0.785	0.214	0.091	0.021			
2.049	4.088	0.77	0.22	0.097	0.02			
2.1	4.08	0.768	0.373	0.103	0.034			
2.158	4.077	0.759	0.151	0.091	0.012			
2.217	4.075	0.751	0.379	0.117	0.031			
2.274	4.078	0.739	0.328	0.103	0.025			
2.338	4.085	0.734	0.304	0.097	0.023			
2.404	4.088	0.727	0.264	0.09	0.019			
2.459	4.088	0.719	0.406	0.099	0.029			
2.53	4.084	0.708	0.387	0.096	0.026			
2.595	4.08	0.703	0.26	0.084	0.017			
2.663	4.085	0.695	0.254	0.084	0.016			
2.721	4.084	0.688	0.441	0.101	0.026			
2.788	4.082	0.68	0.428	0.097	0.025			
2.86	4.084	0.672	0.33	0.087	0.018			
2.922	4.082	0.664	0.448	0.1	0.024			
2.996	4.082	0.661	0.43	0.097	0.023			
3.058	4.078	0.647	0.493	0.098	0.024			
3.133	4.08	0.641	0.585	0.104	0.028			
3.207	4.081	0.631	0.265	0.077	0.012			
3.276	4.084	0.624	0.312	0.084	0.014			
3.34	4.079	0.62	0.221	0.076	0.009			
3.418	4.069	0.611	0.332	0.094	0.014			
3.505	4.067	0.604	0.234	0.088	0.009			
3.554	4.051	0.595	0.074	0.064	0.003			
3.645	4.036	0.589	0.416	0.129	0.016			
3.716	4.028	0.581	0.336	0.105	0.012			
3.796	4.013	0.571	0.351	0.133	0.012			
3.884	3.998	0.563	0.298	0.144	0.01			
1.274	4.868	0.923	0.443	0.299	0.081			
1.367	4.873	0.905	0.389	0.296	0.066			
1.402	4.87	0.904	0.163	0.184	0.027			
1.467	4.856	0.888	0.267	0.263	0.042			
1.519	4.865	0.887	0.407	0.297	0.065			
1.605	4.872	0.869	0.477	0.303	0.067			
1.657	4.865	0.866	0.131	0.133	0.019			
1.714	4.865	0.856	0.376	0.232	0.051			
1.883	4.864	0.829	0.199	0.205	0.024			
1.939	4.864	0.813	0.465	0.213	0.051			
1.986	4.85	0.807	0.286	0.185	0.03			
2.061	4.846	0.799	0.183	0.202	0.019			
2.096	4.839	0.798	0.315	0.217	0.032			
2.28	4.792	0.773	0.211	0.164	0.019			
2.339	4.788	0.761	0.532	0.3	0.046			
2.4	4.776	0.752	0.391	0.248	0.032			
2.523	4.764	0.739	0.132	0.172	0.01			
2.594	4.754	0.731	0.567	0.266	0.042			
2.661	4.742	0.719	0.34	0.221	0.024			
2.722	4.721	0.718	0.361	0.232	0.025			
								
								
*****     Ratio F2n/F2d(x) and F2n/F2p(x) in the DIS region for various cuts on W* - see Fig. 20     *****								
								
W > 1.4 GeV								
W av er	Q2aver	x aver	F2n/F2d	stat.	syst.	F2n/F2p	stat.	syst.
2.4338	1.0867	0.177	0.4255	0.0035	0.0214	0.7314	0.0062	0.0383
2.2979	1.2874	0.225	0.4246	0.0029	0.0214	0.7172	0.0051	0.0377
2.1635	1.4609	0.2751	0.4173	0.003	0.0211	0.7035	0.0053	0.0372
2.0331	1.5878	0.3245	0.4115	0.0033	0.021	0.6864	0.0057	0.0366
1.9356	1.7382	0.3733	0.3965	0.0036	0.0205	0.6494	0.0061	0.0351
1.8314	1.8484	0.4226	0.3985	0.0039	0.021	0.6466	0.0067	0.0356
1.7297	1.9414	0.4728	0.3916	0.0044	0.0213	0.6173	0.0073	0.035
1.6662	2.1253	0.5224	0.3989	0.0053	0.0227	0.6182	0.0085	0.0367
1.6187	2.3815	0.5724	0.3723	0.0067	0.0226	0.5707	0.0107	0.0361
1.5775	2.6968	0.6214	0.3802	0.0088	0.0253	0.5839	0.0141	0.0404
1.5256	3.0149	0.6719	0.3643	0.0128	0.0272	0.5361	0.0197	0.0418
1.4823	3.4471	0.7199	0.3319	0.0191	0.0284	0.4895	0.0293	0.0437
1.4428	4.0627	0.7681	0.2764	0.0345	0.0281	0.4077	0.053	0.0432
								
W > 1.6 GeV								
W av er	Q2aver	x aver	F2n/F2d	stat.	syst.	F2n/F2p	stat.	syst.
2.4338	1.0867	0.177	0.4255	0.0035	0.0214	0.7314	0.0062	0.0383
2.2979	1.2874	0.225	0.4246	0.0029	0.0214	0.7172	0.0051	0.0377
2.1635	1.4609	0.2751	0.4173	0.003	0.0211	0.7035	0.0053	0.0372
2.0331	1.5878	0.3245	0.4115	0.0033	0.021	0.6864	0.0057	0.0366
1.941	1.7486	0.373	0.3975	0.0036	0.0206	0.6501	0.0061	0.0351
1.8619	1.9243	0.422	0.3966	0.0041	0.0209	0.641	0.007	0.0353
1.816	2.207	0.473	0.3885	0.0053	0.0212	0.6153	0.0087	0.035
1.7898	2.5785	0.5229	0.3896	0.0069	0.0222	0.6051	0.0113	0.0359
1.7482	2.9492	0.5722	0.3541	0.0098	0.0215	0.5423	0.0156	0.0344
1.7048	3.3502	0.6194	0.3687	0.0136	0.0244	0.5508	0.0212	0.038
1.6541	3.8112	0.6702	0.4112	0.029	0.0305	0.6069	0.0446	0.0469
1.6167	4.2595	0.7081	0.3003	0.0716	0.0253	0.4796	0.1193	0.0421
								
W > 1.8 GeV								
W av er	Q2aver	x aver	F2n/F2d	stat.	syst.	F2n/F2p	stat.	syst.
2.4338	1.0867	0.177	0.4255	0.0035	0.0214	0.7285	0.0062	0.0381
2.2979	1.2874	0.225	0.4246	0.0029	0.0214	0.7143	0.0051	0.0375
2.1635	1.4609	0.2751	0.4173	0.003	0.0211	0.7007	0.0053	0.0369
2.0699	1.6519	0.3235	0.4129	0.0035	0.0211	0.6865	0.0061	0.0365
2.0334	1.9511	0.3719	0.3987	0.0043	0.0206	0.6574	0.0073	0.0354
1.9749	2.2287	0.4215	0.4005	0.0054	0.0212	0.6539	0.0092	0.0359
1.9489	2.6351	0.4718	0.3824	0.0076	0.0208	0.6136	0.0126	0.0348
1.9008	2.9938	0.5205	0.3849	0.0103	0.0218	0.6157	0.0172	0.0363
1.866	3.532	0.573	0.3396	0.0188	0.0205	0.5269	0.0303	0.0331
1.8377	4.0755	0.6155	0.2697	0.0424	0.0176	0.4188	0.0684	0.0284