
*****     Ratio of extracted neutron structure function F2n to deuteron structure function F2d for 4 GeV beam energy  (see Fig. 17 top)     ******								
								
W*2	Q2	x*	F2n/F2d	stat.	syst.			
5.712	0.423	0.079	0.005	0.005	0.001			
5.067	0.505	0.113	0.211	0.255	0.001			
5.151	0.508	0.111	0.097	0.166	0.001			
5.427	0.513	0.104	0.336	0.373	0.001			
5.553	0.513	0.102	0.652	0.326	0.003			
2.718	0.611	0.257	0.531	0.862	0.004			
3.135	0.629	0.218	0.714	0.393	0.005			
3.213	0.628	0.212	0.384	0.27	0.003			
3.348	0.624	0.204	0.727	0.325	0.005			
3.418	0.627	0.197	0.669	0.288	0.004			
3.499	0.624	0.191	0.34	0.181	0.002			
3.563	0.626	0.188	0.328	0.17	0.002			
3.632	0.625	0.185	0.24	0.13	0.001			
3.725	0.626	0.179	0.323	0.129	0.002			
3.818	0.625	0.177	0.24	0.108	0.001			
3.882	0.626	0.171	0.429	0.131	0.002			
3.962	0.625	0.167	0.235	0.089	0.001			
4.048	0.625	0.164	0.279	0.086	0.002			
4.116	0.625	0.162	0.444	0.099	0.002			
4.199	0.624	0.159	0.286	0.074	0.002			
4.277	0.624	0.154	0.387	0.078	0.002			
4.373	0.623	0.15	0.382	0.072	0.002			
4.455	0.623	0.147	0.488	0.071	0.002			
4.536	0.622	0.144	0.283	0.056	0.001			
4.622	0.621	0.142	0.375	0.057	0.002			
4.71	0.62	0.138	0.388	0.053	0.002			
4.792	0.619	0.136	0.431	0.052	0.002			
4.887	0.618	0.133	0.434	0.05	0.002			
4.975	0.617	0.13	0.409	0.046	0.002			
5.06	0.616	0.127	0.395	0.042	0.002			
5.153	0.615	0.125	0.371	0.04	0.002			
5.241	0.614	0.122	0.365	0.038	0.002			
5.353	0.612	0.12	11.827	13.707	0.051			
5.434	0.61	0.117	20.101	5.975	0.086			
1.317	0.755	0.625	0.214	0.292	0.01			
1.372	0.753	0.599	0.441	0.263	0.019			
1.411	0.752	0.585	0.207	0.204	0.008			
1.466	0.751	0.556	1.033	0.281	0.036			
1.513	0.752	0.537	0.52	0.189	0.017			
1.559	0.751	0.519	0.708	0.19	0.021			
1.617	0.75	0.498	0.632	0.18	0.017			
1.654	0.75	0.488	0.38	0.134	0.009			
1.72	0.75	0.467	0.166	0.094	0.004			
1.767	0.749	0.451	0.206	0.105	0.004			
1.828	0.749	0.44	0.345	0.112	0.007			
1.867	0.748	0.428	0.296	0.106	0.006			
1.936	0.747	0.412	0.324	0.108	0.006			
1.992	0.748	0.396	0.191	0.083	0.003			
2.05	0.747	0.388	0.468	0.098	0.007			
2.105	0.746	0.376	0.34	0.085	0.005			
2.159	0.746	0.365	0.367	0.08	0.005			
2.22	0.745	0.355	0.472	0.082	0.006			
2.279	0.744	0.345	0.392	0.071	0.005			
2.339	0.743	0.336	0.352	0.065	0.004			
2.398	0.742	0.326	0.332	0.059	0.004			
2.461	0.742	0.317	0.541	0.07	0.006			
2.528	0.741	0.308	0.368	0.058	0.004			
2.591	0.739	0.3	0.464	0.06	0.005			
2.654	0.738	0.291	0.397	0.054	0.004			
2.723	0.738	0.284	0.342	0.05	0.003			
2.789	0.737	0.277	0.367	0.049	0.003			
2.857	0.736	0.269	0.429	0.048	0.004			
2.924	0.735	0.262	0.429	0.047	0.004			
2.992	0.734	0.256	0.444	0.045	0.004			
3.061	0.733	0.249	0.472	0.044	0.004			
3.134	0.732	0.244	0.353	0.038	0.003			
3.205	0.731	0.238	0.397	0.039	0.003			
3.276	0.73	0.231	0.377	0.036	0.003			
3.347	0.729	0.226	0.348	0.035	0.003			
3.424	0.728	0.221	0.385	0.035	0.003			
3.498	0.727	0.216	0.455	0.037	0.003			
3.574	0.726	0.21	0.464	0.036	0.003			
3.651	0.725	0.206	0.42	0.034	0.003			
3.725	0.723	0.202	0.452	0.034	0.003			
3.803	0.722	0.196	0.442	0.033	0.003			
3.881	0.721	0.192	0.456	0.033	0.003			
3.96	0.719	0.188	0.434	0.032	0.003			
4.04	0.718	0.183	0.411	0.031	0.002			
4.118	0.717	0.18	0.433	0.031	0.002			
4.204	0.716	0.176	0.437	0.03	0.002			
4.284	0.714	0.173	0.394	0.029	0.002			
4.367	0.713	0.169	0.449	0.03	0.002			
4.455	0.712	0.165	0.43	0.029	0.002			
4.538	0.712	0.163	0.447	0.029	0.002			
4.622	0.711	0.159	0.468	0.029	0.002			
4.71	0.712	0.156	0.45	0.028	0.002			
4.794	0.711	0.153	0.437	0.028	0.002			
4.884	0.711	0.15	0.375	0.026	0.002			
4.97	0.71	0.147	0.41	0.027	0.002			
5.063	0.709	0.145	0.432	0.027	0.002			
5.154	0.709	0.142	0.471	0.028	0.002			
5.246	0.708	0.139	0.481	0.029	0.002			
1.235	0.865	0.7	0.16	0.04	0.011			
1.279	0.863	0.676	0.323	0.06	0.02			
1.323	0.863	0.652	0.432	0.062	0.024			
1.37	0.862	0.629	0.632	0.062	0.031			
1.418	0.861	0.609	0.653	0.056	0.03			
1.465	0.861	0.59	0.736	0.054	0.03			
1.515	0.859	0.571	0.749	0.051	0.028			
1.562	0.859	0.552	0.609	0.044	0.021			
1.613	0.858	0.534	0.498	0.039	0.016			
1.664	0.858	0.518	0.477	0.038	0.014			
1.715	0.857	0.501	0.452	0.037	0.012			
1.77	0.857	0.486	0.472	0.038	0.012			
1.822	0.856	0.473	0.424	0.037	0.01			
1.879	0.855	0.457	0.365	0.035	0.008			
1.933	0.854	0.444	0.4	0.037	0.008			
1.987	0.853	0.431	0.377	0.035	0.007			
2.045	0.853	0.419	0.405	0.036	0.007			
2.102	0.852	0.408	0.436	0.035	0.008			
2.158	0.851	0.396	0.375	0.032	0.006			
2.22	0.85	0.384	0.466	0.034	0.007			
2.281	0.849	0.374	0.445	0.031	0.007			
2.34	0.849	0.365	0.447	0.031	0.006			
2.402	0.848	0.356	0.406	0.03	0.005			
2.467	0.847	0.345	0.383	0.028	0.005			
2.528	0.847	0.338	0.398	0.029	0.005			
2.594	0.846	0.329	0.402	0.029	0.005			
2.656	0.846	0.321	0.418	0.029	0.005			
2.724	0.845	0.313	0.441	0.029	0.005			
2.788	0.845	0.304	0.459	0.029	0.005			
2.855	0.845	0.298	0.435	0.028	0.004			
2.923	0.845	0.293	0.473	0.029	0.005			
2.991	0.845	0.284	0.421	0.027	0.004			
3.061	0.845	0.277	0.38	0.025	0.004			
3.132	0.845	0.272	0.418	0.026	0.004			
3.204	0.845	0.266	0.371	0.025	0.003			
3.275	0.845	0.259	0.383	0.025	0.003			
3.349	0.845	0.254	0.391	0.025	0.003			
3.424	0.845	0.248	0.405	0.026	0.003			
3.497	0.845	0.243	0.444	0.027	0.003			
3.572	0.845	0.237	0.397	0.026	0.003			
3.647	0.844	0.232	0.427	0.026	0.003			
3.727	0.844	0.227	0.458	0.027	0.003			
3.805	0.843	0.223	0.429	0.027	0.003			
3.881	0.843	0.218	0.438	0.026	0.003			
3.959	0.842	0.214	0.422	0.026	0.003			
4.04	0.842	0.21	0.436	0.026	0.003			
4.122	0.842	0.205	0.438	0.026	0.003			
4.202	0.842	0.202	0.379	0.025	0.002			
4.285	0.842	0.198	0.42	0.026	0.003			
4.369	0.842	0.193	0.478	0.027	0.003			
4.453	0.843	0.19	0.451	0.026	0.003			
4.538	0.842	0.187	0.404	0.025	0.002			
4.623	0.843	0.183	0.414	0.026	0.002			
4.707	0.843	0.18	0.443	0.027	0.003			
4.798	0.843	0.177	0.474	0.027	0.003			
4.886	0.843	0.174	0.428	0.026	0.002			
4.973	0.842	0.17	0.441	0.027	0.002			
5.064	0.842	0.167	0.446	0.027	0.002			
1.234	1.007	0.734	0.171	0.032	0.014			
1.276	1.007	0.71	0.283	0.045	0.021			
1.324	1.006	0.687	0.526	0.052	0.035			
1.369	1.006	0.668	0.64	0.052	0.038			
1.417	1.006	0.645	0.728	0.05	0.039			
1.464	1.005	0.628	0.716	0.045	0.035			
1.513	1.006	0.609	0.762	0.044	0.034			
1.562	1.006	0.591	0.58	0.038	0.024			
1.612	1.006	0.575	0.539	0.036	0.021			
1.662	1.006	0.558	0.452	0.033	0.016			
1.715	1.007	0.543	0.466	0.035	0.015			
1.77	1.006	0.527	0.44	0.034	0.013			
1.821	1.006	0.513	0.405	0.034	0.012			
1.877	1.006	0.498	0.404	0.034	0.011			
1.932	1.006	0.485	0.437	0.035	0.011			
1.991	1.006	0.47	0.348	0.032	0.008			
2.048	1.005	0.459	0.401	0.032	0.009			
2.101	1.005	0.447	0.36	0.031	0.008			
2.162	1.005	0.436	0.426	0.032	0.008			
2.221	1.004	0.425	0.432	0.031	0.008			
2.279	1.003	0.415	0.412	0.029	0.007			
2.341	1.003	0.406	0.431	0.029	0.007			
2.402	1.002	0.395	0.468	0.029	0.008			
2.467	1.003	0.386	0.361	0.027	0.006			
2.527	1.003	0.377	0.433	0.029	0.006			
2.592	1.003	0.368	0.423	0.028	0.006			
2.657	1.003	0.36	0.419	0.028	0.006			
2.724	1.004	0.351	0.481	0.029	0.006			
2.789	1.003	0.344	0.395	0.027	0.005			
2.857	1.004	0.336	0.444	0.028	0.005			
2.925	1.005	0.327	0.425	0.027	0.005			
2.991	1.006	0.322	0.372	0.025	0.004			
3.063	1.006	0.315	0.392	0.026	0.004			
3.134	1.006	0.307	0.373	0.025	0.004			
3.204	1.007	0.301	0.4	0.026	0.004			
3.277	1.007	0.294	0.312	0.023	0.003			
3.35	1.007	0.289	0.412	0.026	0.004			
3.422	1.007	0.283	0.38	0.025	0.004			
3.497	1.007	0.276	0.378	0.025	0.003			
3.572	1.007	0.271	0.411	0.026	0.004			
3.647	1.007	0.266	0.438	0.026	0.004			
3.725	1.007	0.26	0.466	0.027	0.004			
3.804	1.006	0.255	0.467	0.027	0.004			
3.88	1.005	0.249	0.431	0.026	0.003			
3.963	1.005	0.244	0.395	0.026	0.003			
4.039	1.004	0.24	0.408	0.026	0.003			
4.122	1.004	0.236	0.482	0.028	0.004			
4.201	1.003	0.231	0.377	0.025	0.003			
4.285	1.003	0.227	0.431	0.027	0.003			
4.364	1.003	0.223	0.42	0.027	0.003			
4.452	1.003	0.219	0.457	0.028	0.003			
4.536	1.004	0.215	0.438	0.027	0.003			
4.623	1.004	0.212	0.43	0.027	0.003			
4.709	1.005	0.208	0.424	0.027	0.003			
4.798	1.006	0.204	0.454	0.027	0.003			
1.237	1.198	0.765	0.15	0.032	0.014			
1.279	1.199	0.745	0.384	0.054	0.034			
1.323	1.199	0.724	0.361	0.053	0.028			
1.371	1.198	0.704	0.568	0.058	0.041			
1.417	1.198	0.686	0.73	0.06	0.048			
1.464	1.198	0.668	0.663	0.052	0.04			
1.514	1.198	0.651	0.597	0.046	0.033			
1.563	1.199	0.633	0.665	0.047	0.034			
1.613	1.199	0.616	0.475	0.04	0.022			
1.662	1.2	0.601	0.412	0.037	0.018			
1.717	1.2	0.585	0.444	0.039	0.018			
1.769	1.2	0.57	0.395	0.038	0.015			
1.821	1.2	0.556	0.383	0.037	0.013			
1.877	1.2	0.542	0.435	0.039	0.014			
1.93	1.199	0.528	0.42	0.037	0.013			
1.988	1.199	0.517	0.447	0.038	0.013			
2.045	1.199	0.505	0.457	0.037	0.013			
2.102	1.198	0.491	0.412	0.035	0.011			
2.162	1.198	0.48	0.393	0.034	0.01			
2.219	1.198	0.47	0.445	0.034	0.01			
2.281	1.198	0.458	0.462	0.034	0.01			
2.343	1.197	0.448	0.426	0.032	0.009			
2.402	1.197	0.439	0.418	0.031	0.008			
2.466	1.198	0.429	0.409	0.03	0.008			
2.527	1.198	0.418	0.422	0.031	0.008			
2.594	1.198	0.409	0.366	0.03	0.006			
2.658	1.198	0.4	0.422	0.03	0.007			
2.723	1.198	0.392	0.409	0.03	0.007			
2.787	1.198	0.384	0.42	0.03	0.006			
2.858	1.199	0.376	0.427	0.031	0.006			
2.924	1.198	0.368	0.443	0.03	0.006			
2.993	1.199	0.36	0.414	0.029	0.006			
3.064	1.198	0.353	0.392	0.028	0.005			
3.132	1.198	0.347	0.396	0.028	0.005			
3.201	1.198	0.338	0.395	0.028	0.005			
3.276	1.198	0.331	0.425	0.029	0.005			
3.348	1.198	0.325	0.455	0.03	0.005			
3.424	1.198	0.319	0.423	0.029	0.005			
3.497	1.198	0.312	0.384	0.028	0.004			
3.571	1.197	0.307	0.445	0.03	0.005			
3.649	1.197	0.301	0.449	0.03	0.005			
3.725	1.198	0.295	0.486	0.031	0.005			
3.802	1.198	0.29	0.442	0.03	0.004			
3.88	1.199	0.285	0.46	0.03	0.004			
3.959	1.2	0.28	0.423	0.029	0.004			
4.042	1.201	0.275	0.39	0.027	0.004			
4.122	1.202	0.27	0.434	0.029	0.004			
4.202	1.203	0.265	0.392	0.027	0.003			
4.284	1.203	0.261	0.428	0.027	0.004			
4.368	1.202	0.255	0.441	0.028	0.004			
4.454	1.203	0.251	0.422	0.027	0.003			
4.537	1.203	0.247	0.407	0.026	0.003			
1.238	1.425	0.796	0.131	0.035	0.015			
1.279	1.424	0.776	0.372	0.06	0.038			
1.324	1.424	0.759	0.389	0.064	0.036			
1.37	1.423	0.739	0.539	0.067	0.045			
1.417	1.423	0.722	0.781	0.07	0.061			
1.464	1.423	0.703	0.676	0.063	0.049			
1.514	1.422	0.688	0.623	0.056	0.041			
1.562	1.423	0.672	0.556	0.051	0.034			
1.61	1.423	0.656	0.502	0.047	0.028			
1.666	1.425	0.641	0.458	0.045	0.024			
1.716	1.424	0.626	0.536	0.048	0.026			
1.769	1.423	0.612	0.414	0.044	0.019			
1.822	1.424	0.597	0.414	0.044	0.018			
1.878	1.424	0.584	0.394	0.042	0.016			
1.935	1.424	0.572	0.393	0.042	0.015			
1.99	1.424	0.558	0.369	0.04	0.013			
2.043	1.424	0.548	0.375	0.04	0.013			
2.103	1.424	0.535	0.41	0.04	0.013			
2.16	1.424	0.524	0.414	0.04	0.012			
2.222	1.424	0.513	0.453	0.04	0.013			
2.28	1.425	0.502	0.489	0.04	0.013			
2.34	1.425	0.491	0.463	0.038	0.012			
2.401	1.426	0.481	0.436	0.037	0.011			
2.462	1.425	0.473	0.451	0.037	0.011			
2.526	1.425	0.462	0.403	0.035	0.009			
2.592	1.425	0.452	0.365	0.033	0.008			
2.656	1.425	0.443	0.381	0.034	0.008			
2.723	1.425	0.434	0.409	0.034	0.008			
2.788	1.424	0.426	0.435	0.035	0.008			
2.857	1.425	0.416	0.394	0.034	0.007			
2.924	1.425	0.409	0.419	0.034	0.007			
2.995	1.426	0.402	0.358	0.031	0.006			
3.065	1.426	0.394	0.405	0.032	0.007			
3.134	1.425	0.386	0.364	0.03	0.006			
3.205	1.427	0.38	0.364	0.03	0.005			
3.275	1.426	0.373	0.357	0.03	0.005			
3.349	1.428	0.366	0.383	0.03	0.005			
3.423	1.43	0.358	0.351	0.029	0.005			
3.497	1.429	0.352	0.405	0.03	0.005			
3.569	1.43	0.346	0.412	0.03	0.005			
3.65	1.43	0.34	0.394	0.029	0.005			
3.725	1.43	0.332	0.386	0.029	0.005			
3.801	1.429	0.326	0.413	0.03	0.005			
3.882	1.428	0.321	0.421	0.03	0.005			
3.958	1.428	0.315	0.419	0.029	0.005			
4.041	1.428	0.311	0.433	0.03	0.005			
4.121	1.428	0.305	0.464	0.03	0.005			
4.202	1.428	0.299	0.358	0.027	0.004			
1.232	1.699	0.822	0.152	0.041	0.019			
1.277	1.696	0.805	0.315	0.066	0.037			
1.325	1.697	0.786	0.398	0.074	0.042			
1.371	1.696	0.769	0.509	0.078	0.05			
1.418	1.694	0.754	0.545	0.078	0.05			
1.464	1.695	0.74	0.799	0.083	0.068			
1.512	1.695	0.724	0.58	0.069	0.046			
1.562	1.695	0.71	0.485	0.06	0.035			
1.613	1.696	0.695	0.536	0.062	0.037			
1.665	1.695	0.679	0.422	0.054	0.027			
1.718	1.698	0.665	0.412	0.053	0.024			
1.766	1.697	0.653	0.392	0.053	0.022			
1.823	1.697	0.638	0.375	0.051	0.02			
1.877	1.699	0.628	0.388	0.05	0.019			
1.935	1.698	0.612	0.357	0.049	0.017			
1.985	1.7	0.604	0.419	0.051	0.019			
2.046	1.7	0.59	0.446	0.049	0.019			
2.105	1.701	0.581	0.293	0.043	0.012			
2.161	1.702	0.568	0.346	0.043	0.013			
2.219	1.703	0.555	0.45	0.047	0.016			
2.28	1.703	0.546	0.456	0.046	0.015			
2.342	1.703	0.535	0.414	0.042	0.013			
2.401	1.704	0.527	0.39	0.04	0.012			
2.464	1.704	0.517	0.386	0.04	0.011			
2.527	1.705	0.507	0.395	0.04	0.011			
2.591	1.705	0.497	0.387	0.039	0.01			
2.656	1.704	0.486	0.375	0.037	0.01			
2.721	1.704	0.478	0.351	0.036	0.009			
2.788	1.704	0.47	0.439	0.038	0.01			
2.855	1.704	0.46	0.456	0.039	0.01			
2.924	1.704	0.452	0.425	0.037	0.009			
2.992	1.702	0.444	0.384	0.034	0.008			
3.064	1.704	0.436	0.418	0.035	0.008			
3.131	1.704	0.429	0.385	0.033	0.007			
3.205	1.704	0.421	0.335	0.031	0.006			
3.277	1.703	0.413	0.356	0.032	0.006			
3.347	1.704	0.406	0.396	0.033	0.007			
3.424	1.704	0.401	0.345	0.031	0.006			
3.497	1.703	0.392	0.386	0.032	0.006			
3.571	1.704	0.385	0.397	0.033	0.006			
3.65	1.704	0.379	0.398	0.032	0.006			
3.723	1.702	0.372	0.396	0.032	0.006			
3.801	1.701	0.368	0.461	0.035	0.007			
1.232	2.03	0.847	0.105	0.048	0.015			
1.28	2.035	0.831	0.189	0.071	0.025			
1.325	2.034	0.816	0.308	0.089	0.038			
1.369	2.035	0.801	0.511	0.102	0.059			
1.419	2.032	0.789	0.628	0.107	0.068			
1.468	2.03	0.771	0.541	0.089	0.054			
1.513	2.032	0.759	0.669	0.094	0.063			
1.564	2.034	0.745	0.618	0.084	0.054			
1.613	2.031	0.73	0.619	0.083	0.05			
1.663	2.032	0.721	0.448	0.07	0.035			
1.717	2.031	0.706	0.361	0.06	0.026			
1.769	2.03	0.693	0.385	0.063	0.026			
1.823	2.032	0.678	0.299	0.056	0.019			
1.875	2.032	0.668	0.296	0.055	0.018			
1.932	2.03	0.654	0.341	0.056	0.019			
1.991	2.035	0.642	0.296	0.054	0.016			
2.045	2.031	0.633	0.358	0.057	0.018			
2.105	2.03	0.622	0.427	0.059	0.021			
2.162	2.031	0.611	0.357	0.054	0.016			
2.219	2.032	0.6	0.49	0.058	0.022			
2.278	2.032	0.589	0.392	0.053	0.016			
2.339	2.033	0.58	0.48	0.054	0.019			
2.401	2.034	0.57	0.388	0.05	0.015			
2.465	2.034	0.559	0.412	0.05	0.015			
2.527	2.031	0.548	0.424	0.05	0.014			
2.593	2.034	0.539	0.404	0.048	0.013			
2.661	2.033	0.53	0.311	0.042	0.01			
2.722	2.033	0.522	0.439	0.047	0.013			
2.788	2.031	0.513	0.476	0.048	0.014			
2.854	2.03	0.506	0.403	0.045	0.011			
2.925	2.03	0.494	0.461	0.046	0.012			
2.99	2.03	0.487	0.397	0.043	0.01			
3.062	2.03	0.479	0.318	0.039	0.008			
3.134	2.031	0.472	0.368	0.041	0.009			
3.204	2.029	0.465	0.413	0.042	0.01			
3.28	2.031	0.456	0.409	0.042	0.009			
3.349	2.03	0.449	0.396	0.041	0.008			
1.229	2.42	0.867	0.095	0.052	0.015			
1.269	2.421	0.86	0.073	0.082	0.011			
1.327	2.42	0.84	0.426	0.124	0.06			
1.367	2.417	0.829	0.586	0.14	0.076			
1.419	2.417	0.814	0.58	0.129	0.07			
1.462	2.414	0.801	0.858	0.148	0.098			
1.51	2.419	0.79	0.566	0.115	0.061			
1.562	2.417	0.778	0.584	0.108	0.06			
1.614	2.42	0.76	0.587	0.103	0.055			
1.669	2.416	0.75	0.352	0.084	0.032			
1.718	2.415	0.739	0.424	0.086	0.036			
1.771	2.418	0.727	0.47	0.089	0.037			
1.826	2.416	0.715	0.35	0.075	0.027			
1.869	2.419	0.703	0.24	0.065	0.017			
1.935	2.419	0.692	0.296	0.072	0.02			
1.991	2.416	0.681	0.373	0.076	0.024			
2.044	2.42	0.673	0.343	0.071	0.021			
2.099	2.419	0.663	0.43	0.075	0.025			
2.156	2.421	0.653	0.355	0.07	0.02			
2.218	2.42	0.642	0.371	0.068	0.02			
2.283	2.418	0.631	0.507	0.076	0.026			
2.342	2.419	0.621	0.343	0.063	0.017			
2.397	2.419	0.613	0.337	0.061	0.015			
2.463	2.418	0.6	0.296	0.056	0.013			
2.523	2.42	0.593	0.287	0.056	0.012			
2.59	2.418	0.585	0.371	0.061	0.015			
2.655	2.417	0.575	0.493	0.067	0.019			
2.721	2.415	0.566	0.41	0.062	0.015			
2.787	2.412	0.554	0.456	0.064	0.016			
1.232	2.877	0.887	0.305	0.113	0.053			
1.271	2.875	0.872	0.305	0.142	0.049			
1.318	2.875	0.862	0.406	0.168	0.062			
1.367	2.88	0.851	0.788	0.212	0.115			
1.421	2.875	0.838	0.458	0.175	0.063			
1.463	2.87	0.824	0.402	0.16	0.053			
1.518	2.873	0.815	0.537	0.16	0.066			
1.565	2.87	0.802	0.508	0.146	0.059			
1.616	2.867	0.79	0.65	0.15	0.071			
1.67	2.873	0.778	0.248	0.097	0.025			
1.724	2.863	0.767	0.263	0.104	0.026			
1.776	2.874	0.759	0.248	0.1	0.023			
1.823	2.867	0.752	0.342	0.116	0.031			
1.877	2.874	0.742	0.355	0.117	0.031			
1.937	2.87	0.725	0.392	0.114	0.031			
1.996	2.864	0.715	0.437	0.116	0.033			
2.046	2.87	0.703	0.378	0.107	0.027			
2.093	2.863	0.701	0.241	0.094	0.017			
1.238	3.418	0.896	0.11	0.089	0.02			
1.333	3.414	0.877	0.082	0.064	0.014			
								
								
*****     Ratio of extracted neutron structure function F2n to deuteron structure function F2d for 5 GeV beam energy  (see Fig. 17 bottom)     ******								
								
W*2	Q2	x*	F2n/F2d	stat.	syst.			
7.016	0.602	0.09	0.231	0.31	0.001			
7.33	0.603	0.086	7.937	6.466	0.026			
5.243	0.732	0.147	0.376	0.205	0.002			
5.334	0.736	0.146	0.1	0.171	0.001			
5.441	0.737	0.142	0.21	0.147	0.001			
5.52	0.741	0.139	0.42	0.165	0.002			
5.615	0.743	0.135	0.238	0.12	0.001			
5.712	0.742	0.134	0.312	0.119	0.001			
5.795	0.743	0.132	0.329	0.111	0.001			
6.001	0.745	0.127	16.799	9.646	0.068			
6.085	0.744	0.125	10.484	9.863	0.042			
6.203	0.744	0.123	15.6	5.652	0.062			
6.316	0.745	0.12	14.573	7.661	0.057			
6.403	0.745	0.119	0.194	0.073	0.001			
6.496	0.744	0.116	13.747	4.659	0.053			
6.609	0.744	0.114	14.224	2.991	0.054			
6.696	0.743	0.113	13.674	3.262	0.052			
6.81	0.742	0.11	0.24	0.056	0.001			
6.92	0.741	0.108	12.467	2.233	0.046			
7.033	0.74	0.106	11.443	2.096	0.042			
7.126	0.739	0.105	0.332	0.049	0.001			
7.237	0.737	0.103	6.444	1.078	0.023			
3	0.887	0.298	1.007	0.538	0.009			
3.062	0.892	0.293	0.541	0.31	0.005			
3.134	0.896	0.287	1.017	0.426	0.009			
3.277	0.892	0.27	0.472	0.242	0.004			
3.344	0.896	0.264	0.075	0.14	0.001			
3.428	0.897	0.26	0.223	0.128	0.002			
3.494	0.897	0.251	0.462	0.166	0.003			
3.579	0.895	0.248	0.667	0.171	0.005			
3.645	0.895	0.245	0.374	0.112	0.003			
3.722	0.894	0.238	0.503	0.126	0.003			
3.799	0.894	0.234	0.493	0.113	0.003			
3.889	0.894	0.228	0.456	0.099	0.003			
3.955	0.893	0.224	0.422	0.084	0.003			
4.039	0.893	0.221	0.486	0.086	0.003			
4.127	0.893	0.214	0.466	0.075	0.003			
4.207	0.892	0.211	0.428	0.067	0.003			
4.284	0.892	0.206	0.382	0.061	0.002			
4.371	0.891	0.202	0.438	0.059	0.003			
4.451	0.89	0.199	0.434	0.056	0.002			
4.538	0.889	0.193	0.422	0.05	0.002			
4.623	0.888	0.19	0.477	0.049	0.003			
4.709	0.887	0.187	0.395	0.044	0.002			
4.792	0.885	0.183	0.462	0.043	0.002			
4.882	0.883	0.18	0.495	0.042	0.003			
4.976	0.881	0.175	0.416	0.037	0.002			
5.063	0.88	0.173	0.447	0.036	0.002			
5.155	0.879	0.169	0.389	0.032	0.002			
5.244	0.877	0.166	0.455	0.032	0.002			
5.339	0.876	0.163	0.405	0.03	0.002			
5.428	0.874	0.16	0.417	0.029	0.002			
5.521	0.873	0.157	0.427	0.028	0.002			
5.614	0.871	0.154	0.402	0.026	0.002			
5.711	0.869	0.151	0.466	0.026	0.002			
5.805	0.868	0.148	0.395	0.023	0.002			
5.906	0.866	0.146	0.439	0.024	0.002			
6.004	0.864	0.143	0.4	0.023	0.002			
6.125	0.861	0.14	0.455	0.033	0.002			
6.215	0.859	0.137	14.028	5.032	0.06			
6.302	0.857	0.135	14.498	2.392	0.061			
6.395	0.855	0.133	12.832	1.937	0.054			
6.503	0.854	0.131	12.141	1.659	0.05			
6.607	0.853	0.129	11.789	1.287	0.048			
6.706	0.852	0.127	10.069	1.48	0.041			
6.807	0.852	0.125	11.727	1.948	0.047			
6.917	0.85	0.123	0.057	0.01	0.045			
7.029	0.85	0.12	10.213	1.234	0.04			
7.132	0.849	0.119	4.943	0.737	0.019			
1.23	1.076	0.747	0.333	0.205	0.025			
1.277	1.077	0.722	0.289	0.162	0.02			
1.322	1.075	0.704	0.462	0.211	0.03			
1.371	1.075	0.681	0.483	0.203	0.028			
1.418	1.076	0.659	0.631	0.186	0.033			
1.462	1.075	0.644	0.609	0.142	0.029			
1.516	1.074	0.623	0.586	0.136	0.026			
1.565	1.074	0.606	0.726	0.139	0.029			
1.613	1.072	0.589	0.302	0.088	0.011			
1.665	1.072	0.575	0.328	0.088	0.011			
1.713	1.071	0.557	0.377	0.089	0.012			
1.764	1.07	0.541	0.373	0.087	0.011			
1.819	1.069	0.53	0.476	0.091	0.013			
1.877	1.067	0.514	0.393	0.079	0.01			
1.934	1.067	0.499	0.412	0.079	0.01			
1.985	1.067	0.488	0.289	0.066	0.007			
2.042	1.065	0.475	0.34	0.065	0.007			
2.102	1.064	0.463	0.377	0.062	0.008			
2.162	1.063	0.45	0.417	0.063	0.008			
2.22	1.061	0.439	0.44	0.058	0.008			
2.278	1.06	0.429	0.497	0.056	0.009			
2.344	1.059	0.415	0.343	0.048	0.006			
2.403	1.058	0.408	0.449	0.049	0.007			
2.466	1.056	0.395	0.371	0.044	0.005			
2.527	1.055	0.387	0.298	0.039	0.004			
2.592	1.054	0.379	0.362	0.041	0.005			
2.655	1.053	0.369	0.475	0.043	0.006			
2.722	1.051	0.36	0.39	0.038	0.005			
2.787	1.05	0.352	0.437	0.038	0.005			
2.856	1.049	0.344	0.428	0.036	0.005			
2.924	1.047	0.337	0.458	0.035	0.005			
2.993	1.046	0.329	0.422	0.033	0.005			
3.064	1.045	0.322	0.379	0.03	0.004			
3.134	1.044	0.314	0.377	0.029	0.004			
3.202	1.042	0.307	0.362	0.027	0.003			
3.277	1.041	0.301	0.443	0.029	0.004			
3.349	1.039	0.294	0.424	0.028	0.004			
3.423	1.038	0.288	0.432	0.027	0.004			
3.497	1.036	0.282	0.385	0.025	0.003			
3.571	1.035	0.275	0.4	0.025	0.003			
3.648	1.033	0.271	0.446	0.026	0.004			
3.725	1.032	0.264	0.437	0.025	0.003			
3.803	1.031	0.258	0.394	0.023	0.003			
3.88	1.029	0.254	0.408	0.023	0.003			
3.961	1.027	0.248	0.432	0.023	0.003			
4.04	1.026	0.243	0.391	0.022	0.003			
4.121	1.025	0.238	0.405	0.022	0.003			
4.202	1.023	0.233	0.426	0.022	0.003			
4.284	1.022	0.228	0.415	0.021	0.003			
4.369	1.02	0.225	0.421	0.021	0.003			
4.454	1.019	0.22	0.433	0.021	0.003			
4.538	1.017	0.216	0.444	0.021	0.003			
4.621	1.016	0.212	0.41	0.02	0.002			
4.71	1.015	0.208	0.42	0.02	0.002			
4.797	1.014	0.205	0.424	0.02	0.002			
4.883	1.013	0.202	0.418	0.02	0.002			
4.971	1.013	0.197	0.418	0.019	0.002			
5.06	1.012	0.194	0.441	0.02	0.002			
5.152	1.012	0.191	0.435	0.019	0.002			
5.244	1.012	0.187	0.421	0.019	0.002			
5.335	1.011	0.185	0.418	0.019	0.002			
5.429	1.011	0.181	0.409	0.019	0.002			
5.519	1.011	0.178	0.449	0.019	0.002			
5.616	1.011	0.175	0.426	0.018	0.002			
5.71	1.01	0.172	0.414	0.018	0.002			
5.809	1.01	0.169	0.446	0.019	0.002			
5.903	1.009	0.166	0.451	0.019	0.002			
6.001	1.008	0.164	0.434	0.018	0.002			
6.1	1.008	0.161	0.431	0.018	0.002			
6.199	1.008	0.159	0.419	0.018	0.002			
6.299	1.008	0.156	0.436	0.018	0.002			
6.403	1.008	0.154	0.437	0.018	0.002			
6.502	1.008	0.152	0.438	0.018	0.002			
6.605	1.008	0.149	0.44	0.018	0.002			
6.708	1.007	0.147	0.455	0.018	0.002			
6.812	1.007	0.145	0.455	0.019	0.002			
6.918	1.007	0.143	0.44	0.018	0.002			
1.237	1.221	0.768	0.22	0.037	0.019			
1.277	1.222	0.747	0.433	0.056	0.034			
1.322	1.22	0.727	0.524	0.058	0.038			
1.368	1.221	0.707	0.663	0.058	0.043			
1.417	1.22	0.688	0.699	0.053	0.041			
1.464	1.218	0.671	0.754	0.051	0.041			
1.51	1.218	0.654	0.689	0.045	0.035			
1.562	1.217	0.636	0.604	0.04	0.028			
1.612	1.217	0.619	0.532	0.037	0.023			
1.662	1.217	0.604	0.45	0.034	0.018			
1.716	1.216	0.588	0.439	0.033	0.016			
1.769	1.216	0.575	0.377	0.032	0.013			
1.821	1.215	0.559	0.387	0.032	0.012			
1.877	1.214	0.545	0.436	0.033	0.013			
1.933	1.214	0.532	0.377	0.031	0.011			
1.989	1.213	0.518	0.435	0.032	0.012			
2.043	1.212	0.507	0.355	0.028	0.009			
2.105	1.212	0.494	0.357	0.028	0.008			
2.162	1.211	0.482	0.451	0.029	0.01			
2.222	1.21	0.471	0.428	0.027	0.009			
2.28	1.21	0.459	0.453	0.027	0.009			
2.342	1.208	0.45	0.402	0.025	0.008			
2.401	1.208	0.439	0.428	0.025	0.008			
2.464	1.207	0.43	0.399	0.024	0.007			
2.528	1.207	0.421	0.411	0.024	0.007			
2.594	1.206	0.41	0.35	0.022	0.005			
2.659	1.206	0.401	0.406	0.023	0.006			
2.723	1.205	0.393	0.386	0.022	0.006			
2.791	1.205	0.385	0.368	0.022	0.005			
2.856	1.205	0.377	0.405	0.022	0.005			
2.923	1.204	0.369	0.433	0.022	0.006			
2.994	1.204	0.361	0.403	0.021	0.005			
3.063	1.204	0.354	0.404	0.02	0.005			
3.133	1.204	0.348	0.387	0.02	0.005			
3.204	1.204	0.34	0.424	0.021	0.005			
3.277	1.204	0.333	0.428	0.021	0.005			
3.348	1.204	0.326	0.377	0.019	0.004			
3.424	1.204	0.319	0.359	0.019	0.004			
3.496	1.204	0.314	0.428	0.02	0.004			
3.572	1.204	0.308	0.407	0.02	0.004			
3.648	1.204	0.302	0.427	0.02	0.004			
3.726	1.205	0.295	0.459	0.021	0.004			
3.802	1.205	0.291	0.442	0.02	0.004			
3.882	1.204	0.285	0.432	0.02	0.004			
3.961	1.204	0.28	0.434	0.02	0.004			
4.04	1.203	0.274	0.443	0.02	0.004			
4.12	1.203	0.269	0.411	0.019	0.003			
4.202	1.202	0.264	0.438	0.02	0.003			
4.286	1.201	0.259	0.426	0.02	0.003			
4.368	1.201	0.255	0.382	0.019	0.003			
4.452	1.2	0.25	0.404	0.019	0.003			
4.536	1.199	0.246	0.413	0.019	0.003			
4.624	1.199	0.242	0.44	0.019	0.003			
4.709	1.199	0.238	0.422	0.019	0.003			
4.797	1.199	0.234	0.407	0.019	0.003			
4.882	1.201	0.23	0.419	0.019	0.003			
4.972	1.201	0.227	0.446	0.019	0.003			
5.062	1.201	0.223	0.456	0.019	0.003			
5.153	1.202	0.219	0.391	0.018	0.002			
5.245	1.202	0.215	0.411	0.019	0.003			
5.334	1.203	0.212	0.441	0.019	0.003			
5.43	1.204	0.208	0.4	0.018	0.002			
5.523	1.203	0.205	0.415	0.018	0.002			
5.619	1.204	0.202	0.46	0.019	0.003			
5.712	1.203	0.198	0.426	0.018	0.002			
5.809	1.202	0.195	0.415	0.018	0.002			
5.904	1.201	0.192	0.429	0.019	0.002			
6.001	1.2	0.189	0.374	0.018	0.002			
6.099	1.199	0.186	0.427	0.019	0.002			
6.2	1.198	0.184	0.417	0.018	0.002			
6.301	1.198	0.181	0.451	0.019	0.002			
6.399	1.199	0.179	0.417	0.018	0.002			
6.502	1.2	0.176	0.409	0.018	0.002			
6.605	1.201	0.174	0.418	0.018	0.002			
6.709	1.202	0.171	0.42	0.017	0.002			
1.234	1.43	0.794	0.201	0.03	0.02			
1.28	1.43	0.775	0.301	0.042	0.028			
1.324	1.431	0.757	0.431	0.048	0.036			
1.371	1.43	0.739	0.538	0.048	0.041			
1.417	1.428	0.722	0.641	0.047	0.045			
1.464	1.429	0.705	0.705	0.045	0.046			
1.515	1.429	0.688	0.628	0.04	0.038			
1.563	1.429	0.672	0.565	0.036	0.031			
1.612	1.43	0.656	0.532	0.035	0.027			
1.663	1.428	0.641	0.417	0.031	0.02			
1.716	1.43	0.626	0.383	0.03	0.017			
1.769	1.429	0.611	0.357	0.029	0.015			
1.823	1.429	0.598	0.369	0.029	0.014			
1.878	1.429	0.585	0.394	0.03	0.014			
1.933	1.428	0.573	0.383	0.029	0.013			
1.989	1.429	0.559	0.402	0.029	0.013			
2.045	1.428	0.547	0.399	0.029	0.012			
2.103	1.429	0.535	0.423	0.029	0.012			
2.163	1.428	0.524	0.439	0.028	0.012			
2.22	1.428	0.512	0.382	0.026	0.01			
2.281	1.426	0.501	0.458	0.027	0.011			
2.341	1.425	0.49	0.393	0.025	0.009			
2.404	1.425	0.481	0.413	0.024	0.009			
2.465	1.425	0.471	0.37	0.023	0.008			
2.53	1.424	0.461	0.373	0.023	0.007			
2.59	1.424	0.453	0.401	0.024	0.008			
2.66	1.424	0.443	0.374	0.023	0.007			
2.725	1.424	0.434	0.401	0.023	0.007			
2.787	1.424	0.426	0.416	0.023	0.007			
2.856	1.424	0.417	0.438	0.023	0.007			
2.923	1.425	0.41	0.405	0.022	0.006			
2.993	1.425	0.401	0.418	0.022	0.006			
3.062	1.425	0.394	0.4	0.021	0.006			
3.135	1.426	0.386	0.351	0.02	0.005			
3.204	1.427	0.379	0.385	0.021	0.005			
3.277	1.427	0.372	0.367	0.02	0.005			
3.35	1.428	0.365	0.388	0.021	0.005			
3.424	1.429	0.359	0.41	0.021	0.005			
3.498	1.43	0.352	0.381	0.02	0.005			
3.572	1.431	0.345	0.424	0.021	0.005			
3.648	1.431	0.34	0.419	0.021	0.005			
3.724	1.432	0.334	0.447	0.021	0.005			
3.803	1.431	0.327	0.387	0.02	0.004			
3.88	1.432	0.322	0.457	0.021	0.005			
3.96	1.431	0.316	0.455	0.021	0.005			
4.04	1.431	0.31	0.397	0.02	0.004			
4.122	1.43	0.305	0.404	0.02	0.004			
4.201	1.431	0.3	0.431	0.02	0.004			
4.284	1.429	0.294	0.397	0.019	0.004			
4.369	1.429	0.289	0.377	0.019	0.003			
4.453	1.429	0.285	0.442	0.02	0.004			
4.536	1.429	0.28	0.391	0.019	0.003			
4.624	1.428	0.276	0.4	0.019	0.003			
4.706	1.428	0.271	0.399	0.02	0.003			
4.794	1.429	0.267	0.423	0.02	0.003			
4.884	1.428	0.262	0.41	0.02	0.003			
4.972	1.428	0.258	0.405	0.019	0.003			
5.062	1.427	0.254	0.392	0.019	0.003			
5.153	1.427	0.25	0.45	0.02	0.003			
5.244	1.428	0.245	0.419	0.02	0.003			
5.337	1.427	0.241	0.387	0.019	0.003			
5.431	1.427	0.238	0.409	0.019	0.003			
5.523	1.427	0.234	0.421	0.02	0.003			
5.617	1.427	0.231	0.455	0.02	0.003			
5.711	1.428	0.229	0.39	0.019	0.003			
5.809	1.429	0.225	0.406	0.019	0.003			
5.906	1.431	0.222	0.424	0.019	0.003			
6.004	1.433	0.218	0.431	0.019	0.003			
6.101	1.434	0.215	0.438	0.018	0.003			
6.2	1.435	0.211	0.44	0.018	0.003			
6.3	1.435	0.208	0.449	0.018	0.003			
6.4	1.435	0.206	0.421	0.017	0.002			
6.503	1.433	0.203	0.447	0.018	0.003			
1.234	1.7	0.823	0.18	0.031	0.021			
1.28	1.701	0.804	0.292	0.047	0.031			
1.325	1.701	0.788	0.38	0.052	0.037			
1.371	1.7	0.77	0.544	0.057	0.048			
1.418	1.702	0.755	0.609	0.055	0.05			
1.466	1.702	0.74	0.602	0.051	0.046			
1.511	1.704	0.725	0.686	0.05	0.049			
1.562	1.703	0.71	0.593	0.044	0.039			
1.611	1.704	0.694	0.525	0.04	0.032			
1.665	1.704	0.68	0.39	0.036	0.022			
1.714	1.705	0.668	0.386	0.035	0.021			
1.77	1.705	0.652	0.396	0.035	0.02			
1.823	1.706	0.639	0.412	0.035	0.019			
1.877	1.707	0.626	0.398	0.034	0.018			
1.931	1.705	0.617	0.376	0.033	0.016			
1.987	1.705	0.603	0.394	0.033	0.016			
2.046	1.705	0.59	0.379	0.032	0.014			
2.101	1.705	0.579	0.371	0.03	0.013			
2.161	1.704	0.568	0.385	0.03	0.013			
2.221	1.704	0.557	0.422	0.03	0.013			
2.28	1.704	0.546	0.436	0.029	0.013			
2.344	1.704	0.535	0.442	0.029	0.013			
2.404	1.704	0.526	0.443	0.028	0.012			
2.466	1.704	0.516	0.386	0.027	0.01			
2.528	1.704	0.506	0.363	0.025	0.009			
2.592	1.704	0.496	0.392	0.026	0.009			
2.658	1.703	0.487	0.384	0.025	0.009			
2.723	1.704	0.478	0.367	0.024	0.008			
2.789	1.703	0.469	0.369	0.024	0.008			
2.857	1.703	0.461	0.417	0.025	0.008			
2.926	1.704	0.453	0.456	0.025	0.009			
2.995	1.704	0.444	0.369	0.023	0.007			
3.061	1.704	0.437	0.37	0.022	0.007			
3.134	1.704	0.429	0.378	0.022	0.007			
3.205	1.703	0.422	0.371	0.022	0.006			
3.275	1.704	0.413	0.381	0.022	0.006			
3.348	1.704	0.407	0.33	0.021	0.005			
3.424	1.704	0.4	0.434	0.023	0.007			
3.498	1.704	0.393	0.387	0.022	0.006			
3.573	1.704	0.387	0.378	0.022	0.005			
3.646	1.705	0.381	0.405	0.022	0.006			
3.726	1.704	0.373	0.43	0.022	0.006			
3.803	1.704	0.367	0.418	0.022	0.005			
3.88	1.704	0.361	0.362	0.021	0.005			
3.96	1.704	0.355	0.405	0.022	0.005			
4.044	1.703	0.348	0.438	0.022	0.005			
4.122	1.702	0.343	0.4	0.022	0.005			
4.201	1.703	0.337	0.428	0.022	0.005			
4.285	1.704	0.332	0.394	0.021	0.004			
4.369	1.704	0.328	0.416	0.022	0.004			
4.452	1.704	0.323	0.428	0.022	0.004			
4.538	1.704	0.318	0.436	0.022	0.004			
4.622	1.705	0.313	0.44	0.022	0.004			
4.709	1.705	0.307	0.431	0.021	0.004			
4.797	1.707	0.303	0.401	0.021	0.004			
4.884	1.707	0.298	0.414	0.021	0.004			
4.974	1.707	0.293	0.444	0.021	0.004			
5.061	1.708	0.29	0.414	0.02	0.004			
5.152	1.709	0.285	0.406	0.02	0.004			
5.244	1.709	0.281	0.419	0.02	0.004			
5.336	1.71	0.276	0.399	0.019	0.003			
5.428	1.71	0.273	0.42	0.019	0.003			
5.522	1.71	0.268	0.407	0.019	0.003			
5.616	1.71	0.264	0.451	0.019	0.004			
5.712	1.71	0.26	0.391	0.018	0.003			
5.81	1.709	0.257	0.424	0.019	0.003			
5.905	1.708	0.253	0.431	0.019	0.003			
6.001	1.708	0.25	0.452	0.019	0.003			
6.1	1.708	0.246	0.427	0.018	0.003			
6.2	1.708	0.242	0.419	0.018	0.003			
6.3	1.707	0.239	0.44	0.026	0.003			
1.234	2.032	0.847	0.149	0.035	0.019			
1.282	2.032	0.829	0.297	0.056	0.035			
1.323	2.032	0.816	0.447	0.067	0.049			
1.368	2.032	0.802	0.503	0.068	0.052			
1.416	2.031	0.787	0.534	0.065	0.051			
1.463	2.032	0.773	0.495	0.059	0.044			
1.511	2.031	0.759	0.563	0.056	0.047			
1.562	2.032	0.745	0.613	0.054	0.048			
1.615	2.031	0.731	0.522	0.05	0.038			
1.664	2.032	0.716	0.476	0.046	0.032			
1.717	2.033	0.705	0.357	0.04	0.023			
1.767	2.031	0.693	0.387	0.042	0.024			
1.825	2.035	0.679	0.339	0.04	0.019			
1.878	2.033	0.667	0.369	0.04	0.02			
1.931	2.033	0.655	0.415	0.041	0.021			
1.99	2.034	0.643	0.337	0.037	0.016			
2.046	2.035	0.633	0.387	0.039	0.018			
2.104	2.033	0.622	0.319	0.034	0.014			
2.162	2.033	0.61	0.405	0.036	0.017			
2.221	2.033	0.6	0.436	0.036	0.017			
2.282	2.032	0.59	0.405	0.035	0.015			
2.341	2.034	0.58	0.45	0.034	0.016			
2.402	2.034	0.57	0.377	0.032	0.013			
2.467	2.032	0.559	0.336	0.03	0.011			
2.532	2.034	0.55	0.368	0.031	0.011			
2.594	2.033	0.541	0.381	0.031	0.011			
2.658	2.033	0.531	0.385	0.03	0.011			
2.723	2.033	0.522	0.441	0.031	0.012			
2.791	2.034	0.512	0.393	0.029	0.01			
2.857	2.035	0.505	0.385	0.029	0.01			
2.925	2.033	0.496	0.427	0.029	0.01			
2.995	2.033	0.489	0.348	0.026	0.008			
3.062	2.033	0.481	0.388	0.027	0.009			
3.132	2.033	0.473	0.414	0.027	0.009			
3.202	2.033	0.464	0.379	0.026	0.008			
3.275	2.033	0.457	0.384	0.026	0.008			
3.349	2.033	0.45	0.395	0.026	0.008			
3.422	2.034	0.443	0.364	0.025	0.007			
3.495	2.033	0.436	0.397	0.026	0.007			
3.572	2.033	0.429	0.409	0.026	0.007			
3.648	2.034	0.422	0.409	0.026	0.007			
3.724	2.034	0.416	0.432	0.026	0.007			
3.802	2.035	0.41	0.437	0.026	0.007			
3.884	2.037	0.403	0.377	0.024	0.006			
3.961	2.038	0.397	0.389	0.024	0.006			
4.041	2.039	0.392	0.376	0.024	0.005			
4.122	2.04	0.386	0.446	0.025	0.006			
4.201	2.041	0.379	0.418	0.024	0.006			
4.285	2.041	0.374	0.359	0.023	0.005			
4.368	2.041	0.368	0.439	0.024	0.006			
4.454	2.042	0.363	0.389	0.023	0.005			
4.538	2.041	0.357	0.418	0.023	0.005			
4.623	2.04	0.351	0.386	0.023	0.005			
4.707	2.039	0.347	0.388	0.022	0.004			
4.797	2.039	0.342	0.401	0.022	0.005			
4.885	2.039	0.336	0.413	0.022	0.005			
4.973	2.04	0.331	0.389	0.022	0.004			
5.062	2.04	0.326	0.396	0.022	0.004			
5.152	2.04	0.322	0.373	0.021	0.004			
5.245	2.04	0.318	0.409	0.022	0.004			
5.337	2.039	0.313	0.409	0.022	0.004			
5.428	2.037	0.307	0.406	0.022	0.004			
5.52	2.036	0.304	0.41	0.022	0.004			
5.618	2.036	0.3	0.452	0.022	0.004			
5.714	2.034	0.296	0.42	0.022	0.004			
5.807	2.034	0.291	0.463	0.023	0.004			
5.904	2.033	0.287	0.429	0.023	0.004			
6.002	2.034	0.282	0.382	0.032	0.003			
1.232	2.42	0.868	0.222	0.048	0.032			
1.281	2.421	0.854	0.23	0.063	0.031			
1.329	2.419	0.84	0.373	0.08	0.047			
1.368	2.417	0.83	0.534	0.089	0.063			
1.415	2.415	0.815	0.529	0.08	0.059			
1.465	2.417	0.801	0.773	0.089	0.08			
1.516	2.416	0.788	0.531	0.072	0.052			
1.56	2.42	0.777	0.523	0.066	0.048			
1.611	2.416	0.764	0.492	0.063	0.042			
1.665	2.416	0.751	0.388	0.055	0.031			
1.718	2.417	0.739	0.368	0.051	0.028			
1.767	2.418	0.727	0.349	0.051	0.025			
1.824	2.419	0.717	0.272	0.047	0.019			
1.875	2.417	0.705	0.343	0.05	0.022			
1.934	2.418	0.693	0.302	0.047	0.019			
1.989	2.422	0.683	0.33	0.046	0.019			
2.044	2.417	0.675	0.29	0.045	0.016			
2.108	2.419	0.66	0.315	0.044	0.017			
2.164	2.419	0.651	0.393	0.046	0.02			
2.22	2.421	0.642	0.443	0.047	0.021			
2.282	2.422	0.632	0.489	0.047	0.022			
2.341	2.421	0.621	0.353	0.04	0.015			
2.402	2.424	0.613	0.428	0.041	0.018			
2.465	2.422	0.602	0.396	0.039	0.016			
2.525	2.423	0.593	0.343	0.038	0.013			
2.591	2.424	0.584	0.35	0.036	0.013			
2.657	2.426	0.576	0.33	0.035	0.012			
2.721	2.427	0.565	0.394	0.037	0.013			
2.786	2.427	0.559	0.394	0.036	0.013			
2.858	2.428	0.548	0.356	0.034	0.011			
2.926	2.428	0.542	0.388	0.033	0.012			
2.994	2.43	0.532	0.415	0.033	0.012			
3.061	2.43	0.525	0.402	0.032	0.011			
3.135	2.429	0.518	0.387	0.031	0.01			
3.204	2.43	0.509	0.394	0.031	0.01			
3.277	2.429	0.502	0.386	0.03	0.009			
3.351	2.428	0.495	0.388	0.03	0.009			
3.424	2.428	0.488	0.396	0.03	0.009			
3.501	2.429	0.48	0.34	0.028	0.008			
3.571	2.427	0.474	0.356	0.029	0.008			
3.646	2.428	0.466	0.428	0.03	0.009			
3.725	2.427	0.457	0.414	0.029	0.008			
3.801	2.428	0.452	0.405	0.029	0.008			
3.878	2.428	0.445	0.396	0.028	0.007			
3.962	2.427	0.438	0.43	0.029	0.008			
4.041	2.429	0.432	0.391	0.027	0.007			
4.124	2.428	0.426	0.42	0.028	0.007			
4.2	2.429	0.422	0.4	0.027	0.007			
4.287	2.428	0.415	0.475	0.029	0.008			
4.367	2.427	0.409	0.447	0.028	0.007			
4.454	2.427	0.402	0.372	0.026	0.006			
4.537	2.426	0.396	0.394	0.026	0.006			
4.624	2.425	0.391	0.411	0.026	0.006			
4.71	2.422	0.387	0.415	0.027	0.006			
4.796	2.423	0.381	0.431	0.027	0.006			
4.889	2.423	0.375	0.378	0.026	0.005			
4.971	2.424	0.371	0.392	0.026	0.005			
5.061	2.424	0.366	0.41	0.027	0.005			
5.153	2.423	0.36	0.4	0.027	0.005			
5.243	2.423	0.355	0.444	0.028	0.005			
5.338	2.422	0.35	0.434	0.028	0.005			
5.429	2.419	0.344	0.461	0.029	0.005			
5.526	2.417	0.339	0.427	0.03	0.005			
5.615	2.415	0.335	0.397	0.031	0.004			
1.24	2.889	0.886	0.151	0.054	0.024			
1.274	2.889	0.877	0.279	0.084	0.042			
1.322	2.891	0.863	0.417	0.107	0.058			
1.367	2.886	0.853	0.383	0.101	0.052			
1.412	2.889	0.841	0.508	0.107	0.063			
1.465	2.888	0.827	0.545	0.103	0.063			
1.512	2.89	0.818	0.615	0.099	0.069			
1.562	2.886	0.807	0.527	0.091	0.056			
1.612	2.889	0.794	0.489	0.081	0.049			
1.665	2.887	0.783	0.396	0.071	0.038			
1.715	2.888	0.771	0.347	0.064	0.031			
1.772	2.887	0.76	0.541	0.077	0.047			
1.819	2.888	0.752	0.309	0.062	0.025			
1.877	2.888	0.739	0.301	0.059	0.023			
1.933	2.89	0.73	0.411	0.064	0.03			
1.989	2.888	0.72	0.23	0.051	0.016			
2.042	2.889	0.712	0.344	0.057	0.023			
2.105	2.888	0.701	0.471	0.061	0.03			
2.161	2.887	0.69	0.286	0.05	0.017			
2.224	2.888	0.68	0.413	0.055	0.024			
2.283	2.886	0.668	0.473	0.056	0.026			
2.34	2.887	0.662	0.408	0.053	0.022			
2.4	2.886	0.654	0.364	0.047	0.019			
2.464	2.888	0.643	0.371	0.047	0.018			
2.526	2.889	0.637	0.414	0.048	0.02			
2.59	2.891	0.626	0.386	0.046	0.017			
2.658	2.891	0.615	0.476	0.049	0.02			
2.725	2.888	0.609	0.362	0.045	0.015			
2.792	2.888	0.601	0.386	0.043	0.015			
2.854	2.89	0.591	0.413	0.044	0.015			
2.923	2.89	0.586	0.348	0.039	0.013			
2.995	2.891	0.576	0.347	0.038	0.012			
3.064	2.888	0.567	0.314	0.036	0.011			
3.135	2.891	0.561	0.396	0.038	0.013			
3.207	2.89	0.55	0.35	0.035	0.011			
3.274	2.889	0.545	0.331	0.034	0.01			
3.349	2.889	0.538	0.407	0.037	0.012			
3.424	2.887	0.53	0.369	0.036	0.01			
3.5	2.887	0.522	0.369	0.036	0.01			
3.573	2.887	0.516	0.431	0.037	0.011			
3.646	2.886	0.51	0.379	0.035	0.01			
3.726	2.887	0.502	0.415	0.036	0.01			
3.801	2.888	0.495	0.442	0.037	0.011			
3.883	2.89	0.489	0.353	0.034	0.008			
3.96	2.888	0.484	0.364	0.034	0.008			
4.043	2.887	0.475	0.372	0.034	0.008			
4.122	2.886	0.468	0.417	0.035	0.009			
4.202	2.885	0.463	0.42	0.036	0.009			
4.285	2.885	0.456	0.351	0.034	0.007			
4.368	2.88	0.451	0.375	0.035	0.007			
4.453	2.877	0.444	0.432	0.037	0.008			
4.537	2.879	0.439	0.375	0.036	0.007			
4.622	2.874	0.432	0.407	0.037	0.007			
4.711	2.872	0.427	0.398	0.037	0.007			
4.795	2.87	0.422	0.407	0.039	0.007			
4.88	2.87	0.416	0.407	0.039	0.007			
4.969	2.871	0.41	0.372	0.039	0.006			
5.061	2.873	0.406	0.367	0.041	0.006			
5.159	2.873	0.399	0.302	0.04	0.005			
1.275	3.446	0.895	0.413	0.128	0.067			
1.326	3.434	0.881	0.467	0.143	0.071			
1.375	3.439	0.874	0.437	0.139	0.065			
1.419	3.433	0.863	0.577	0.146	0.081			
1.463	3.444	0.853	0.602	0.136	0.08			
1.508	3.442	0.844	0.452	0.12	0.057			
1.562	3.438	0.831	0.552	0.119	0.066			
1.612	3.449	0.823	0.486	0.101	0.057			
1.659	3.434	0.814	0.227	0.075	0.025			
1.713	3.444	0.803	0.338	0.084	0.035			
1.771	3.443	0.789	0.431	0.089	0.042			
1.815	3.444	0.781	0.202	0.078	0.019			
1.875	3.438	0.772	0.299	0.078	0.027			
1.932	3.443	0.764	0.464	0.088	0.04			
1.99	3.443	0.756	0.335	0.073	0.028			
2.044	3.438	0.744	0.384	0.077	0.03			
2.102	3.442	0.735	0.225	0.06	0.017			
2.163	3.439	0.725	0.29	0.069	0.021			
2.222	3.442	0.715	0.467	0.078	0.032			
2.277	3.441	0.709	0.413	0.07	0.027			
2.344	3.441	0.699	0.329	0.066	0.021			
2.402	3.448	0.691	0.389	0.063	0.024			
2.463	3.44	0.683	0.346	0.06	0.02			
2.527	3.442	0.672	0.302	0.057	0.017			
2.594	3.444	0.663	0.467	0.064	0.025			
2.66	3.44	0.658	0.446	0.062	0.023			
2.72	3.441	0.65	0.327	0.054	0.016			
2.789	3.437	0.639	0.299	0.052	0.014			
2.855	3.438	0.632	0.438	0.059	0.02			
2.922	3.436	0.625	0.483	0.059	0.022			
2.992	3.433	0.616	0.383	0.052	0.016			
3.063	3.433	0.608	0.285	0.047	0.012			
3.134	3.434	0.602	0.371	0.049	0.015			
3.206	3.43	0.594	0.325	0.048	0.012			
3.272	3.427	0.587	0.408	0.052	0.015			
3.345	3.425	0.579	0.262	0.044	0.009			
3.42	3.424	0.575	0.413	0.053	0.014			
3.495	3.426	0.566	0.307	0.048	0.01			
3.572	3.423	0.558	0.437	0.054	0.014			
3.648	3.42	0.55	0.438	0.056	0.014			
3.722	3.425	0.544	0.376	0.05	0.011			
3.803	3.422	0.537	0.322	0.049	0.009			
3.882	3.422	0.532	0.512	0.06	0.014			
3.962	3.425	0.525	0.393	0.052	0.011			
4.035	3.425	0.518	0.406	0.054	0.011			
4.122	3.421	0.511	0.362	0.054	0.009			
4.204	3.422	0.505	0.351	0.054	0.009			
4.288	3.425	0.498	0.402	0.056	0.01			
4.368	3.422	0.491	0.38	0.058	0.009			
4.455	3.418	0.483	0.33	0.056	0.007			
4.54	3.418	0.474	0.357	0.068	0.008			
4.626	3.411	0.471	0.308	0.071	0.007			
4.718	3.403	0.463	0.173	0.079	0.004			
1.226	4.107	0.92	0.232	0.117	0.043			
1.323	4.099	0.899	0.167	0.16	0.028			
1.376	4.088	0.891	0.117	0.171	0.019			
1.419	4.089	0.879	0.771	0.235	0.116			
1.466	4.095	0.872	0.532	0.189	0.077			
1.514	4.087	0.863	0.563	0.188	0.078			
1.563	4.084	0.852	0.608	0.18	0.081			
1.613	4.092	0.845	0.331	0.146	0.042			
1.661	4.092	0.837	0.28	0.127	0.034			
1.722	4.094	0.824	0.23	0.114	0.027			
1.773	4.088	0.817	0.526	0.138	0.059			
1.823	4.086	0.812	0.378	0.121	0.041			
1.874	4.098	0.802	0.442	0.127	0.046			
1.933	4.092	0.789	0.482	0.13	0.048			
1.987	4.095	0.785	0.214	0.091	0.021			
2.049	4.088	0.77	0.22	0.097	0.02			
2.1	4.08	0.768	0.373	0.103	0.034			
2.158	4.077	0.759	0.151	0.091	0.012			
2.217	4.075	0.751	0.379	0.117	0.031			
2.274	4.078	0.739	0.328	0.103	0.025			
2.338	4.085	0.734	0.304	0.097	0.023			
2.404	4.088	0.727	0.264	0.09	0.019			
2.459	4.088	0.719	0.406	0.099	0.029			
2.53	4.084	0.708	0.387	0.096	0.026			
2.595	4.08	0.703	0.26	0.084	0.017			
2.663	4.085	0.695	0.254	0.084	0.016			
2.721	4.084	0.688	0.441	0.101	0.026			
2.788	4.082	0.68	0.428	0.097	0.025			
2.86	4.084	0.672	0.33	0.087	0.018			
2.922	4.082	0.664	0.448	0.1	0.024			
2.996	4.082	0.661	0.43	0.097	0.023			
3.058	4.078	0.647	0.493	0.098	0.024			
3.133	4.08	0.641	0.585	0.104	0.028			
3.207	4.081	0.631	0.265	0.077	0.012			
3.276	4.084	0.624	0.312	0.084	0.014			
3.34	4.079	0.62	0.221	0.076	0.009			
3.418	4.069	0.611	0.332	0.094	0.014			
3.505	4.067	0.604	0.234	0.088	0.009			
3.554	4.051	0.595	0.074	0.064	0.003			
3.645	4.036	0.589	0.416	0.129	0.016			
3.716	4.028	0.581	0.336	0.105	0.012			
3.796	4.013	0.571	0.351	0.133	0.012			
3.884	3.998	0.563	0.298	0.144	0.01			
1.274	4.868	0.923	0.443	0.299	0.081			
1.367	4.873	0.905	0.389	0.296	0.066			
1.402	4.87	0.904	0.163	0.184	0.027			
1.467	4.856	0.888	0.267	0.263	0.042			
1.519	4.865	0.887	0.407	0.297	0.065			
1.605	4.872	0.869	0.477	0.303	0.067			
1.657	4.865	0.866	0.131	0.133	0.019			
1.714	4.865	0.856	0.376	0.232	0.051			
1.883	4.864	0.829	0.199	0.205	0.024			
1.939	4.864	0.813	0.465	0.213	0.051			
1.986	4.85	0.807	0.286	0.185	0.03			
2.061	4.846	0.799	0.183	0.202	0.019			
2.096	4.839	0.798	0.315	0.217	0.032			
2.28	4.792	0.773	0.211	0.164	0.019			
2.339	4.788	0.761	0.532	0.3	0.046			
2.4	4.776	0.752	0.391	0.248	0.032			
2.523	4.764	0.739	0.132	0.172	0.01			
2.594	4.754	0.731	0.567	0.266	0.042			
2.661	4.742	0.719	0.34	0.221	0.024			
2.722	4.721	0.718	0.361	0.232	0.025			
								
