1	1	1.6	0.614813473379	0.158824961931484	0.013397891376479386	0.02476211580189269	0.09723771067163851	0.00697750376394	0.01
1	1	1.6	0.615827598696	0.158824961931484	0.013433819414476324	0.024802960528992064	0.09739810277172907	0.0108769072101	0.01
1	1	1.6	0.617566099239	0.158824961931484	0.01349558290485559	0.02487298006114516	0.09767306065753081	0.0232824602845	0.01
1	1	1.6	0.622455632017	0.158824961931484	0.013670470524334904	0.025069909995358478	0.09844637971147674	0.00791928654344	0.01
1	1	1.6	0.626475914524	0.158824961931484	0.013815583055082308	0.02523183016351538	0.09908221982260086	0.0460279390067	0.01
1	1	1.6	0.687721839913	0.158824961931484	0.016184417693310346	0.02769855993204406	0.1087687570093374	0.0053165151867	0.01
1	1	1.6	0.702825063383	0.158824961931484	0.01681828267604469	0.028306854617732354	0.11115745364266516	0.00632658706108	0.01
1	1	1.6	0.711300253531	0.158824961931484	0.017183413741461206	0.02864819983701395	0.11249787333608709	0.0103402558607	0.01
1	1	1.6	0.714415067005	0.158824961931484	0.017319363453486676	0.028773651498833566	0.11299050621499315	0.0404314324237	0.01
1	1	1.6	0.720536037668	0.158824961931484	0.0175893260231847	0.02902017860167043	0.11395858710477462	0.0235774639559	0.01
1	1	1.6	0.774972835929	0.158824961931484	0.020166464769396084	0.03121266520254913	0.12256820590525662	0.00345535330527	0.01
1	1	1.6	0.78268743209	0.158824961931484	0.020559460917989512	0.031523376876536405	0.12378833152372924	0.00404809082693	0.01
1	1	1.6	0.783266932271	0.158824961931484	0.020589281545759678	0.03154671672058743	0.12387998415232981	0.00521704677564	0.01
1	1	1.6	0.784969214053	0.158824961931484	0.020677124881815147	0.03161527751249993	0.12414921374889346	0.0109916343499	0.01
1	1	1.6	0.808583846432	0.158824961931484	0.02193469957057171	0.03256637615771042	0.12788405836488123	0.0217196290731	0.01
1	1	1.6	0.854654110829	0.158824961931484	0.0246175067280637	0.03442189376006961	0.1351704423398138	0.00204241359988	0.01
1	1	1.6	0.855016298443	0.158824961931484	0.02463991252960211	0.03443648116263675	0.13522772523282756	0.00239333088447	0.01
1	1	1.6	0.856646142702	0.158824961931484	0.024741008829021045	0.03450212447402776	0.13548549825075681	0.00488504396719	0.01
1	1	1.6	0.862948207171	0.158824961931484	0.025136121318507922	0.034755945278107915	0.136482220586887	0.0030837272905	0.01
1	1	1.6	0.873270554147	0.158824961931484	0.02579809269585894	0.035171686250344975	0.13811478303414135	0.01131407161	0.01
1	1	1.6	0.927345164795	0.158824961931484	0.029597885341701335	0.03734958544869681	0.1466671189417677	0.00141499609753	0.01
1	1	1.6	0.927960883738	0.158824961931484	0.029644672559142927	0.03737438403302873	0.14676449985976459	0.00185274491356	0.01
1	1	1.6	0.937486417965	0.158824961931484	0.030379578107695565	0.03775803271969058	0.14827103994267332	0.00479588405759	0.01
1	1	1.6	0.939116262224	0.158824961931484	0.030507444902250144	0.037823676031081596	0.14852881296060258	0.00978891161053	0.01
1	1	1.6	0.943245201014	0.158824961931484	0.03083421450257038	0.03798997241996031	0.14918183793944104	0.00238664368366	0.01
1	1	1.6	1.00796812749	0.158824961931484	0.03655217730251723	0.04059674125283547	0.15941829089793927	0.00126310661516	0.01
1	1	1.6	1.01119159725	0.158824961931484	0.03686981792314712	0.04072656913549772	0.15992810864503412	0.00517947293399	0.01
1	1	1.6	1.01492212966	0.158824961931484	0.03724179370815512	0.04087681938136731	0.1605181224408299	0.0010607029817	0.01
1	1	1.6	1.02361463238	0.158824961931484	0.0381272145464337	0.04122691704233419	0.16189291187062946	0.00190665017178	0.01
1	1	1.6	1.08819268381	0.158824961931484	0.045646854076651186	0.04382785091416638	0.17210645167185892	0.000947065073107	0.01
1	1	1.6	1.08953277798	0.158824961931484	0.04582304863448722	0.04388182430359228	0.1723183983757251	0.00170277910029	0.01
1	1	1.6	1.09876856212	0.158824961931484	0.04706298424608573	0.044253803068369596	0.17377911214488714	0.00388261309999	0.01
1	1	1.6	1.16982977182	0.158824961931484	0.05838400186847383	0.04711585144532385	0.18501801572780466	0.00131786199022	0.01
1	1	1.6	1.23527707352	0.158824961931484	0.07271313292194495	0.049751795083172186	0.19536903447169776	0.000957724195677	0.01
1	1	1.6	0.580882352941	0.27052603405912107	0.03536054048271214	0.06760456932983319	0.15523405669246967	0.00690690501419	0.01
1	1	1.6	0.595588235294	0.27052603405912107	0.03678657484508781	0.06931607741414013	0.15916403281128327	0.00669442402052	0.01
1	1	1.6	0.661764705882	0.27052603405912107	0.04375693246112857	0.07701786379346316	0.17684892534581095	0.00563474424707	0.01
1	1	1.6	0.669117647059	0.27052603405912107	0.044592592326341315	0.07787361783567483	0.17881391340535138	0.00488649933072	0.01
1	1	1.6	0.676470588235	0.27052603405912107	0.04544155887719043	0.0787293718777701	0.18077890146462455	0.0050451248987	0.01
1	1	1.6	0.735294117647	0.27052603405912107	0.05275306672377417	0.08557540421499787	0.19649880593987903	0.00368089990446	0.01
1	1	1.6	0.742647058824	0.27052603405912107	0.053737549341263596	0.08643115825720953	0.19846379399941944	0.00334762540069	0.01
1	1	1.6	0.75	0.27052603405912107	0.05473906452985376	0.08728691229930481	0.20042878205869263	0.00324388401154	0.01
1	1	1.6	0.808823529412	0.27052603405912107	0.0634213449014168	0.09413294463653256	0.2161486865339471	0.00225677462871	0.01
1	1	1.6	0.823529411765	0.27052603405912107	0.06579746140462013	0.09584445272083952	0.22007866265276071	0.00215293798416	0.01
1	1	1.6	0.882352941176	0.27052603405912107	0.0762757456562629	0.10269048505795089	0.23579856712774794	0.00172755558317	0.01
1	1	1.6	0.897058823529	0.27052603405912107	0.07916933042872949	0.10440199314225783	0.23972854324656154	0.00157150637403	0.01
1	1	1.6	0.897058823529	0.27052603405912107	0.07916933042872949	0.10440199314225783	0.23972854324656154	0.00145172423487	0.01
1	1	1.6	0.963235294118	0.27052603405912107	0.09384441624949696	0.11210377952169726	0.25741343578135645	0.00112878985884	0.01
1	1	1.6	0.977941176471	0.27052603405912107	0.09752957045085373	0.11381528760600419	0.26134341190017	0.00104323853453	0.01
1	1	1.6	0.470588235294	0.38222710618675815	0.051289087491865296	0.10867011177571687	0.17552366238857206	0.0227163028122	0.01
1	1	1.6	0.579236172081	0.38222710618675815	0.06985003322986127	0.13375952657476728	0.21604801541219185	0.00924137863715	0.01
1	1	1.6	0.648448931812	0.38222710618675815	0.08388414690820092	0.14974241303935273	0.2418635291902098	0.00594104231515	0.01
1	1	1.6	0.654887328066	0.38222710618675815	0.08529414398248199	0.15122919317558248	0.24426497233233366	0.00740968430729	0.01
1	1	1.6	0.708296751536	0.38222710618675815	0.0977757408572591	0.16356271021460375	0.2641860347610613	0.00575648465696	0.01
1	1	1.6	0.733026046239	0.38222710618675815	0.10407575505017957	0.16927329755606318	0.273409759556997	0.0034743426226	0.01
1	1	1.6	0.801726660814	0.38222710618675815	0.1236263124397808	0.18513791741903424	0.29903424944892154	0.00249440549797	0.01
1	1	1.6	0.817383669886	0.38222710618675815	0.1285621910387067	0.18875349638663141	0.3048741225444561	0.00213029910088	0.01
1	1	1.6	0.870939420544	0.38222710618675815	0.14704848205752935	0.2011208038833887	0.32484976322656645	0.00160358851168	0.01
1	1	1.6	0.930714076675	0.38222710618675815	0.17117518493631292	0.21492420583000263	0.3471449796710996	0.00157848438176	0.01
1	1	1.6	0.954053263096	0.38222710618675815	0.18180763888012008	0.22031378382389324	0.35585021106139186	0.00128574805739	0.01
1	1	1.6	0.61025753585	0.38222710618675815	0.07589744592964724	0.14092310359472046	0.22761860509686868	0.00717950348864	0.01
1	1	1.6	0.686347673398	0.38222710618675815	0.09246969293455162	0.15849414156851285	0.2559992967767855	0.00523650435246	0.01
1	1	1.6	0.694176177934	0.38222710618675815	0.09433268198303763	0.16030193105231144	0.2589192333245528	0.00483925194562	0.01
1	1	1.6	0.747146619842	0.38222710618675815	0.10783696962469791	0.1725340767185864	0.27867656099387844	0.0041328701677	0.01
1	1	1.6	0.770485806263	0.38222710618675815	0.1143344310982286	0.177923654712477	0.28738179238417066	0.00336641264934	0.01
1	1	1.6	0.838747439274	0.38222710618675815	0.13562465762108994	0.1936869032022399	0.3128425475159472	0.00265691489478	0.01
1	1	1.6	0.854258121159	0.38222710618675815	0.14100574183078987	0.19726869171233197	0.3186278423584721	0.00234183593931	0.01
1	1	1.6	0.907521217442	0.38222710618675815	0.16131937484126374	0.2095684182938481	0.3384943265341901	0.00187767060426	0.01
1	1	1.6	0.968320163886	0.38222710618675815	0.1886940368192763	0.2236083534439216	0.36117159075128297	0.00148193686146	0.01
1	1	1.6	0.983977172959	0.38222710618675815	0.19661852424394546	0.22722393241174968	0.3670114638471906	0.00126561971023	0.01
1	1	1.6	0.404411764706	0.4939281783143953	0.06896194365021126	0.15467636604701185	0.19172684924705133	0.0551704107438	0.01
1	1	1.6	0.477941176471	0.4939281783143953	0.08684127039672279	0.1827993416920274	0.22658627638300813	0.0492593506937	0.01
1	1	1.6	0.536764705882	0.4939281783143953	0.1029252456605242	0.2052977222076574	0.2544738180912995	0.0406482328718	0.01
1	1	1.6	0.558823529412	0.4939281783143953	0.10942528439292121	0.21373461490135331	0.26493164623232357	0.0215417855765	0.01
1	1	1.6	0.625	0.4939281783143953	0.13069011698741242	0.2390452929816761	0.2963051306544477	0.0192382442813	0.01
1	1	1.6	0.683823529412	0.4939281783143953	0.15217112498029847	0.26154367349768853	0.32419267236321314	0.0177387596729	0.01
1	1	1.6	0.705882352941	0.4939281783143953	0.16095519671074116	0.2699805661910019	0.3346505005037631	0.00985876445372	0.01
1	1	1.6	0.764705882353	0.4939281783143953	0.18664757552852917	0.2924789467070144	0.36253804221252856	0.00894733918763	0.01
1	1	1.6	0.816176470588	0.4939281783143953	0.2122917510086962	0.31216502965833404	0.3869396412074613	0.00936794255389	0.01
1	1	1.6	0.838235294118	0.4939281783143953	0.22434295757781836	0.32060192235203	0.3973974693484854	0.00537423023021	0.01
1	1	1.6	0.889705882353	0.4939281783143953	0.2553733590325843	0.3402880053033496	0.4217990683434181	0.00553834723444	0.01
1	1	1.6	0.955882352941	0.4939281783143953	0.3025565722035969	0.3655986833836724	0.4531725527655422	0.00275085038194	0.01
1	1	1.6	0.985294117647	0.4939281783143953	0.32678782362493364	0.37684787364167865	0.46711632361992494	0.00206588725117	0.01
1	1	1.6	1.02941176471	0.4939281783143953	0.36781857668003903	0.3937216590302179	0.4880319799033954	0.00134451633855	0.01
1	1	1.6	1.05147058824	0.4939281783143953	0.3908089986318037	0.4021585517239137	0.49848980804441945	0.00124116709196	0.01
1	1	1.6	0.580882352941	0.4939281783143953	0.11620671008312428	0.22217150759466675	0.2753894743728736	0.0121637460162	0.01
1	1	1.6	0.595588235294	0.4939281783143953	0.12089314189256396	0.22779610272366982	0.28236135980006494	0.010212083524	0.01
1	1	1.6	0.669117647059	0.4939281783143953	0.146546358669364	0.25591907836868544	0.3172207869360218	0.00941173372776	0.01
1	1	1.6	0.727941176471	0.4939281783143953	0.1701836565561292	0.2784174588846979	0.3451083286447872	0.00728915193774	0.01
1	1	1.6	0.75	0.4939281783143953	0.17989110220620297	0.28685435157801126	0.3555661567853372	0.00556293932677	0.01
1	1	1.6	0.808823529412	0.4939281783143953	0.20842401556740855	0.3093527320940237	0.38345369849410266	0.00444717789462	0.01
1	1	1.6	0.838235294118	0.4939281783143953	0.22434295757781836	0.32060192235203	0.3973974693484854	0.00423662678662	0.01
1	1	1.6	0.882352941176	0.4939281783143953	0.25066792930342746	0.33747570773865687	0.4183131256295854	0.00318022108163	0.01
1	1	1.6	0.926470588235	0.4939281783143953	0.28044158728194774	0.35434949312566616	0.43922878191115944	0.00266746816169	0.01
1	1	1.6	0.992647058824	0.4939281783143953	0.33321233217413354	0.3796601712063714	0.4706022663337576	0.0014571506598	0.01
1	1	1.6	1.02941176471	0.4939281783143953	0.36781857668003903	0.3937216590302179	0.4880319799033954	0.00116570443367	0.01
1	1	1.6	0.449275362319	0.6056292504420324	0.11844773386861718	0.2557001613008276	0.2557632641501802	0.0817426151626	0.01
1	1	1.6	0.521739130435	0.6056292504420324	0.14679630701096844	0.2969421228009795	0.29701540352925987	0.0731549469894	0.01
1	1	1.6	0.565217391304	0.6056292504420324	0.1657112373258471	0.3216872997007291	0.3217666871563661	0.0516110639811	0.01
1	1	1.6	0.644927536232	0.6056292504420324	0.20486141175676964	0.3670534573511239	0.3671440404735815	0.02780821144	0.01
1	1	1.6	0.688405797101	0.6056292504420324	0.22910181459806023	0.39179863425087347	0.3918953241006877	0.0237306162904	0.01
1	1	1.6	0.775362318841	0.6056292504420324	0.28525093752524516	0.44128898805151096	0.4413978913560388	0.0152226304902	0.01
1	1	1.6	0.797101449275	0.6056292504420324	0.30118857214599254	0.4536615765011012	0.45377353316930724	0.0121921430558	0.01
1	1	1.6	0.869565217391	0.6056292504420324	0.361165517248708	0.49490353800125314	0.4950256725483869	0.00667416130026	0.01
1	1	1.6	0.927536231884	0.6056292504420324	0.41845384067462366	0.5278971072014884	0.5280273840517645	0.00321826731974	0.01
1	1	1.6	0.95652173913	0.6056292504420324	0.4509688350509254	0.5443938918013215	0.5445282398031687	0.00230678772374	0.01
1	1	1.6	1.00724637681	0.6056292504420324	0.515521831220187	0.5732632648507447	0.5734047373678413	0.00190708822076	0.01
1	1	1.6	0.608695652174	0.6056292504420324	0.1862853720547825	0.3464324766010479	0.3465179707840416	0.0134090643111	0.01
1	1	1.6	0.695652173913	0.6056292504420324	0.23336848806854898	0.3959228304011163	0.3960205380388234	0.00916483769239	0.01
1	1	1.6	0.739130434783	0.6056292504420324	0.2604769488040696	0.42066800730143505	0.4207718216664989	0.00711119052201	0.01
1	1	1.6	0.811594202899	0.6056292504420324	0.31230194726859056	0.46190996880158686	0.4620239610455786	0.00526139174016	0.01
1	1	1.6	0.847826086957	0.6056292504420324	0.3419590273147671	0.48253094955166287	0.4826500307351184	0.00408242462453	0.01
1	1	1.6	0.905797101449	0.6056292504420324	0.3958494708884847	0.515524518751329	0.5156517422379268	0.0028801644614	0.01
1	1	1.6	0.971014492754	0.6056292504420324	0.46835012236850065	0.5526422841018072	0.5527786676794401	0.00157664506549	0.01
1	1	1.6	0.992753623188	0.6056292504420324	0.49597765781585207	0.5650148725513974	0.5651543094927085	0.00118516458161	0.01
1	1	1.6	0.512205722564	0.7173303225696694	0.1979338274372116	0.40392397027955385	0.3367113627676519	0.0767882016357	0.01
1	1	1.6	0.549837015574	0.7173303225696694	0.22008965689434065	0.4335999004961538	0.36144924325965033	0.0525459308047	0.01
1	1	1.6	0.632162260051	0.7173303225696694	0.2745670250714107	0.4985213532220744	0.4155678210827772	0.0279393809987	0.01
1	1	1.6	0.654835204636	0.7173303225696694	0.2912372010831171	0.5164011725822676	0.4304724536022175	0.0213530630497	0.01
1	1	1.6	0.736653386454	0.7173303225696694	0.35867438807077007	0.58092275714315	0.4842577009852513	0.0141755704582	0.01
1	1	1.6	0.804599782687	0.7173303225696694	0.4252228283353017	0.6345050912007157	0.5289239799097427	0.0065319456492	0.01
1	1	1.6	0.878739587106	0.7173303225696694	0.512142080967421	0.6929715292693186	0.577661652062809	0.00500028557071	0.01
1	1	1.6	0.938536762043	0.7173303225696694	0.5964416213649689	0.7401274106818618	0.6169708346348118	0.0032650172148	0.01