  2   3  0.1692   90.0    0.0167   3.869e+03  1.771e+02  Marchand:1985us 
  2   3  0.1692   90.0    0.0267   1.203e+04  2.302e+02  Marchand:1985us 
  2   3  0.1692   90.0    0.0367   1.152e+04  2.295e+02  Marchand:1985us 
  2   3  0.1692   90.0    0.0467   5.860e+03  1.599e+02  Marchand:1985us 
  2   3  0.1692   90.0    0.0567   3.113e+03  1.047e+02  Marchand:1985us 
  2   3  0.1692   90.0    0.0667   1.787e+03  8.942e+01  Marchand:1985us 
  2   3  0.2193   36.0    0.0068   3.025e+05  1.962e+04  Marchand:1985us 
  2   3  0.2193   36.0    0.0168   2.082e+05  7.040e+03  Marchand:1985us 
  2   3  0.2193   36.0    0.0268   1.339e+05  4.980e+03  Marchand:1985us 
  2   3  0.2193   36.0    0.0368   5.275e+04  2.818e+03  Marchand:1985us 
  2   3  0.2193   60.0    0.0118   2.221e+04  1.263e+03  Marchand:1985us 
  2   3  0.2193   60.0    0.0218   3.023e+04  8.023e+02  Marchand:1985us 
  2   3  0.2193   60.0    0.0318   3.357e+04  8.203e+02  Marchand:1985us 
  2   3  0.2193   60.0    0.0418   1.951e+04  5.146e+02  Marchand:1985us 
  2   3  0.2193   60.0    0.0518   1.002e+04  3.756e+02  Marchand:1985us 
  2   3  0.2193   60.0    0.0618   5.303e+03  2.957e+02  Marchand:1985us 
  2   3  0.2193   90.0    0.0218   1.348e+03  5.834e+01  Marchand:1985us 
  2   3  0.2193   90.0    0.0318   4.429e+03  8.830e+01  Marchand:1985us 
  2   3  0.2193   90.0    0.0418   7.192e+03  1.175e+02  Marchand:1985us 
  2   3  0.2193   90.0    0.0518   6.698e+03  1.168e+02  Marchand:1985us 
  2   3  0.2193   90.0    0.0618   4.195e+03  8.830e+01  Marchand:1985us 
  2   3  0.2193   90.0    0.0718   2.276e+03  6.562e+01  Marchand:1985us 
  2   3  0.2193   90.0    0.0818   1.368e+03  5.116e+01  Marchand:1985us 
  2   3  0.2193   90.0    0.0918   9.715e+02  4.379e+01  Marchand:1985us 
  2   3  0.2694   36.0    0.0119   1.069e+05  5.719e+03  Marchand:1985us 
  2   3  0.2694   36.0    0.0219   1.615e+05  4.606e+03  Marchand:1985us 
  2   3  0.2694   36.0    0.0319   1.067e+05  3.601e+03  Marchand:1985us 
  2   3  0.2694   36.0    0.0419   4.840e+04  1.518e+03  Marchand:1985us 
  2   3  0.2694   36.0    0.0519   2.459e+04  1.121e+03  Marchand:1985us 
  2   3  0.2694   36.0    0.0619   1.444e+04  9.113e+02  Marchand:1985us 
  2   3  0.2694   36.0    0.0719   9.837e+03  7.958e+02  Marchand:1985us 
  2   3  0.2694   36.0    0.0819   6.283e+03  7.180e+02  Marchand:1985us 
  2   3  0.2694   60.0    0.0169   5.354e+03  3.260e+02  Marchand:1985us 
  2   3  0.2694   60.0    0.0269   1.689e+04  3.319e+02  Marchand:1985us 
  2   3  0.2694   60.0    0.0369   2.432e+04  4.265e+02  Marchand:1985us 
  2   3  0.2694   60.0    0.0469   1.971e+04  3.522e+02  Marchand:1985us 
  2   3  0.2694   60.0    0.0569   1.161e+04  2.565e+02  Marchand:1985us 
  2   3  0.2694   60.0    0.0669   6.488e+03  1.871e+02  Marchand:1985us 
  2   3  0.2694   60.0    0.0769   3.735e+03  1.432e+02  Marchand:1985us 
  2   3  0.2694   60.0    0.0869   2.415e+03  1.092e+02  Marchand:1985us 
  2   3  0.2694   60.0    0.0969   1.686e+03  9.465e+01  Marchand:1985us 
  2   3  0.2694   60.0    0.1069   1.099e+03  8.487e+01  Marchand:1985us 
  2   3  0.2694   60.0    0.1169   7.834e+02  8.132e+01  Marchand:1985us 
  2   3  0.2694   90.0    0.0269   7.181e+00  2.366e+01  Marchand:1985us 
  2   3  0.2694   90.0    0.0369   1.146e+03  3.516e+01  Marchand:1985us 
  2   3  0.2694   90.0    0.0469   2.545e+03  5.130e+01  Marchand:1985us 
  2   3  0.2694   90.0    0.0569   3.910e+03  7.157e+01  Marchand:1985us 
  2   3  0.2694   90.0    0.0669   4.272e+03  7.948e+01  Marchand:1985us 
  2   3  0.2694   90.0    0.0769   3.341e+03  7.016e+01  Marchand:1985us 
  2   3  0.2694   90.0    0.0869   2.117e+03  4.906e+01  Marchand:1985us 
  2   3  0.2694   90.0    0.0969   1.268e+03  3.738e+01  Marchand:1985us 
  2   3  0.2694   90.0    0.1069   8.379e+02  3.031e+01  Marchand:1985us 
  2   3  0.2694   90.0    0.1169   5.833e+02  2.565e+01  Marchand:1985us 
  2   3  0.2694   90.0    0.1269   3.782e+02  2.245e+01  Marchand:1985us 
  2   3  0.2694   90.0    0.1369   3.207e+02  2.104e+01  Marchand:1985us 
  2   3  0.2694   90.0    0.1469   2.546e+02  2.017e+01  Marchand:1985us 
  2   3  0.2694   90.0    0.1569   2.344e+02  2.000e+01  Marchand:1985us 
  2   3  0.2694   90.0    0.1669   2.737e+02  2.298e+01  Marchand:1985us 
  2   3  0.2694  144.5    0.0469   2.144e+01  1.622e+00  Marchand:1985us 
  2   3  0.2694  144.5    0.0569   1.218e+02  3.865e+00  Marchand:1985us 
  2   3  0.2694  144.5    0.0669   2.739e+02  6.444e+00  Marchand:1985us 
  2   3  0.2694  144.5    0.0769   4.994e+02  9.886e+00  Marchand:1985us 
  2   3  0.2694  144.5    0.0869   7.462e+02  1.349e+01  Marchand:1985us 
  2   3  0.2694  144.5    0.0969   9.364e+02  1.661e+01  Marchand:1985us 
  2   3  0.2694  144.5    0.1069   7.954e+02  1.554e+01  Marchand:1985us 
  2   3  0.2694  144.5    0.1169   5.414e+02  1.261e+01  Marchand:1985us 
  2   3  0.2694  144.5    0.1269   3.447e+02  1.029e+01  Marchand:1985us 
  2   3  0.2694  144.5    0.1369   2.290e+02  8.393e+00  Marchand:1985us 
  2   3  0.2694  144.5    0.1469   1.652e+02  7.203e+00  Marchand:1985us 
  2   3  0.2694  144.5    0.1569   1.306e+02  5.580e+00  Marchand:1985us 
  2   3  0.2694  144.5    0.1669   1.056e+02  5.354e+00  Marchand:1985us 
  2   3  0.2694  144.5    0.1769   1.048e+02  5.948e+00  Marchand:1985us 
  2   3  0.3191   36.0    0.0116   4.697e+04  3.756e+03  Marchand:1985us 
  2   3  0.3191   36.0    0.0216   1.208e+05  2.769e+03  Marchand:1985us 
  2   3  0.3191   36.0    0.0316   1.109e+05  2.510e+03  Marchand:1985us 
  2   3  0.3191   36.0    0.0416   6.131e+04  1.523e+03  Marchand:1985us 
  2   3  0.3191   36.0    0.0516   3.115e+04  1.086e+03  Marchand:1985us 
  2   3  0.3191   36.0    0.0616   1.758e+04  8.451e+02  Marchand:1985us 
  2   3  0.3191   36.0    0.0716   1.171e+04  7.152e+02  Marchand:1985us 
  2   3  0.3191   36.0    0.0816   8.287e+03  6.294e+02  Marchand:1985us 
  2   3  0.3191   36.0    0.0916   4.385e+03  4.366e+02  Marchand:1985us 
  2   3  0.3191   36.0    0.1016   2.982e+03  4.007e+02  Marchand:1985us 
  2   3  0.3191   36.0    0.1116   3.146e+03  3.892e+02  Marchand:1985us 
  2   3  0.3191   36.0    0.1216   2.978e+03  3.814e+02  Marchand:1985us 
  2   3  0.3191   36.0    0.1316   2.122e+03  3.730e+02  Marchand:1985us 
  2   3  0.3191   60.0    0.0216   1.831e+03  1.291e+02  Marchand:1985us 
  2   3  0.3191   60.0    0.0316   7.826e+03  1.546e+02  Marchand:1985us 
  2   3  0.3191   60.0    0.0416   1.309e+04  2.386e+02  Marchand:1985us 
  2   3  0.3191   60.0    0.0516   1.625e+04  2.876e+02  Marchand:1985us 
  2   3  0.3191   60.0    0.0616   1.248e+04  2.500e+02  Marchand:1985us 
  2   3  0.3191   60.0    0.0716   7.918e+03  1.946e+02  Marchand:1985us 
  2   3  0.3191   60.0    0.0816   4.761e+03  1.501e+02  Marchand:1985us 
  2   3  0.3191   60.0    0.0916   2.655e+03  8.859e+01  Marchand:1985us 
  2   3  0.3191   60.0    0.1016   1.882e+03  7.365e+01  Marchand:1985us 
  2   3  0.3191   60.0    0.1116   1.245e+03  6.199e+01  Marchand:1985us 
  2   3  0.3191   60.0    0.1216   9.696e+02  5.523e+01  Marchand:1985us 
  2   3  0.3191   60.0    0.1316   6.390e+02  4.882e+01  Marchand:1985us 
  2   3  0.3191   60.0    0.1416   6.294e+02  4.386e+01  Marchand:1985us 
  2   3  0.3191   60.0    0.1516   5.206e+02  4.249e+01  Marchand:1985us 
  2   3  0.3191   60.0    0.1616   4.985e+02  4.338e+01  Marchand:1985us 
  2   3  0.3191   90.0    0.0366   4.874e+01  5.612e+00  Marchand:1985us 
  2   3  0.3191   90.0    0.0466   4.404e+02  1.080e+01  Marchand:1985us 
  2   3  0.3191   90.0    0.0566   9.161e+02  1.772e+01  Marchand:1985us 
  2   3  0.3191   90.0    0.0666   1.567e+03  2.697e+01  Marchand:1985us 
  2   3  0.3191   90.0    0.0766   2.363e+03  3.839e+01  Marchand:1985us 
  2   3  0.3191   90.0    0.0866   2.565e+03  4.297e+01  Marchand:1985us 
  2   3  0.3191   90.0    0.0966   2.317e+03  4.679e+01  Marchand:1985us 
  2   3  0.3191   90.0    0.1066   1.520e+03  3.740e+01  Marchand:1985us 
  2   3  0.3191   90.0    0.1166   1.011e+03  3.035e+01  Marchand:1985us 
  2   3  0.3191   90.0    0.1266   6.733e+02  2.490e+01  Marchand:1985us 
  2   3  0.3191   90.0    0.1366   4.278e+02  1.612e+01  Marchand:1985us 
  2   3  0.3191   90.0    0.1466   3.268e+02  1.408e+01  Marchand:1985us 
  2   3  0.3191   90.0    0.1566   2.650e+02  1.273e+01  Marchand:1985us 
  2   3  0.3191   90.0    0.1666   2.037e+02  1.163e+01  Marchand:1985us 
  2   3  0.3191   90.0    0.1766   1.817e+02  1.132e+01  Marchand:1985us 
  2   3  0.3191   90.0    0.1866   1.983e+02  1.173e+01  Marchand:1985us 
  2   3  0.3191   90.0    0.1966   1.780e+02  1.218e+01  Marchand:1985us 
  2   3  0.3191   90.0    0.2066   2.437e+02  1.512e+01  Marchand:1985us 
  2   3  0.3191   90.0    0.2166   2.884e+02  1.846e+01  Marchand:1985us 
  2   3  0.3191  144.5    0.0616   5.143e+00  8.230e-01  Marchand:1985us 
  2   3  0.3191  144.5    0.0716   3.585e+01  2.099e+00  Marchand:1985us 
  2   3  0.3191  144.5    0.0816   7.196e+01  3.089e+00  Marchand:1985us 
  2   3  0.3191  144.5    0.0916   1.377e+02  3.701e+00  Marchand:1985us 
  2   3  0.3191  144.5    0.1016   2.747e+02  5.836e+00  Marchand:1985us 
  2   3  0.3191  144.5    0.1116   4.161e+02  8.007e+00  Marchand:1985us 
  2   3  0.3191  144.5    0.1216   5.640e+02  1.034e+01  Marchand:1985us 
  2   3  0.3191  144.5    0.1316   5.799e+02  1.103e+01  Marchand:1985us 
  2   3  0.3191  144.5    0.1416   4.523e+02  1.077e+01  Marchand:1985us 
  2   3  0.3191  144.5    0.1516   3.184e+02  9.038e+00  Marchand:1985us 
  2   3  0.3191  144.5    0.1616   2.165e+02  7.508e+00  Marchand:1985us 
  2   3  0.3191  144.5    0.1716   1.385e+02  5.089e+00  Marchand:1985us 
  2   3  0.3191  144.5    0.1816   1.097e+02  4.520e+00  Marchand:1985us 
  2   3  0.3191  144.5    0.1916   8.910e+01  4.177e+00  Marchand:1985us 
  2   3  0.3191  144.5    0.2016   6.998e+01  3.897e+00  Marchand:1985us 
  2   3  0.3191  144.5    0.2116   8.251e+01  4.326e+00  Marchand:1985us 
  2   3  0.3191  144.5    0.2216   9.459e+01  5.522e+00  Marchand:1985us 
  2   3  0.3191  144.5    0.2316   1.211e+02  7.369e+00  Marchand:1985us 
  2   3  0.3793   36.0    0.0168   3.898e+04  1.417e+03  Marchand:1985us 
  2   3  0.3793   36.0    0.0268   8.447e+04  1.365e+03  Marchand:1985us 
  2   3  0.3793   36.0    0.0368   9.071e+04  1.478e+03  Marchand:1985us 
  2   3  0.3793   36.0    0.0468   5.721e+04  1.102e+03  Marchand:1985us 
  2   3  0.3793   36.0    0.0568   3.236e+04  7.892e+02  Marchand:1985us 
  2   3  0.3793   36.0    0.0668   1.751e+04  5.775e+02  Marchand:1985us 
  2   3  0.3793   36.0    0.0768   1.032e+04  4.547e+02  Marchand:1985us 
  2   3  0.3793   36.0    0.0868   7.026e+03  3.838e+02  Marchand:1985us 
  2   3  0.3793   36.0    0.0968   4.616e+03  2.943e+02  Marchand:1985us 
  2   3  0.3793   36.0    0.1068   3.434e+03  2.633e+02  Marchand:1985us 
  2   3  0.3793   36.0    0.1168   2.918e+03  2.449e+02  Marchand:1985us 
  2   3  0.3793   36.0    0.1268   2.169e+03  2.288e+02  Marchand:1985us 
  2   3  0.3793   36.0    0.1368   1.980e+03  2.214e+02  Marchand:1985us 
  2   3  0.3793   36.0    0.1468   1.703e+03  2.161e+02  Marchand:1985us 
  2   3  0.3793   36.0    0.1568   1.397e+03  2.225e+02  Marchand:1985us 
  2   3  0.3793   36.0    0.1668   1.595e+03  2.264e+02  Marchand:1985us 
  2   3  0.3793   36.0    0.1768   1.926e+03  2.339e+02  Marchand:1985us 
  2   3  0.3793   36.0    0.1868   2.100e+03  2.426e+02  Marchand:1985us 
  2   3  0.3793   60.0    0.0318   1.381e+03  5.047e+01  Marchand:1985us 
  2   3  0.3793   60.0    0.0418   3.707e+03  8.015e+01  Marchand:1985us 
  2   3  0.3793   60.0    0.0518   6.379e+03  1.178e+02  Marchand:1985us 
  2   3  0.3793   60.0    0.0618   8.946e+03  1.551e+02  Marchand:1985us 
  2   3  0.3793   60.0    0.0718   9.250e+03  1.655e+02  Marchand:1985us 
  2   3  0.3793   60.0    0.0818   6.787e+03  1.402e+02  Marchand:1985us 
  2   3  0.3793   60.0    0.0918   4.700e+03  1.148e+02  Marchand:1985us 
  2   3  0.3793   60.0    0.1018   3.013e+03  7.092e+01  Marchand:1985us 
  2   3  0.3793   60.0    0.1118   1.890e+03  5.546e+01  Marchand:1985us 
  2   3  0.3793   60.0    0.1218   1.277e+03  4.547e+01  Marchand:1985us 
  2   3  0.3793   60.0    0.1318   8.812e+02  3.843e+01  Marchand:1985us 
  2   3  0.3793   60.0    0.1418   6.895e+02  3.410e+01  Marchand:1985us 
  2   3  0.3793   60.0    0.1518   5.104e+02  3.224e+01  Marchand:1985us 
  2   3  0.3793   60.0    0.1618   4.605e+02  3.025e+01  Marchand:1985us 
  2   3  0.3793   60.0    0.1718   4.323e+02  2.911e+01  Marchand:1985us 
  2   3  0.3793   60.0    0.1818   3.715e+02  2.793e+01  Marchand:1985us 
  2   3  0.3793   60.0    0.1918   4.278e+02  2.839e+01  Marchand:1985us 
  2   3  0.3793   60.0    0.2018   4.669e+02  3.009e+01  Marchand:1985us 
  2   3  0.3793   60.0    0.2118   5.886e+02  3.265e+01  Marchand:1985us 
  2   3  0.3793   60.0    0.2218   6.270e+02  3.499e+01  Marchand:1985us 
  2   3  0.3793   90.0    0.0518   1.907e+01  2.441e+00  Marchand:1985us 
  2   3  0.3793   90.0    0.0618   1.287e+02  5.447e+00  Marchand:1985us 
  2   3  0.3793   90.0    0.0718   2.850e+02  8.543e+00  Marchand:1985us 
  2   3  0.3793   90.0    0.0818   4.903e+02  1.204e+01  Marchand:1985us 
  2   3  0.3793   90.0    0.0918   8.413e+02  1.738e+01  Marchand:1985us 
  2   3  0.3793   90.0    0.1018   1.262e+03  2.849e+01  Marchand:1985us 
  2   3  0.3793   90.0    0.1118   1.579e+03  3.388e+01  Marchand:1985us 
  2   3  0.3793   90.0    0.1218   1.470e+03  3.354e+01  Marchand:1985us 
  2   3  0.3793   90.0    0.1318   1.098e+03  2.920e+01  Marchand:1985us 
  2   3  0.3793   90.0    0.1418   7.847e+02  2.486e+01  Marchand:1985us 
  2   3  0.3793   90.0    0.1518   4.948e+02  1.684e+01  Marchand:1985us 
  2   3  0.3793   90.0    0.1618   4.162e+02  1.519e+01  Marchand:1985us 
  2   3  0.3793   90.0    0.1718   2.647e+02  1.271e+01  Marchand:1985us 
  2   3  0.3793   90.0    0.1818   1.902e+02  1.121e+01  Marchand:1985us 
  2   3  0.3793   90.0    0.1918   1.580e+02  1.041e+01  Marchand:1985us 
  2   3  0.3793   90.0    0.2018   1.541e+02  9.671e+00  Marchand:1985us 
  2   3  0.3793   90.0    0.2118   1.297e+02  9.307e+00  Marchand:1985us 
  2   3  0.3793   90.0    0.2218   1.755e+02  1.006e+01  Marchand:1985us 
  2   3  0.3793   90.0    0.2318   1.574e+02  1.169e+01  Marchand:1985us 
  2   3  0.3793   90.0    0.2418   2.173e+02  1.320e+01  Marchand:1985us 
  2   3  0.3793   90.0    0.2518   2.903e+02  1.521e+01  Marchand:1985us 
  2   3  0.3793   90.0    0.2618   3.149e+02  1.818e+01  Marchand:1985us 
  2   3  0.3793   90.0    0.2718   3.818e+02  2.164e+01  Marchand:1985us 
  2   3  0.3793  144.5    0.0968   8.143e+00  6.045e-01  Marchand:1985us 
  2   3  0.3793  144.5    0.1068   2.339e+01  1.046e+00  Marchand:1985us 
  2   3  0.3793  144.5    0.1168   3.697e+01  1.373e+00  Marchand:1985us 
  2   3  0.3793  144.5    0.1268   7.428e+01  2.063e+00  Marchand:1985us 
  2   3  0.3793  144.5    0.1368   1.301e+02  2.977e+00  Marchand:1985us 
  2   3  0.3793  144.5    0.1468   2.197e+02  4.329e+00  Marchand:1985us 
  2   3  0.3793  144.5    0.1568   3.342e+02  6.196e+00  Marchand:1985us 
  2   3  0.3793  144.5    0.1668   3.494e+02  6.717e+00  Marchand:1985us 
  2   3  0.3793  144.5    0.1768   3.028e+02  6.386e+00  Marchand:1985us 
  2   3  0.3793  144.5    0.1868   2.241e+02  5.513e+00  Marchand:1985us 
  2   3  0.3793  144.5    0.1968   1.640e+02  4.717e+00  Marchand:1985us 
  2   3  0.3793  144.5    0.2068   1.105e+02  3.953e+00  Marchand:1985us 
  2   3  0.3793  144.5    0.2168   8.271e+01  3.485e+00  Marchand:1985us 
  2   3  0.3793  144.5    0.2268   6.379e+01  3.170e+00  Marchand:1985us 
  2   3  0.3793  144.5    0.2368   5.843e+01  2.972e+00  Marchand:1985us 
  2   3  0.3793  144.5    0.2468   6.017e+01  3.094e+00  Marchand:1985us 
  2   3  0.3793  144.5    0.2568   7.778e+01  3.550e+00  Marchand:1985us 
  2   3  0.3793  144.5    0.2668   9.160e+01  4.546e+00  Marchand:1985us 
  2   3  0.3793  144.5    0.2768   1.189e+02  5.779e+00  Marchand:1985us 
  2   3  0.3793  144.5    0.2868   1.537e+02  8.096e+00  Marchand:1985us 
  2   3  0.4393   36.0    0.0168   2.846e+04  1.060e+03  Marchand:1985us 
  2   3  0.4393   36.0    0.0268   4.406e+04  7.680e+02  Marchand:1985us 
  2   3  0.4393   36.0    0.0368   6.663e+04  1.025e+03  Marchand:1985us 
  2   3  0.4393   36.0    0.0468   6.107e+04  9.914e+02  Marchand:1985us 
  2   3  0.4393   36.0    0.0568   4.259e+04  7.926e+02  Marchand:1985us 
  2   3  0.4393   36.0    0.0668   2.377e+04  5.657e+02  Marchand:1985us 
  2   3  0.4393   36.0    0.0768   1.326e+04  4.188e+02  Marchand:1985us 
  2   3  0.4393   36.0    0.0868   8.924e+03  3.052e+02  Marchand:1985us 
  2   3  0.4393   36.0    0.0968   5.852e+03  2.858e+02  Marchand:1985us 
  2   3  0.4393   36.0    0.1068   4.433e+03  2.511e+02  Marchand:1985us 
  2   3  0.4393   36.0    0.1168   2.890e+03  2.190e+02  Marchand:1985us 
  2   3  0.4393   36.0    0.1268   2.154e+03  1.987e+02  Marchand:1985us 
  2   3  0.4393   36.0    0.1368   2.185e+03  1.910e+02  Marchand:1985us 
  2   3  0.4393   36.0    0.1468   1.514e+03  1.760e+02  Marchand:1985us 
  2   3  0.4393   36.0    0.1568   1.474e+03  1.527e+02  Marchand:1985us 
  2   3  0.4393   36.0    0.1668   1.691e+03  1.522e+02  Marchand:1985us 
  2   3  0.4393   36.0    0.1768   1.240e+03  1.454e+02  Marchand:1985us 
  2   3  0.4393   36.0    0.1868   1.652e+03  1.503e+02  Marchand:1985us 
  2   3  0.4393   36.0    0.1968   1.767e+03  1.531e+02  Marchand:1985us 
  2   3  0.4393   36.0    0.2068   1.755e+03  1.558e+02  Marchand:1985us 
  2   3  0.4393   36.0    0.2168   2.379e+03  1.609e+02  Marchand:1985us 
  2   3  0.4393   36.0    0.2268   2.580e+03  1.684e+02  Marchand:1985us 
  2   3  0.4393   36.0    0.2368   3.091e+03  1.799e+02  Marchand:1985us 
  2   3  0.4393   36.0    0.2468   3.320e+03  1.900e+02  Marchand:1985us 
  2   3  0.4393   60.0    0.0368   2.164e+02  1.944e+01  Marchand:1985us 
  2   3  0.4393   60.0    0.0468   1.078e+03  3.255e+01  Marchand:1985us 
  2   3  0.4393   60.0    0.0568   2.117e+03  4.899e+01  Marchand:1985us 
  2   3  0.4393   60.0    0.0668   3.545e+03  7.004e+01  Marchand:1985us 
  2   3  0.4393   60.0    0.0768   4.968e+03  9.113e+01  Marchand:1985us 
  2   3  0.4393   60.0    0.0868   6.072e+03  9.153e+01  Marchand:1985us 
  2   3  0.4393   60.0    0.0968   5.370e+03  9.088e+01  Marchand:1985us 
  2   3  0.4393   60.0    0.1068   4.124e+03  7.832e+01  Marchand:1985us 
  2   3  0.4393   60.0    0.1168   2.792e+03  6.284e+01  Marchand:1985us 
  2   3  0.4393   60.0    0.1268   1.871e+03  5.066e+01  Marchand:1985us 
  2   3  0.4393   60.0    0.1368   1.260e+03  4.145e+01  Marchand:1985us 
  2   3  0.4393   60.0    0.1468   9.044e+02  3.528e+01  Marchand:1985us 
  2   3  0.4393   60.0    0.1568   6.882e+02  2.961e+01  Marchand:1985us 
  2   3  0.4393   60.0    0.1668   5.057e+02  2.615e+01  Marchand:1985us 
  2   3  0.4393   60.0    0.1768   4.182e+02  2.397e+01  Marchand:1985us 
  2   3  0.4393   60.0    0.1868   3.333e+02  2.212e+01  Marchand:1985us 
  2   3  0.4393   60.0    0.1968   3.728e+02  2.194e+01  Marchand:1985us 
  2   3  0.4393   60.0    0.2068   3.268e+02  2.103e+01  Marchand:1985us 
  2   3  0.4393   60.0    0.2168   3.434e+02  2.217e+01  Marchand:1985us 
  2   3  0.4393   60.0    0.2268   4.886e+02  2.403e+01  Marchand:1985us 
  2   3  0.4393   60.0    0.2368   5.397e+02  2.512e+01  Marchand:1985us 
  2   3  0.4393   60.0    0.2468   5.905e+02  2.630e+01  Marchand:1985us 
  2   3  0.4393   60.0    0.2568   7.187e+02  3.298e+01  Marchand:1985us 
  2   3  0.4393   60.0    0.2668   8.269e+02  3.567e+01  Marchand:1985us 
  2   3  0.4393   60.0    0.2768   8.389e+02  3.756e+01  Marchand:1985us 
  2   3  0.4393   60.0    0.2868   9.998e+02  4.193e+01  Marchand:1985us 
  2   3  0.4393   90.0    0.0668   5.013e+00  7.911e-01  Marchand:1985us 
  2   3  0.4393   90.0    0.0768   3.246e+01  1.935e+00  Marchand:1985us 
  2   3  0.4393   90.0    0.0868   7.201e+01  2.090e+00  Marchand:1985us 
  2   3  0.4393   90.0    0.0968   1.413e+02  3.819e+00  Marchand:1985us 
  2   3  0.4393   90.0    0.1068   2.478e+02  5.500e+00  Marchand:1985us 
  2   3  0.4393   90.0    0.1168   4.129e+02  7.904e+00  Marchand:1985us 
  2   3  0.4393   90.0    0.1268   6.591e+02  1.137e+01  Marchand:1985us 
  2   3  0.4393   90.0    0.1368   8.686e+02  1.453e+01  Marchand:1985us 
  2   3  0.4393   90.0    0.1468   9.337e+02  1.607e+01  Marchand:1985us 
  2   3  0.4393   90.0    0.1568   8.599e+02  1.747e+01  Marchand:1985us 
  2   3  0.4393   90.0    0.1668   6.486e+02  1.520e+01  Marchand:1985us 
  2   3  0.4393   90.0    0.1768   4.597e+02  1.285e+01  Marchand:1985us 
  2   3  0.4393   90.0    0.1868   3.179e+02  1.080e+01  Marchand:1985us 
  2   3  0.4393   90.0    0.1968   2.158e+02  9.193e+00  Marchand:1985us 
  2   3  0.4393   90.0    0.2068   1.662e+02  8.239e+00  Marchand:1985us 
  2   3  0.4393   90.0    0.2168   1.388e+02  6.844e+00  Marchand:1985us 
  2   3  0.4393   90.0    0.2268   1.161e+02  6.415e+00  Marchand:1985us 
  2   3  0.4393   90.0    0.2368   1.301e+02  6.495e+00  Marchand:1985us 
  2   3  0.4393   90.0    0.2468   1.300e+02  6.511e+00  Marchand:1985us 
  2   3  0.4393   90.0    0.2568   1.294e+02  7.422e+00  Marchand:1985us 
  2   3  0.4393   90.0    0.2668   1.644e+02  8.111e+00  Marchand:1985us 
  2   3  0.4393   90.0    0.2768   2.020e+02  8.979e+00  Marchand:1985us 
  2   3  0.4393   90.0    0.2868   2.309e+02  9.885e+00  Marchand:1985us 
  2   3  0.4393   90.0    0.2968   2.778e+02  1.147e+01  Marchand:1985us 
  2   3  0.4393   90.0    0.3068   3.534e+02  1.346e+01  Marchand:1985us 
  2   3  0.4393   90.0    0.3168   3.667e+02  1.521e+01  Marchand:1985us 
  2   3  0.4393   90.0    0.3268   4.317e+02  2.013e+01  Marchand:1985us 
  2   3  0.4393   90.0    0.3368   4.937e+02  2.481e+01  Marchand:1985us 
  2   3  0.4393  144.5    0.1018   4.627e-01  1.652e-01  Marchand:1985us 
  2   3  0.4393  144.5    0.1118   1.133e+00  2.333e-01  Marchand:1985us 
  2   3  0.4393  144.5    0.1218   3.262e+00  3.648e-01  Marchand:1985us 
  2   3  0.4393  144.5    0.1318   4.659e+00  4.409e-01  Marchand:1985us 
  2   3  0.4393  144.5    0.1418   1.155e+01  6.762e-01  Marchand:1985us 
  2   3  0.4393  144.5    0.1518   1.925e+01  8.892e-01  Marchand:1985us 
  2   3  0.4393  144.5    0.1618   3.650e+01  1.442e+00  Marchand:1985us 
  2   3  0.4393  144.5    0.1718   6.450e+01  2.000e+00  Marchand:1985us 
  2   3  0.4393  144.5    0.1818   1.074e+02  2.747e+00  Marchand:1985us 
  2   3  0.4393  144.5    0.1918   1.556e+02  3.560e+00  Marchand:1985us 
  2   3  0.4393  144.5    0.2018   2.111e+02  4.473e+00  Marchand:1985us 
  2   3  0.4393  144.5    0.2118   2.102e+02  4.700e+00  Marchand:1985us 
  2   3  0.4393  144.5    0.2218   1.804e+02  4.448e+00  Marchand:1985us 
  2   3  0.4393  144.5    0.2318   1.356e+02  3.920e+00  Marchand:1985us 
  2   3  0.4393  144.5    0.2418   9.710e+01  3.401e+00  Marchand:1985us 
  2   3  0.4393  144.5    0.2518   6.608e+01  2.940e+00  Marchand:1985us 
  2   3  0.4393  144.5    0.2618   5.377e+01  2.601e+00  Marchand:1985us 
  2   3  0.4393  144.5    0.2718   5.056e+01  2.574e+00  Marchand:1985us 
  2   3  0.4393  144.5    0.2818   5.018e+01  2.641e+00  Marchand:1985us 
  2   3  0.4393  144.5    0.2918   4.902e+01  2.803e+00  Marchand:1985us 
  2   3  0.4393  144.5    0.3018   6.431e+01  3.202e+00  Marchand:1985us 
  2   3  0.4393  144.5    0.3118   8.847e+01  3.838e+00  Marchand:1985us 
  2   3  0.4393  144.5    0.3218   1.020e+02  4.916e+00  Marchand:1985us 
  2   3  0.4393  144.5    0.3318   1.363e+02  6.258e+00  Marchand:1985us 
  2   3  0.4393  144.5    0.3418   1.663e+02  8.442e+00  Marchand:1985us 
  2   3  0.4393  144.5    0.3518   2.161e+02  1.197e+01  Marchand:1985us 
  2   3  0.4999   36.0    0.0224   8.693e+03  3.449e+02  Marchand:1985us 
  2   3  0.4999   36.0    0.0324   2.642e+04  4.384e+02  Marchand:1985us 
  2   3  0.4999   36.0    0.0424   4.241e+04  6.357e+02  Marchand:1985us 
  2   3  0.4999   36.0    0.0524   4.515e+04  6.957e+02  Marchand:1985us 
  2   3  0.4999   36.0    0.0624   3.709e+04  6.016e+02  Marchand:1985us 
  2   3  0.4999   36.0    0.0724   2.417e+04  5.413e+02  Marchand:1985us 
  2   3  0.4999   36.0    0.0824   1.523e+04  4.233e+02  Marchand:1985us 
  2   3  0.4999   36.0    0.0924   9.142e+03  3.316e+02  Marchand:1985us 
  2   3  0.4999   36.0    0.1024   6.155e+03  2.755e+02  Marchand:1985us 
  2   3  0.4999   36.0    0.1124   4.726e+03  2.415e+02  Marchand:1985us 
  2   3  0.4999   36.0    0.1224   3.299e+03  2.098e+02  Marchand:1985us 
  2   3  0.4999   36.0    0.1324   2.408e+03  1.870e+02  Marchand:1985us 
  2   3  0.4999   36.0    0.1424   1.929e+03  1.720e+02  Marchand:1985us 
  2   3  0.4999   36.0    0.1524   1.254e+03  1.175e+02  Marchand:1985us 
  2   3  0.4999   36.0    0.1624   1.205e+03  1.122e+02  Marchand:1985us 
  2   3  0.4999   36.0    0.1724   1.194e+03  1.091e+02  Marchand:1985us 
  2   3  0.4999   36.0    0.1824   1.062e+03  1.054e+02  Marchand:1985us 
  2   3  0.4999   36.0    0.1924   1.027e+03  1.035e+02  Marchand:1985us 
  2   3  0.4999   36.0    0.2024   1.324e+03  1.059e+02  Marchand:1985us 
  2   3  0.4999   36.0    0.2124   1.490e+03  1.077e+02  Marchand:1985us 
  2   3  0.4999   36.0    0.2224   1.556e+03  1.127e+02  Marchand:1985us 
  2   3  0.4999   36.0    0.2324   2.083e+03  1.205e+02  Marchand:1985us 
  2   3  0.4999   36.0    0.2424   2.200e+03  1.240e+02  Marchand:1985us 
  2   3  0.4999   36.0    0.2524   2.559e+03  1.311e+02  Marchand:1985us 
  2   3  0.4999   36.0    0.2624   2.993e+03  1.397e+02  Marchand:1985us 
  2   3  0.4999   36.0    0.2724   2.950e+03  1.669e+02  Marchand:1985us 
  2   3  0.4999   36.0    0.2824   3.058e+03  1.727e+02  Marchand:1985us 
  2   3  0.4999   36.0    0.2924   3.402e+03  1.829e+02  Marchand:1985us 
  2   3  0.4999   36.0    0.3024   3.866e+03  1.954e+02  Marchand:1985us 
  2   3  0.4999   36.0    0.3124   4.149e+03  2.066e+02  Marchand:1985us 
  2   3  0.4999   60.0    0.0474   8.769e+01  4.084e+00  Marchand:1985us 
  2   3  0.4999   60.0    0.0574   4.114e+02  8.458e+00  Marchand:1985us 
  2   3  0.4999   60.0    0.0674   7.867e+02  1.514e+01  Marchand:1985us 
  2   3  0.4999   60.0    0.0774   1.371e+03  2.314e+01  Marchand:1985us 
  2   3  0.4999   60.0    0.0874   2.209e+03  3.447e+01  Marchand:1985us 
  2   3  0.4999   60.0    0.0974   3.247e+03  4.866e+01  Marchand:1985us 
  2   3  0.4999   60.0    0.1074   3.881e+03  5.873e+01  Marchand:1985us 
  2   3  0.4999   60.0    0.1174   3.741e+03  5.981e+01  Marchand:1985us 
  2   3  0.4999   60.0    0.1274   2.924e+03  5.219e+01  Marchand:1985us 
  2   3  0.4999   60.0    0.1374   2.075e+03  4.289e+01  Marchand:1985us 
  2   3  0.4999   60.0    0.1474   1.514e+03  3.380e+01  Marchand:1985us 
  2   3  0.4999   60.0    0.1574   1.034e+03  3.073e+01  Marchand:1985us 
  2   3  0.4999   60.0    0.1674   7.686e+02  2.640e+01  Marchand:1985us 
  2   3  0.4999   60.0    0.1774   5.450e+02  2.277e+01  Marchand:1985us 
  2   3  0.4999   60.0    0.1874   4.508e+02  2.069e+01  Marchand:1985us 
  2   3  0.4999   60.0    0.1974   3.634e+02  1.886e+01  Marchand:1985us 
  2   3  0.4999   60.0    0.2074   3.065e+02  1.752e+01  Marchand:1985us 
  2   3  0.4999   60.0    0.2174   2.988e+02  1.631e+01  Marchand:1985us 
  2   3  0.4999   60.0    0.2274   3.307e+02  1.633e+01  Marchand:1985us 
  2   3  0.4999   60.0    0.2374   3.431e+02  1.634e+01  Marchand:1985us 
  2   3  0.4999   60.0    0.2474   3.858e+02  1.678e+01  Marchand:1985us 
  2   3  0.4999   60.0    0.2574   4.217e+02  1.736e+01  Marchand:1985us 
  2   3  0.4999   60.0    0.2674   4.709e+02  1.817e+01  Marchand:1985us 
  2   3  0.4999   60.0    0.2774   5.897e+02  2.267e+01  Marchand:1985us 
  2   3  0.4999   60.0    0.2874   6.551e+02  2.410e+01  Marchand:1985us 
  2   3  0.4999   60.0    0.2974   7.351e+02  2.580e+01  Marchand:1985us 
  2   3  0.4999   60.0    0.3074   8.169e+02  2.762e+01  Marchand:1985us 
  2   3  0.4999   60.0    0.3174   9.273e+02  2.519e+01  Marchand:1985us 
  2   3  0.4999   60.0    0.3274   1.040e+03  2.778e+01  Marchand:1985us 
  2   3  0.4999   60.0    0.3374   1.126e+03  3.050e+01  Marchand:1985us 
  2   3  0.4999   60.0    0.3474   1.117e+03  3.264e+01  Marchand:1985us 
  2   3  0.4999   90.0    0.0824   1.247e+00  2.291e-01  Marchand:1985us 
  2   3  0.4999   90.0    0.0924   7.777e+00  5.661e-01  Marchand:1985us 
  2   3  0.4999   90.0    0.1024   1.891e+01  9.098e-01  Marchand:1985us 
  2   3  0.4999   90.0    0.1124   3.864e+01  1.354e+00  Marchand:1985us 
  2   3  0.4999   90.0    0.1224   6.235e+01  1.813e+00  Marchand:1985us 
  2   3  0.4999   90.0    0.1324   1.117e+02  2.622e+00  Marchand:1985us 
  2   3  0.4999   90.0    0.1424   1.959e+02  3.889e+00  Marchand:1985us 
  2   3  0.4999   90.0    0.1524   3.019e+02  5.848e+00  Marchand:1985us 
  2   3  0.4999   90.0    0.1624   4.604e+02  8.116e+00  Marchand:1985us 
  2   3  0.4999   90.0    0.1724   5.673e+02  9.852e+00  Marchand:1985us 
  2   3  0.4999   90.0    0.1824   6.039e+02  1.075e+01  Marchand:1985us 
  2   3  0.4999   90.0    0.1924   5.386e+02  1.037e+01  Marchand:1985us 
  2   3  0.4999   90.0    0.2024   4.210e+02  9.196e+00  Marchand:1985us 
  2   3  0.4999   90.0    0.2124   3.013e+02  7.812e+00  Marchand:1985us 
  2   3  0.4999   90.0    0.2224   2.124e+02  7.196e+00  Marchand:1985us 
  2   3  0.4999   90.0    0.2324   1.642e+02  6.420e+00  Marchand:1985us 
  2   3  0.4999   90.0    0.2424   1.312e+02  5.864e+00  Marchand:1985us 
  2   3  0.4999   90.0    0.2524   1.096e+02  5.472e+00  Marchand:1985us 
  2   3  0.4999   90.0    0.2624   9.693e+01  5.244e+00  Marchand:1985us 
  2   3  0.4999   90.0    0.2724   9.442e+01  5.352e+00  Marchand:1985us 
  2   3  0.4999   90.0    0.2824   1.239e+02  5.763e+00  Marchand:1985us 
  2   3  0.4999   90.0    0.2924   1.220e+02  5.882e+00  Marchand:1985us 
  2   3  0.4999   90.0    0.3024   1.479e+02  6.375e+00  Marchand:1985us 
  2   3  0.4999   90.0    0.3124   1.814e+02  7.035e+00  Marchand:1985us 
  2   3  0.4999   90.0    0.3224   1.990e+02  8.832e+00  Marchand:1985us 
  2   3  0.4999   90.0    0.3324   2.677e+02  1.018e+01  Marchand:1985us 
  2   3  0.4999   90.0    0.3424   3.024e+02  1.125e+01  Marchand:1985us 
  2   3  0.4999   90.0    0.3524   3.249e+02  1.272e+01  Marchand:1985us 
  2   3  0.4999   90.0    0.3624   3.720e+02  1.438e+01  Marchand:1985us 
  2   3  0.4999   90.0    0.3724   3.903e+02  1.612e+01  Marchand:1985us 
  2   3  0.4999   90.0    0.3824   4.202e+02  1.902e+01  Marchand:1985us 
  2   3  0.4999   90.0    0.3924   4.464e+02  2.280e+01  Marchand:1985us 
  2   3  0.4999  144.5    0.1524   1.091e+00  1.885e-01  Marchand:1985us 
  2   3  0.4999  144.5    0.1624   1.881e+00  2.522e-01  Marchand:1985us 
  2   3  0.4999  144.5    0.1724   3.279e+00  3.258e-01  Marchand:1985us 
  2   3  0.4999  144.5    0.1824   5.514e+00  4.109e-01  Marchand:1985us 
  2   3  0.4999  144.5    0.1924   1.246e+01  5.894e-01  Marchand:1985us 
  2   3  0.4999  144.5    0.2024   2.142e+01  7.815e-01  Marchand:1985us 
  2   3  0.4999  144.5    0.2124   3.542e+01  1.043e+00  Marchand:1985us 
  2   3  0.4999  144.5    0.2224   5.801e+01  1.649e+00  Marchand:1985us 
  2   3  0.4999  144.5    0.2324   9.200e+01  2.228e+00  Marchand:1985us 
  2   3  0.4999  144.5    0.2424   1.246e+02  2.787e+00  Marchand:1985us 
  2   3  0.4999  144.5    0.2524   1.345e+02  3.048e+00  Marchand:1985us 
  2   3  0.4999  144.5    0.2624   1.276e+02  3.066e+00  Marchand:1985us 
  2   3  0.4999  144.5    0.2724   9.789e+01  2.750e+00  Marchand:1985us 
  2   3  0.4999  144.5    0.2824   7.370e+01  2.448e+00  Marchand:1985us 
  2   3  0.4999  144.5    0.2924   5.740e+01  2.219e+00  Marchand:1985us 
  2   3  0.4999  144.5    0.3024   4.499e+01  2.052e+00  Marchand:1985us 
  2   3  0.4999  144.5    0.3124   3.805e+01  1.978e+00  Marchand:1985us 
  2   3  0.4999  144.5    0.3224   3.514e+01  1.986e+00  Marchand:1985us 
  2   3  0.4999  144.5    0.3324   3.824e+01  2.117e+00  Marchand:1985us 
  2   3  0.4999  144.5    0.3424   4.886e+01  2.376e+00  Marchand:1985us 
  2   3  0.4999  144.5    0.3524   5.997e+01  2.916e+00  Marchand:1985us 
  2   3  0.4999  144.5    0.3624   7.948e+01  3.522e+00  Marchand:1985us 
  2   3  0.4999  144.5    0.3724   9.842e+01  4.074e+00  Marchand:1985us 
  2   3  0.4999  144.5    0.3824   1.160e+02  5.063e+00  Marchand:1985us 
  2   3  0.4999  144.5    0.3924   1.463e+02  6.359e+00  Marchand:1985us 
  2   3  0.4999  144.5    0.4024   1.701e+02  7.979e+00  Marchand:1985us 
  2   3  0.4999  144.5    0.4124   1.918e+02  1.078e+01  Marchand:1985us 
  2   3  0.5603   36.0    0.0278   5.167e+03  1.706e+02  Marchand:1985us 
  2   3  0.5603   36.0    0.0378   1.514e+04  2.591e+02  Marchand:1985us 
  2   3  0.5603   36.0    0.0478   2.502e+04  3.845e+02  Marchand:1985us 
  2   3  0.5603   36.0    0.0578   3.382e+04  5.056e+02  Marchand:1985us 
  2   3  0.5603   36.0    0.0678   3.335e+04  5.226e+02  Marchand:1985us 
  2   3  0.5603   36.0    0.0778   2.502e+04  4.421e+02  Marchand:1985us 
  2   3  0.5603   36.0    0.0878   1.692e+04  3.511e+02  Marchand:1985us 
  2   3  0.5603   36.0    0.0978   1.112e+04  2.769e+02  Marchand:1985us 
  2   3  0.5603   36.0    0.1078   6.947e+03  2.182e+02  Marchand:1985us 
  2   3  0.5603   36.0    0.1178   4.662e+03  1.798e+02  Marchand:1985us 
  2   3  0.5603   36.0    0.1278   3.780e+03  1.534e+02  Marchand:1985us 
  2   3  0.5603   36.0    0.1378   2.684e+03  1.326e+02  Marchand:1985us 
  2   3  0.5603   36.0    0.1478   2.027e+03  1.179e+02  Marchand:1985us 
  2   3  0.5603   36.0    0.1578   1.574e+03  1.065e+02  Marchand:1985us 
  2   3  0.5603   36.0    0.1678   1.369e+03  9.897e+01  Marchand:1985us 
  2   3  0.5603   36.0    0.1778   1.366e+03  9.484e+01  Marchand:1985us 
  2   3  0.5603   36.0    0.1878   1.192e+03  8.970e+01  Marchand:1985us 
  2   3  0.5603   36.0    0.1978   1.203e+03  8.789e+01  Marchand:1985us 
  2   3  0.5603   36.0    0.2078   1.304e+03  7.431e+01  Marchand:1985us 
  2   3  0.5603   36.0    0.2178   1.362e+03  8.703e+01  Marchand:1985us 
  2   3  0.5603   36.0    0.2278   1.773e+03  9.248e+01  Marchand:1985us 
  2   3  0.5603   36.0    0.2378   1.901e+03  9.490e+01  Marchand:1985us 
  2   3  0.5603   36.0    0.2478   2.097e+03  9.820e+01  Marchand:1985us 
  2   3  0.5603   36.0    0.2578   2.469e+03  1.037e+02  Marchand:1985us 
  2   3  0.5603   36.0    0.2678   2.682e+03  1.075e+02  Marchand:1985us 
  2   3  0.5603   36.0    0.2778   3.022e+03  1.300e+02  Marchand:1985us 
  2   3  0.5603   36.0    0.2878   3.534e+03  1.387e+02  Marchand:1985us 
  2   3  0.5603   36.0    0.2978   3.532e+03  1.411e+02  Marchand:1985us 
  2   3  0.5603   36.0    0.3078   3.869e+03  1.483e+02  Marchand:1985us 
  2   3  0.5603   36.0    0.3178   3.814e+03  1.507e+02  Marchand:1985us 
  2   3  0.5603   36.0    0.3278   3.849e+03  1.545e+02  Marchand:1985us 
  2   3  0.5603   36.0    0.3378   3.908e+03  1.536e+02  Marchand:1985us 
  2   3  0.5603   36.0    0.3478   4.005e+03  1.594e+02  Marchand:1985us 
  2   3  0.5603   36.0    0.3578   3.685e+03  1.604e+02  Marchand:1985us 
  2   3  0.5603   36.0    0.3678   4.062e+03  1.707e+02  Marchand:1985us 
  2   3  0.5603   36.0    0.3778   2.906e+03  1.857e+02  Marchand:1985us 
  2   3  0.5603   60.0    0.0578   2.042e+01  4.009e+00  Marchand:1985us 
  2   3  0.5603   60.0    0.0678   1.363e+02  8.973e+00  Marchand:1985us 
  2   3  0.5603   60.0    0.0778   3.327e+02  1.438e+01  Marchand:1985us 
  2   3  0.5603   60.0    0.0878   4.785e+02  1.783e+01  Marchand:1985us 
  2   3  0.5603   60.0    0.0978   8.992e+02  2.556e+01  Marchand:1985us 
  2   3  0.5603   60.0    0.1078   1.422e+03  3.418e+01  Marchand:1985us 
  2   3  0.5603   60.0    0.1178   1.864e+03  4.151e+01  Marchand:1985us 
  2   3  0.5603   60.0    0.1278   2.564e+03  4.478e+01  Marchand:1985us 
  2   3  0.5603   60.0    0.1378   2.668e+03  4.792e+01  Marchand:1985us 
  2   3  0.5603   60.0    0.1478   2.273e+03  4.470e+01  Marchand:1985us 
  2   3  0.5603   60.0    0.1578   1.780e+03  3.939e+01  Marchand:1985us 
  2   3  0.5603   60.0    0.1678   1.270e+03  3.314e+01  Marchand:1985us 
  2   3  0.5603   60.0    0.1778   8.911e+02  2.785e+01  Marchand:1985us 
  2   3  0.5603   60.0    0.1878   6.603e+02  2.409e+01  Marchand:1985us 
  2   3  0.5603   60.0    0.1978   4.933e+02  2.114e+01  Marchand:1985us 
  2   3  0.5603   60.0    0.2078   4.135e+02  1.602e+01  Marchand:1985us 
  2   3  0.5603   60.0    0.2178   3.263e+02  1.664e+01  Marchand:1985us 
  2   3  0.5603   60.0    0.2278   2.956e+02  1.580e+01  Marchand:1985us 
  2   3  0.5603   60.0    0.2378   2.560e+02  1.502e+01  Marchand:1985us 
  2   3  0.5603   60.0    0.2478   2.718e+02  1.499e+01  Marchand:1985us 
  2   3  0.5603   60.0    0.2578   2.986e+02  1.519e+01  Marchand:1985us 
  2   3  0.5603   60.0    0.2678   3.361e+02  1.559e+01  Marchand:1985us 
  2   3  0.5603   60.0    0.2778   3.878e+02  1.729e+01  Marchand:1985us 
  2   3  0.5603   60.0    0.2878   4.249e+02  1.794e+01  Marchand:1985us 
  2   3  0.5603   60.0    0.2978   4.840e+02  1.900e+01  Marchand:1985us 
  2   3  0.5603   60.0    0.3078   5.621e+02  2.030e+01  Marchand:1985us 
  2   3  0.5603   60.0    0.3178   6.557e+02  2.192e+01  Marchand:1985us 
  2   3  0.5603   60.0    0.3278   7.024e+02  2.304e+01  Marchand:1985us 
  2   3  0.5603   60.0    0.3378   8.276e+02  2.682e+01  Marchand:1985us 
  2   3  0.5603   60.0    0.3478   8.958e+02  2.841e+01  Marchand:1985us 
  2   3  0.5603   60.0    0.3578   9.599e+02  3.001e+01  Marchand:1985us 
  2   3  0.5603   60.0    0.3678   9.777e+02  3.101e+01  Marchand:1985us 
  2   3  0.5603   60.0    0.3778   9.748e+02  3.327e+01  Marchand:1985us 
  2   3  0.5603   60.0    0.3878   1.057e+03  3.548e+01  Marchand:1985us 
  2   3  0.5603   60.0    0.3978   9.370e+02  3.560e+01  Marchand:1985us 
  2   3  0.5603   60.0    0.4078   9.382e+02  3.762e+01  Marchand:1985us 
  2   3  0.5603   90.0    0.0978   5.404e-01  1.921e-01  Marchand:1985us 
  2   3  0.5603   90.0    0.1078   3.173e+00  4.631e-01  Marchand:1985us 
  2   3  0.5603   90.0    0.1178   3.554e+00  5.083e-01  Marchand:1985us 
  2   3  0.5603   90.0    0.1278   9.445e+00  8.350e-01  Marchand:1985us 
  2   3  0.5603   90.0    0.1378   1.589e+01  1.100e+00  Marchand:1985us 
  2   3  0.5603   90.0    0.1478   3.027e+01  1.539e+00  Marchand:1985us 
  2   3  0.5603   90.0    0.1578   5.254e+01  2.080e+00  Marchand:1985us 
  2   3  0.5603   90.0    0.1678   8.944e+01  2.820e+00  Marchand:1985us 
  2   3  0.5603   90.0    0.1778   1.501e+02  3.859e+00  Marchand:1985us 
  2   3  0.5603   90.0    0.1878   2.241e+02  5.048e+00  Marchand:1985us 
  2   3  0.5603   90.0    0.1978   3.025e+02  6.319e+00  Marchand:1985us 
  2   3  0.5603   90.0    0.2078   3.744e+02  6.617e+00  Marchand:1985us 
  2   3  0.5603   90.0    0.2178   3.933e+02  8.501e+00  Marchand:1985us 
  2   3  0.5603   90.0    0.2278   3.815e+02  8.623e+00  Marchand:1985us 
  2   3  0.5603   90.0    0.2378   2.966e+02  7.754e+00  Marchand:1985us 
  2   3  0.5603   90.0    0.2478   2.283e+02  6.932e+00  Marchand:1985us 
  2   3  0.5603   90.0    0.2578   1.651e+02  6.071e+00  Marchand:1985us 
  2   3  0.5603   90.0    0.2678   1.332e+02  5.542e+00  Marchand:1985us 
  2   3  0.5603   90.0    0.2778   1.034e+02  4.625e+00  Marchand:1985us 
  2   3  0.5603   90.0    0.2878   8.578e+01  4.345e+00  Marchand:1985us 
  2   3  0.5603   90.0    0.2978   7.816e+01  4.206e+00  Marchand:1985us 
  2   3  0.5603   90.0    0.3078   8.732e+01  4.304e+00  Marchand:1985us 
  2   3  0.5603   90.0    0.3178   9.238e+01  4.413e+00  Marchand:1985us 
  2   3  0.5603   90.0    0.3278   1.125e+02  4.744e+00  Marchand:1985us 
  2   3  0.5603   90.0    0.3378   1.211e+02  5.552e+00  Marchand:1985us 
  2   3  0.5603   90.0    0.3478   1.471e+02  6.069e+00  Marchand:1985us 
  2   3  0.5603   90.0    0.3578   1.798e+02  6.731e+00  Marchand:1985us 
  2   3  0.5603   90.0    0.3678   2.327e+02  7.677e+00  Marchand:1985us 
  2   3  0.5603   90.0    0.3778   2.632e+02  1.031e+01  Marchand:1985us 
  2   3  0.5603   90.0    0.3878   2.916e+02  1.119e+01  Marchand:1985us 
  2   3  0.5603   90.0    0.3978   3.186e+02  1.217e+01  Marchand:1985us 
  2   3  0.5603   90.0    0.4078   3.326e+02  1.315e+01  Marchand:1985us 
  2   3  0.5603   90.0    0.4178   3.552e+02  1.383e+01  Marchand:1985us 
  2   3  0.5603   90.0    0.4278   3.715e+02  1.551e+01  Marchand:1985us 
  2   3  0.5603   90.0    0.4378   3.437e+02  1.734e+01  Marchand:1985us 
  2   3  0.5603   90.0    0.4478   3.362e+02  2.091e+01  Marchand:1985us 
  2   3  0.5603   90.0    0.4578   3.340e+02  2.570e+01  Marchand:1985us 
  2   3  0.5603  144.5    0.2078   1.584e+00  2.051e-01  Marchand:1985us 
  2   3  0.5603  144.5    0.2178   3.168e+00  2.913e-01  Marchand:1985us 
  2   3  0.5603  144.5    0.2278   4.779e+00  3.641e-01  Marchand:1985us 
  2   3  0.5603  144.5    0.2378   8.675e+00  4.816e-01  Marchand:1985us 
  2   3  0.5603  144.5    0.2478   1.453e+01  6.226e-01  Marchand:1985us 
  2   3  0.5603  144.5    0.2578   2.535e+01  8.357e-01  Marchand:1985us 
  2   3  0.5603  144.5    0.2678   4.110e+01  1.112e+00  Marchand:1985us 
  2   3  0.5603  144.5    0.2778   6.121e+01  1.190e+00  Marchand:1985us 
  2   3  0.5603  144.5    0.2878   8.089e+01  1.503e+00  Marchand:1985us 
  2   3  0.5603  144.5    0.2978   9.459e+01  1.754e+00  Marchand:1985us 
  2   3  0.5603  144.5    0.3078   8.972e+01  1.781e+00  Marchand:1985us 
  2   3  0.5603  144.5    0.3178   7.090e+01  1.616e+00  Marchand:1985us 
  2   3  0.5603  144.5    0.3278   5.370e+01  1.439e+00  Marchand:1985us 
  2   3  0.5603  144.5    0.3378   4.383e+01  1.579e+00  Marchand:1985us 
  2   3  0.5603  144.5    0.3478   3.522e+01  1.474e+00  Marchand:1985us 
  2   3  0.5603  144.5    0.3578   3.135e+01  1.441e+00  Marchand:1985us 
  2   3  0.5603  144.5    0.3678   3.064e+01  1.474e+00  Marchand:1985us 
  2   3  0.5603  144.5    0.3778   3.427e+01  1.808e+00  Marchand:1985us 
  2   3  0.5603  144.5    0.3878   4.361e+01  2.052e+00  Marchand:1985us 
  2   3  0.5603  144.5    0.3978   5.452e+01  2.354e+00  Marchand:1985us 
  2   3  0.5603  144.5    0.4078   6.816e+01  2.746e+00  Marchand:1985us 
  2   3  0.5603  144.5    0.4178   9.260e+01  3.699e+00  Marchand:1985us 
  2   3  0.5603  144.5    0.4278   1.073e+02  4.344e+00  Marchand:1985us 
  2   3  0.5603  144.5    0.4378   1.281e+02  5.264e+00  Marchand:1985us 
  2   3  0.5603  144.5    0.4478   1.444e+02  7.104e+00  Marchand:1985us 
  2   3  0.5603  144.5    0.4578   1.657e+02  9.024e+00  Marchand:1985us 
  2   3  0.5603  144.5    0.4678   1.837e+02  1.197e+01  Marchand:1985us 
  2   3  0.6198   36.0    0.0323   3.243e+03  8.424e+01  Marchand:1985us 
  2   3  0.6198   36.0    0.0423   8.603e+03  1.343e+02  Marchand:1985us 
  2   3  0.6198   36.0    0.0523   1.445e+04  2.077e+02  Marchand:1985us 
  2   3  0.6198   36.0    0.0623   2.043e+04  2.877e+02  Marchand:1985us 
  2   3  0.6198   36.0    0.0723   2.417e+04  3.367e+02  Marchand:1985us 
  2   3  0.6198   36.0    0.0823   2.226e+04  3.303e+02  Marchand:1985us 
  2   3  0.6198   36.0    0.0923   1.654e+04  2.749e+02  Marchand:1985us 
  2   3  0.6198   36.0    0.1023   1.120e+04  2.163e+02  Marchand:1985us 
  2   3  0.6198   36.0    0.1123   8.307e+03  2.016e+02  Marchand:1985us 
  2   3  0.6198   36.0    0.1223   5.420e+03  1.631e+02  Marchand:1985us 
  2   3  0.6198   36.0    0.1323   3.900e+03  1.377e+02  Marchand:1985us 
  2   3  0.6198   36.0    0.1423   3.016e+03  1.204e+02  Marchand:1985us 
  2   3  0.6198   36.0    0.1523   1.999e+03  1.027e+02  Marchand:1985us 
  2   3  0.6198   36.0    0.1623   1.629e+03  9.280e+01  Marchand:1985us 
  2   3  0.6198   36.0    0.1723   1.352e+03  8.503e+01  Marchand:1985us 
  2   3  0.6198   36.0    0.1823   1.191e+03  6.635e+01  Marchand:1985us 
  2   3  0.6198   36.0    0.1923   9.946e+02  6.836e+01  Marchand:1985us 
  2   3  0.6198   36.0    0.2023   1.143e+03  6.779e+01  Marchand:1985us 
  2   3  0.6198   36.0    0.2123   1.077e+03  6.541e+01  Marchand:1985us 
  2   3  0.6198   36.0    0.2223   1.279e+03  6.635e+01  Marchand:1985us 
  2   3  0.6198   36.0    0.2323   1.422e+03  6.736e+01  Marchand:1985us 
  2   3  0.6198   36.0    0.2423   1.691e+03  7.022e+01  Marchand:1985us 
  2   3  0.6198   36.0    0.2523   1.695e+03  7.026e+01  Marchand:1985us 
  2   3  0.6198   36.0    0.2623   1.837e+03  7.276e+01  Marchand:1985us 
  2   3  0.6198   36.0    0.2723   2.101e+03  8.370e+01  Marchand:1985us 
  2   3  0.6198   36.0    0.2823   2.549e+03  9.085e+01  Marchand:1985us 
  2   3  0.6198   36.0    0.2923   2.700e+03  9.471e+01  Marchand:1985us 
  2   3  0.6198   36.0    0.3023   2.884e+03  9.865e+01  Marchand:1985us 
  2   3  0.6198   36.0    0.3123   3.114e+03  1.031e+02  Marchand:1985us 
  2   3  0.6198   36.0    0.3223   3.230e+03  1.059e+02  Marchand:1985us 
  2   3  0.6198   36.0    0.3323   3.125e+03  1.063e+02  Marchand:1985us 
  2   3  0.6198   36.0    0.3423   3.439e+03  1.104e+02  Marchand:1985us 
  2   3  0.6198   36.0    0.3523   3.582e+03  1.139e+02  Marchand:1985us 
  2   3  0.6198   36.0    0.3623   3.471e+03  1.147e+02  Marchand:1985us 
  2   3  0.6198   36.0    0.3723   3.418e+03  1.163e+02  Marchand:1985us 
  2   3  0.6198   36.0    0.3823   3.150e+03  1.158e+02  Marchand:1985us 
  2   3  0.6198   36.0    0.3923   2.878e+03  1.191e+02  Marchand:1985us 
  2   3  0.6198   36.0    0.4023   2.819e+03  1.217e+02  Marchand:1985us 
  2   3  0.6198   36.0    0.4123   2.410e+03  1.208e+02  Marchand:1985us 
  2   3  0.6198   36.0    0.4223   2.419e+03  1.253e+02  Marchand:1985us 
  2   3  0.6198   36.0    0.4323   2.281e+03  1.295e+02  Marchand:1985us 
  2   3  0.6198   60.0    0.0673   8.004e+00  9.008e-01  Marchand:1985us 
  2   3  0.6198   60.0    0.0773   4.674e+01  1.543e+00  Marchand:1985us 
  2   3  0.6198   60.0    0.0873   1.148e+02  2.646e+00  Marchand:1985us 
  2   3  0.6198   60.0    0.0973   1.929e+02  3.802e+00  Marchand:1985us 
  2   3  0.6198   60.0    0.1073   3.214e+02  6.875e+00  Marchand:1985us 
  2   3  0.6198   60.0    0.1173   4.873e+02  9.296e+00  Marchand:1985us 
  2   3  0.6198   60.0    0.1273   8.016e+02  1.355e+01  Marchand:1985us 
  2   3  0.6198   60.0    0.1373   1.221e+03  1.920e+01  Marchand:1985us 
  2   3  0.6198   60.0    0.1473   1.598e+03  2.464e+01  Marchand:1985us 
  2   3  0.6198   60.0    0.1573   1.824e+03  2.847e+01  Marchand:1985us 
  2   3  0.6198   60.0    0.1673   1.751e+03  2.881e+01  Marchand:1985us 
  2   3  0.6198   60.0    0.1773   1.423e+03  2.588e+01  Marchand:1985us 
  2   3  0.6198   60.0    0.1873   1.150e+03  2.573e+01  Marchand:1985us 
  2   3  0.6198   60.0    0.1973   8.898e+02  2.251e+01  Marchand:1985us 
  2   3  0.6198   60.0    0.2073   6.170e+02  1.895e+01  Marchand:1985us 
  2   3  0.6198   60.0    0.2173   4.814e+02  1.672e+01  Marchand:1985us 
  2   3  0.6198   60.0    0.2273   3.628e+02  1.472e+01  Marchand:1985us 
  2   3  0.6198   60.0    0.2373   3.027e+02  1.343e+01  Marchand:1985us 
  2   3  0.6198   60.0    0.2473   2.555e+02  1.242e+01  Marchand:1985us 
  2   3  0.6198   60.0    0.2573   2.252e+02  1.174e+01  Marchand:1985us 
  2   3  0.6198   60.0    0.2673   2.246e+02  9.663e+00  Marchand:1985us 
  2   3  0.6198   60.0    0.2773   2.240e+02  1.092e+01  Marchand:1985us 
  2   3  0.6198   60.0    0.2873   2.634e+02  1.149e+01  Marchand:1985us 
  2   3  0.6198   60.0    0.2973   3.006e+02  1.211e+01  Marchand:1985us 
  2   3  0.6198   60.0    0.3073   3.393e+02  1.273e+01  Marchand:1985us 
  2   3  0.6198   60.0    0.3173   3.630e+02  1.316e+01  Marchand:1985us 
  2   3  0.6198   60.0    0.3273   4.429e+02  1.421e+01  Marchand:1985us 
  2   3  0.6198   60.0    0.3373   5.172e+02  1.724e+01  Marchand:1985us 
  2   3  0.6198   60.0    0.3473   5.801e+02  1.837e+01  Marchand:1985us 
  2   3  0.6198   60.0    0.3573   6.503e+02  1.964e+01  Marchand:1985us 
  2   3  0.6198   60.0    0.3673   7.285e+02  2.102e+01  Marchand:1985us 
  2   3  0.6198   60.0    0.3773   7.551e+02  2.178e+01  Marchand:1985us 
  2   3  0.6198   60.0    0.3873   8.091e+02  2.293e+01  Marchand:1985us 
  2   3  0.6198   60.0    0.3973   8.332e+02  2.480e+01  Marchand:1985us 
  2   3  0.6198   60.0    0.4073   8.487e+02  2.557e+01  Marchand:1985us 
  2   3  0.6198   60.0    0.4173   8.280e+02  2.597e+01  Marchand:1985us 
  2   3  0.6198   60.0    0.4273   7.799e+02  2.605e+01  Marchand:1985us 
  2   3  0.6198   60.0    0.4373   7.609e+02  2.613e+01  Marchand:1985us 
  2   3  0.6198   60.0    0.4473   6.997e+02  2.654e+01  Marchand:1985us 
  2   3  0.6198   60.0    0.4573   6.778e+02  2.781e+01  Marchand:1985us 
  2   3  0.6198   60.0    0.4673   6.173e+02  2.925e+01  Marchand:1985us 
  2   3  0.6198   90.0    0.1173   7.365e-01  1.874e-01  Marchand:1985us 
  2   3  0.6198   90.0    0.1273   1.328e+00  2.573e-01  Marchand:1985us 
  2   3  0.6198   90.0    0.1373   1.289e+00  2.643e-01  Marchand:1985us 
  2   3  0.6198   90.0    0.1473   2.799e+00  3.843e-01  Marchand:1985us 
  2   3  0.6198   90.0    0.1573   5.883e+00  5.557e-01  Marchand:1985us 
  2   3  0.6198   90.0    0.1673   1.062e+01  7.518e-01  Marchand:1985us 
  2   3  0.6198   90.0    0.1773   1.512e+01  9.144e-01  Marchand:1985us 
  2   3  0.6198   90.0    0.1873   2.560e+01  1.119e+00  Marchand:1985us 
  2   3  0.6198   90.0    0.1973   4.702e+01  1.563e+00  Marchand:1985us 
  2   3  0.6198   90.0    0.2073   7.191e+01  2.026e+00  Marchand:1985us 
  2   3  0.6198   90.0    0.2173   1.159e+02  2.741e+00  Marchand:1985us 
  2   3  0.6198   90.0    0.2273   1.631e+02  3.491e+00  Marchand:1985us 
  2   3  0.6198   90.0    0.2373   2.215e+02  4.390e+00  Marchand:1985us 
  2   3  0.6198   90.0    0.2473   2.710e+02  5.194e+00  Marchand:1985us 
  2   3  0.6198   90.0    0.2573   2.806e+02  5.539e+00  Marchand:1985us 
  2   3  0.6198   90.0    0.2673   2.336e+02  4.748e+00  Marchand:1985us 
  2   3  0.6198   90.0    0.2773   1.948e+02  5.442e+00  Marchand:1985us 
  2   3  0.6198   90.0    0.2873   1.594e+02  5.061e+00  Marchand:1985us 
  2   3  0.6198   90.0    0.2973   1.275e+02  4.697e+00  Marchand:1985us 
  2   3  0.6198   90.0    0.3073   9.553e+01  4.293e+00  Marchand:1985us 
  2   3  0.6198   90.0    0.3173   7.855e+01  4.041e+00  Marchand:1985us 
  2   3  0.6198   90.0    0.3273   6.904e+01  3.886e+00  Marchand:1985us 
  2   3  0.6198   90.0    0.3373   6.479e+01  3.867e+00  Marchand:1985us 
  2   3  0.6198   90.0    0.3473   6.863e+01  3.928e+00  Marchand:1985us 
  2   3  0.6198   90.0    0.3573   7.805e+01  4.104e+00  Marchand:1985us 
  2   3  0.6198   90.0    0.3673   8.808e+01  4.321e+00  Marchand:1985us 
  2   3  0.6198   90.0    0.3773   1.109e+02  4.709e+00  Marchand:1985us 
  2   3  0.6198   90.0    0.3873   1.199e+02  4.983e+00  Marchand:1985us 
  2   3  0.6198   90.0    0.3973   1.648e+02  6.721e+00  Marchand:1985us 
  2   3  0.6198   90.0    0.4073   1.726e+02  7.096e+00  Marchand:1985us 
  2   3  0.6198   90.0    0.4173   2.249e+02  8.086e+00  Marchand:1985us 
  2   3  0.6198   90.0    0.4273   2.422e+02  8.684e+00  Marchand:1985us 
  2   3  0.6198   90.0    0.4373   2.532e+02  8.726e+00  Marchand:1985us 
  2   3  0.6198   90.0    0.4473   2.667e+02  9.437e+00  Marchand:1985us 
  2   3  0.6198   90.0    0.4573   2.637e+02  1.010e+01  Marchand:1985us 
  2   3  0.6198   90.0    0.4673   2.615e+02  1.098e+01  Marchand:1985us 
  2   3  0.6198   90.0    0.4773   2.530e+02  1.269e+01  Marchand:1985us 
  2   3  0.6198   90.0    0.4873   2.423e+02  1.432e+01  Marchand:1985us 
  2   3  0.6198   90.0    0.4973   2.261e+02  1.666e+01  Marchand:1985us 
  2   3  0.6198   90.0    0.5073   2.186e+02  2.065e+01  Marchand:1985us 
  2   3  0.6198   90.0    0.5173   2.028e+02  2.577e+01  Marchand:1985us 
  2   3  0.6198  144.5    0.1823   1.825e-01  9.930e-02  Marchand:1985us 
  2   3  0.6198  144.5    0.1923   1.759e-01  9.901e-02  Marchand:1985us 
  2   3  0.6198  144.5    0.2023   3.026e-01  2.548e-01  Marchand:1985us 
  2   3  0.6198  144.5    0.2123   1.497e-01  9.843e-02  Marchand:1985us 
  2   3  0.6198  144.5    0.2223   1.404e-01  9.816e-02  Marchand:1985us 
  2   3  0.6198  144.5    0.2323   5.776e-01  1.832e-01  Marchand:1985us 
  2   3  0.6198  144.5    0.2423   9.911e-01  2.393e-01  Marchand:1985us 
  2   3  0.6198  144.5    0.2523   1.372e+00  2.863e-01  Marchand:1985us 
  2   3  0.6198  144.5    0.2623   1.779e+00  3.415e-01  Marchand:1985us 
  2   3  0.6198  144.5    0.2723   3.229e+00  4.025e-01  Marchand:1985us 
  2   3  0.6198  144.5    0.2823   5.279e+00  5.166e-01  Marchand:1985us 
  2   3  0.6198  144.5    0.2923   9.369e+00  6.826e-01  Marchand:1985us 
  2   3  0.6198  144.5    0.3023   1.488e+01  8.641e-01  Marchand:1985us 
  2   3  0.6198  144.5    0.3123   2.567e+01  1.140e+00  Marchand:1985us 
  2   3  0.6198  144.5    0.3223   3.532e+01  1.371e+00  Marchand:1985us 
  2   3  0.6198  144.5    0.3323   5.053e+01  1.687e+00  Marchand:1985us 
  2   3  0.6198  144.5    0.3423   6.120e+01  1.717e+00  Marchand:1985us 
  2   3  0.6198  144.5    0.3523   6.256e+01  1.795e+00  Marchand:1985us 
  2   3  0.6198  144.5    0.3623   5.472e+01  1.725e+00  Marchand:1985us 
  2   3  0.6198  144.5    0.3723   4.018e+01  1.541e+00  Marchand:1985us 
  2   3  0.6198  144.5    0.3823   3.151e+01  1.418e+00  Marchand:1985us 
  2   3  0.6198  144.5    0.3923   2.470e+01  1.825e+00  Marchand:1985us 
  2   3  0.6198  144.5    0.4023   2.741e+01  1.899e+00  Marchand:1985us 
  2   3  0.6198  144.5    0.4123   2.548e+01  1.903e+00  Marchand:1985us 
  2   3  0.6198  144.5    0.4223   2.778e+01  2.012e+00  Marchand:1985us 
  2   3  0.6198  144.5    0.4323   2.810e+01  2.115e+00  Marchand:1985us 
  2   3  0.6198  144.5    0.4423   3.082e+01  2.671e+00  Marchand:1985us 
  2   3  0.6198  144.5    0.4523   5.041e+01  3.235e+00  Marchand:1985us 
  2   3  0.6198  144.5    0.4623   6.465e+01  3.724e+00  Marchand:1985us 
  2   3  0.6198  144.5    0.4723   7.040e+01  4.093e+00  Marchand:1985us 
  2   3  0.6198  144.5    0.4823   1.066e+02  5.055e+00  Marchand:1985us 
  2   3  0.6198  144.5    0.4923   1.169e+02  5.804e+00  Marchand:1985us 
  2   3  0.6198  144.5    0.5023   1.009e+02  6.303e+00  Marchand:1985us 
  2   3  0.6198  144.5    0.5123   1.122e+02  7.864e+00  Marchand:1985us 
  2   3  0.6198  144.5    0.5223   1.151e+02  1.029e+01  Marchand:1985us 
  2   3  0.6198  144.5    0.5323   1.027e+02  1.365e+01  Marchand:1985us 
  2   3  0.6673   36.0    0.0348   1.927e+03  6.295e+01  Marchand:1985us 
  2   3  0.6673   36.0    0.0448   4.333e+03  8.382e+01  Marchand:1985us 
  2   3  0.6673   36.0    0.0548   7.735e+03  1.275e+02  Marchand:1985us 
  2   3  0.6673   36.0    0.0648   1.239e+04  1.880e+02  Marchand:1985us 
  2   3  0.6673   36.0    0.0748   1.692e+04  2.499e+02  Marchand:1985us 
  2   3  0.6673   36.0    0.0848   1.914e+04  2.873e+02  Marchand:1985us 
  2   3  0.6673   36.0    0.0948   1.700e+04  2.741e+02  Marchand:1985us 
  2   3  0.6673   36.0    0.1048   1.330e+04  2.376e+02  Marchand:1985us 
  2   3  0.6673   36.0    0.1148   8.733e+03  1.868e+02  Marchand:1985us 
  2   3  0.6673   36.0    0.1248   6.520e+03  1.458e+02  Marchand:1985us 
  2   3  0.6673   36.0    0.1348   4.366e+03  1.178e+02  Marchand:1985us 
  2   3  0.6673   36.0    0.1448   3.108e+03  9.863e+01  Marchand:1985us 
  2   3  0.6673   36.0    0.1548   2.516e+03  9.978e+01  Marchand:1985us 
  2   3  0.6673   36.0    0.1648   1.830e+03  8.757e+01  Marchand:1985us 
  2   3  0.6673   36.0    0.1748   1.475e+03  7.937e+01  Marchand:1985us 
  2   3  0.6673   36.0    0.1848   1.318e+03  7.396e+01  Marchand:1985us 
  2   3  0.6673   36.0    0.1948   9.405e+02  6.654e+01  Marchand:1985us 
  2   3  0.6673   36.0    0.2048   9.764e+02  6.434e+01  Marchand:1985us 
  2   3  0.6673   36.0    0.2148   1.042e+03  6.344e+01  Marchand:1985us 
  2   3  0.6673   36.0    0.2248   8.405e+02  5.948e+01  Marchand:1985us 
  2   3  0.6673   36.0    0.2348   1.128e+03  5.802e+01  Marchand:1985us 
  2   3  0.6673   36.0    0.2448   1.131e+03  5.764e+01  Marchand:1985us 
  2   3  0.6673   36.0    0.2548   1.376e+03  6.036e+01  Marchand:1985us 
  2   3  0.6673   36.0    0.2648   1.558e+03  6.262e+01  Marchand:1985us 
  2   3  0.6673   36.0    0.2748   1.858e+03  6.644e+01  Marchand:1985us 
  2   3  0.6673   36.0    0.2848   1.920e+03  6.757e+01  Marchand:1985us 
  2   3  0.6673   36.0    0.2948   2.148e+03  7.079e+01  Marchand:1985us 
  2   3  0.6673   36.0    0.3048   2.493e+03  7.622e+01  Marchand:1985us 
  2   3  0.6673   36.0    0.3148   2.581e+03  7.046e+01  Marchand:1985us 
  2   3  0.6673   36.0    0.3248   2.854e+03  8.885e+01  Marchand:1985us 
  2   3  0.6673   36.0    0.3348   2.983e+03  9.257e+01  Marchand:1985us 
  2   3  0.6673   36.0    0.3448   3.194e+03  9.720e+01  Marchand:1985us 
  2   3  0.6673   36.0    0.3548   3.233e+03  9.954e+01  Marchand:1985us 
  2   3  0.6673   36.0    0.3648   3.274e+03  1.013e+02  Marchand:1985us 
  2   3  0.6673   36.0    0.3748   3.218e+03  1.019e+02  Marchand:1985us 
  2   3  0.6673   36.0    0.3848   2.882e+03  1.011e+02  Marchand:1985us 
  2   3  0.6673   36.0    0.3948   2.790e+03  1.012e+02  Marchand:1985us 
  2   3  0.6673   36.0    0.4048   2.644e+03  1.008e+02  Marchand:1985us 
  2   3  0.6673   36.0    0.4148   2.533e+03  1.011e+02  Marchand:1985us 
  2   3  0.6673   36.0    0.4248   2.279e+03  1.001e+02  Marchand:1985us 
  2   3  0.6673   36.0    0.4348   2.112e+03  1.004e+02  Marchand:1985us 
  2   3  0.6673   36.0    0.4448   2.046e+03  1.038e+02  Marchand:1985us 
  2   3  0.6673   36.0    0.4548   1.861e+03  1.051e+02  Marchand:1985us 
  2   3  0.6673   36.0    0.4648   1.715e+03  1.075e+02  Marchand:1985us 
  2   3  0.6673   36.0    0.4748   1.813e+03  1.137e+02  Marchand:1985us 
  2   3  0.6673   36.0    0.4848   1.395e+03  1.189e+02  Marchand:1985us 
  2   3  0.6673   60.0    0.0748   1.811e+00  4.849e-01  Marchand:1985us 
  2   3  0.6673   60.0    0.0848   1.922e+01  1.404e+00  Marchand:1985us 
  2   3  0.6673   60.0    0.0948   3.866e+01  2.050e+00  Marchand:1985us 
  2   3  0.6673   60.0    0.1048   7.607e+01  2.968e+00  Marchand:1985us 
  2   3  0.6673   60.0    0.1148   1.378e+02  4.177e+00  Marchand:1985us 
  2   3  0.6673   60.0    0.1248   2.127e+02  4.113e+00  Marchand:1985us 
  2   3  0.6673   60.0    0.1348   3.446e+02  5.908e+00  Marchand:1985us 
  2   3  0.6673   60.0    0.1448   5.365e+02  8.476e+00  Marchand:1985us 
  2   3  0.6673   60.0    0.1548   7.888e+02  1.294e+01  Marchand:1985us 
  2   3  0.6673   60.0    0.1648   1.085e+03  1.708e+01  Marchand:1985us 
  2   3  0.6673   60.0    0.1748   1.303e+03  2.047e+01  Marchand:1985us 
  2   3  0.6673   60.0    0.1848   1.363e+03  2.208e+01  Marchand:1985us 
  2   3  0.6673   60.0    0.1948   1.158e+03  2.055e+01  Marchand:1985us 
  2   3  0.6673   60.0    0.2048   1.002e+03  1.908e+01  Marchand:1985us 
  2   3  0.6673   60.0    0.2148   7.649e+02  1.649e+01  Marchand:1985us 
  2   3  0.6673   60.0    0.2248   5.285e+02  1.369e+01  Marchand:1985us 
  2   3  0.6673   60.0    0.2348   4.747e+02  1.402e+01  Marchand:1985us 
  2   3  0.6673   60.0    0.2448   3.668e+02  1.246e+01  Marchand:1985us 
  2   3  0.6673   60.0    0.2548   2.944e+02  1.124e+01  Marchand:1985us 
  2   3  0.6673   60.0    0.2648   2.326e+02  1.018e+01  Marchand:1985us 
  2   3  0.6673   60.0    0.2748   2.244e+02  9.758e+00  Marchand:1985us 
  2   3  0.6673   60.0    0.2848   1.860e+02  9.078e+00  Marchand:1985us 
  2   3  0.6673   60.0    0.2948   1.919e+02  8.950e+00  Marchand:1985us 
  2   3  0.6673   60.0    0.3048   2.067e+02  9.143e+00  Marchand:1985us 
  2   3  0.6673   60.0    0.3148   2.367e+02  8.451e+00  Marchand:1985us 
  2   3  0.6673   60.0    0.3248   2.731e+02  1.066e+01  Marchand:1985us 
  2   3  0.6673   60.0    0.3348   3.257e+02  1.161e+01  Marchand:1985us 
  2   3  0.6673   60.0    0.3448   3.770e+02  1.256e+01  Marchand:1985us 
  2   3  0.6673   60.0    0.3548   4.334e+02  1.350e+01  Marchand:1985us 
  2   3  0.6673   60.0    0.3648   4.874e+02  1.439e+01  Marchand:1985us 
  2   3  0.6673   60.0    0.3748   5.322e+02  1.515e+01  Marchand:1985us 
  2   3  0.6673   60.0    0.3848   5.662e+02  1.790e+01  Marchand:1985us 
  2   3  0.6673   60.0    0.3948   6.738e+02  1.959e+01  Marchand:1985us 
  2   3  0.6673   60.0    0.4048   6.990e+02  2.032e+01  Marchand:1985us 
  2   3  0.6673   60.0    0.4148   6.763e+02  2.040e+01  Marchand:1985us 
  2   3  0.6673   60.0    0.4248   7.046e+02  2.110e+01  Marchand:1985us 
  2   3  0.6673   60.0    0.4348   6.669e+02  2.110e+01  Marchand:1985us 
  2   3  0.6673   60.0    0.4448   6.349e+02  2.235e+01  Marchand:1985us 
  2   3  0.6673   60.0    0.4548   6.634e+02  2.313e+01  Marchand:1985us 
  2   3  0.6673   60.0    0.4648   6.032e+02  2.294e+01  Marchand:1985us 
  2   3  0.6673   60.0    0.4748   5.744e+02  2.317e+01  Marchand:1985us 
  2   3  0.6673   60.0    0.4848   4.867e+02  2.239e+01  Marchand:1985us 
  2   3  0.6673   60.0    0.4948   5.244e+02  2.397e+01  Marchand:1985us 
  2   3  0.6673   60.0    0.5048   4.964e+02  2.530e+01  Marchand:1985us 
  2   3  0.6673   60.0    0.5148   4.323e+02  2.684e+01  Marchand:1985us 
  2   3  0.6673   90.0    0.1348   1.128e+00  1.781e-01  Marchand:1985us 
  2   3  0.6673   90.0    0.1448   2.092e+00  2.464e-01  Marchand:1985us 
  2   3  0.6673   90.0    0.1548   1.666e+00  2.285e-01  Marchand:1985us 
  2   3  0.6673   90.0    0.1648   2.908e+00  2.992e-01  Marchand:1985us 
  2   3  0.6673   90.0    0.1748   3.273e+00  3.234e-01  Marchand:1985us 
  2   3  0.6673   90.0    0.1848   5.663e+00  4.231e-01  Marchand:1985us 
  2   3  0.6673   90.0    0.1948   9.360e+00  5.491e-01  Marchand:1985us 
  2   3  0.6673   90.0    0.2048   1.470e+01  6.973e-01  Marchand:1985us 
  2   3  0.6673   90.0    0.2148   2.049e+01  8.423e-01  Marchand:1985us 
  2   3  0.6673   90.0    0.2248   3.030e+01  1.053e+00  Marchand:1985us 
  2   3  0.6673   90.0    0.2348   5.124e+01  1.252e+00  Marchand:1985us 
  2   3  0.6673   90.0    0.2448   7.454e+01  1.621e+00  Marchand:1985us 
  2   3  0.6673   90.0    0.2548   1.107e+02  2.157e+00  Marchand:1985us 
  2   3  0.6673   90.0    0.2648   1.542e+02  2.797e+00  Marchand:1985us 
  2   3  0.6673   90.0    0.2748   1.923e+02  3.401e+00  Marchand:1985us 
  2   3  0.6673   90.0    0.2848   1.972e+02  3.627e+00  Marchand:1985us 
  2   3  0.6673   90.0    0.2948   1.918e+02  3.693e+00  Marchand:1985us 
  2   3  0.6673   90.0    0.3048   1.631e+02  3.496e+00  Marchand:1985us 
  2   3  0.6673   90.0    0.3148   1.278e+02  3.089e+00  Marchand:1985us 
  2   3  0.6673   90.0    0.3248   1.021e+02  3.789e+00  Marchand:1985us 
  2   3  0.6673   90.0    0.3348   8.281e+01  3.640e+00  Marchand:1985us 
  2   3  0.6673   90.0    0.3448   7.120e+01  3.568e+00  Marchand:1985us 
  2   3  0.6673   90.0    0.3548   6.191e+01  3.502e+00  Marchand:1985us 
  2   3  0.6673   90.0    0.3648   5.721e+01  3.467e+00  Marchand:1985us 
  2   3  0.6673   90.0    0.3748   5.965e+01  3.513e+00  Marchand:1985us 
  2   3  0.6673   90.0    0.3848   6.672e+01  3.805e+00  Marchand:1985us 
  2   3  0.6673   90.0    0.3948   7.720e+01  4.014e+00  Marchand:1985us 
  2   3  0.6673   90.0    0.4048   9.313e+01  4.312e+00  Marchand:1985us 
  2   3  0.6673   90.0    0.4148   1.057e+02  4.602e+00  Marchand:1985us 
  2   3  0.6673   90.0    0.4248   1.248e+02  4.988e+00  Marchand:1985us 
  2   3  0.6673   90.0    0.4348   1.464e+02  5.454e+00  Marchand:1985us 
  2   3  0.6673   90.0    0.4448   1.663e+02  6.332e+00  Marchand:1985us 
  2   3  0.6673   90.0    0.4548   1.939e+02  6.954e+00  Marchand:1985us 
  2   3  0.6673   90.0    0.4648   2.095e+02  7.471e+00  Marchand:1985us 
  2   3  0.6673   90.0    0.4748   2.244e+02  8.006e+00  Marchand:1985us 
  2   3  0.6673   90.0    0.4848   2.075e+02  8.425e+00  Marchand:1985us 
  2   3  0.6673   90.0    0.4948   2.230e+02  9.172e+00  Marchand:1985us 
  2   3  0.6673   90.0    0.5048   2.126e+02  9.801e+00  Marchand:1985us 
  2   3  0.6673   90.0    0.5148   2.204e+02  1.087e+01  Marchand:1985us 
  2   3  0.6673   90.0    0.5248   1.920e+02  1.262e+01  Marchand:1985us 
  2   3  0.6673   90.0    0.5348   1.837e+02  1.448e+01  Marchand:1985us 
  2   3  0.6673   90.0    0.5448   1.603e+02  1.703e+01  Marchand:1985us 
  2   3  0.6673   90.0    0.5548   1.931e+02  2.126e+01  Marchand:1985us 
  2   3  0.6673   90.0    0.5648   1.700e+02  2.675e+01  Marchand:1985us 
  2   3  0.6673  144.5    0.2298   2.611e-01  8.360e-02  Marchand:1985us 
  2   3  0.6673  144.5    0.2398   2.140e-01  1.794e-01  Marchand:1985us 
  2   3  0.6673  144.5    0.2498   1.891e-01  6.991e-02  Marchand:1985us 
  2   3  0.6673  144.5    0.2598   3.502e-01  1.015e-01  Marchand:1985us 
  2   3  0.6673  144.5    0.2698   4.937e-01  9.167e-02  Marchand:1985us 
  2   3  0.6673  144.5    0.2798   5.695e-01  9.313e-02  Marchand:1985us 
  2   3  0.6673  144.5    0.2898   1.174e+00  1.328e-01  Marchand:1985us 
  2   3  0.6673  144.5    0.2998   1.743e+00  1.659e-01  Marchand:1985us 
  2   3  0.6673  144.5    0.3098   2.254e+00  2.087e-01  Marchand:1985us 
  2   3  0.6673  144.5    0.3198   3.996e+00  2.333e-01  Marchand:1985us 
  2   3  0.6673  144.5    0.3298   7.458e+00  3.156e-01  Marchand:1985us 
  2   3  0.6673  144.5    0.3398   1.145e+01  3.963e-01  Marchand:1985us 
  2   3  0.6673  144.5    0.3498   1.774e+01  5.371e-01  Marchand:1985us 
  2   3  0.6673  144.5    0.3598   2.665e+01  6.808e-01  Marchand:1985us 
  2   3  0.6673  144.5    0.3698   3.836e+01  8.622e-01  Marchand:1985us 
  2   3  0.6673  144.5    0.3798   4.417e+01  9.799e-01  Marchand:1985us 
  2   3  0.6673  144.5    0.3898   3.887e+01  1.404e+00  Marchand:1985us 
  2   3  0.6673  144.5    0.3998   4.024e+01  1.452e+00  Marchand:1985us 
  2   3  0.6673  144.5    0.4098   3.084e+01  1.329e+00  Marchand:1985us 
  2   3  0.6673  144.5    0.4198   2.480e+01  1.244e+00  Marchand:1985us 
  2   3  0.6673  144.5    0.4298   2.431e+01  1.246e+00  Marchand:1985us 
  2   3  0.6673  144.5    0.4398   1.943e+01  1.224e+00  Marchand:1985us 
  2   3  0.6673  144.5    0.4498   2.088e+01  1.286e+00  Marchand:1985us 
  2   3  0.6673  144.5    0.4598   2.507e+01  1.406e+00  Marchand:1985us 
  2   3  0.6673  144.5    0.4698   2.797e+01  1.532e+00  Marchand:1985us 
  2   3  0.6673  144.5    0.4798   3.318e+01  1.713e+00  Marchand:1985us 
  2   3  0.6673  144.5    0.4898   4.433e+01  1.953e+00  Marchand:1985us 
  2   3  0.6673  144.5    0.4998   5.496e+01  2.277e+00  Marchand:1985us 
  2   3  0.6673  144.5    0.5098   6.495e+01  2.638e+00  Marchand:1985us 
  2   3  0.6673  144.5    0.5198   6.872e+01  3.107e+00  Marchand:1985us 
  2   3  0.6673  144.5    0.5298   8.005e+01  3.717e+00  Marchand:1985us 
  2   3  0.6673  144.5    0.5398   9.194e+01  4.533e+00  Marchand:1985us 
  2   3  0.6673  144.5    0.5498   8.126e+01  5.451e+00  Marchand:1985us 
  2   3  0.6673  144.5    0.5598   9.196e+01  7.174e+00  Marchand:1985us 
  2   3  0.6673  144.5    0.5698   8.588e+01  9.632e+00  Marchand:1985us 
  2   3  0.6673  144.5    0.5798   1.043e+02  1.364e+01  Marchand:1985us 
