  2   3  0.0994 134.5000  0.0099  1.112e+02  4.091e+02 Dow:1988rk 
  2   3  0.0994 134.5000  0.0115  1.302e+03  2.909e+02 Dow:1988rk 
  2   3  0.0994 134.5000  0.0130  3.178e+03  2.831e+02 Dow:1988rk 
  2   3  0.0994 134.5000  0.0145  3.620e+03  2.678e+02 Dow:1988rk 
  2   3  0.0994 134.5000  0.0160  4.848e+03  2.705e+02 Dow:1988rk 
  2   3  0.0994 134.5000  0.0175  5.437e+03  2.736e+02 Dow:1988rk 
  2   3  0.0994 134.5000  0.0188  5.423e+03  2.861e+02 Dow:1988rk 
  2   3  0.0994 134.5000  0.0202  5.729e+03  2.965e+02 Dow:1988rk 
  2   3  0.0994 134.5000  0.0216  5.502e+03  2.787e+02 Dow:1988rk 
  2   3  0.0994 134.5000  0.0228  5.886e+03  2.818e+02 Dow:1988rk 
  2   3  0.0994 134.5000  0.0241  5.507e+03  2.663e+02 Dow:1988rk 
  2   3  0.0994 134.5000  0.0255  5.018e+03  2.508e+02 Dow:1988rk 
  2   3  0.0994 134.5000  0.0259  4.986e+03  2.344e+02 Dow:1988rk 
  2   3  0.0994 134.5000  0.0272  4.382e+03  2.205e+02 Dow:1988rk 
  2   3  0.0994 134.5000  0.0285  4.066e+03  2.132e+02 Dow:1988rk 
  2   3  0.0994 134.5000  0.0317  2.147e+03  1.516e+02 Dow:1988rk 
  2   3  0.0994 134.5000  0.0329  2.038e+03  1.535e+02 Dow:1988rk 
  2   3  0.0994 134.5000  0.0341  2.143e+03  1.597e+02 Dow:1988rk 
  2   3  0.1099 54.0000  0.0063  3.853e+04  6.559e+04 Dow:1988rk 
  2   3  0.1099 54.0000  0.0071  7.491e+04  5.193e+04 Dow:1988rk 
  2   3  0.1099 54.0000  0.0081  8.726e+04  4.102e+04 Dow:1988rk 
  2   3  0.1099 54.0000  0.0089  5.468e+04  4.521e+04 Dow:1988rk 
  2   3  0.1099 54.0000  0.0096  7.444e+04  3.326e+04 Dow:1988rk 
  2   3  0.1099 54.0000  0.0106  3.514e+04  4.291e+04 Dow:1988rk 
  2   3  0.1099 54.0000  0.0113  9.626e+04  2.679e+04 Dow:1988rk 
  2   3  0.1099 54.0000  0.0121  6.975e+04  2.625e+04 Dow:1988rk 
  2   3  0.1099 54.0000  0.0131  8.152e+04  2.313e+04 Dow:1988rk 
  2   3  0.1099 54.0000  0.0138  9.179e+04  2.218e+04 Dow:1988rk 
  2   3  0.1099 54.0000  0.0146  7.982e+04  2.083e+04 Dow:1988rk 
  2   3  0.1099 54.0000  0.0155  5.106e+04  1.391e+04 Dow:1988rk 
  2   3  0.1099 54.0000  0.0163  6.003e+04  1.255e+04 Dow:1988rk 
  2   3  0.1099 54.0000  0.0169  1.743e+04  6.744e+03 Dow:1988rk 
  2   3  0.1099 54.0000  0.0179  4.847e+04  1.059e+04 Dow:1988rk 
  2   3  0.1099 54.0000  0.0185  5.240e+03  2.492e+03 Dow:1988rk 
  2   3  0.1099 54.0000  0.0192 -1.696e+04  1.602e+04 Dow:1988rk 
  2   3  0.1099 54.0000  0.0201 -8.653e+03  6.575e+03 Dow:1988rk 
  2   3  0.1099 54.0000  0.0208 -1.381e+04  1.124e+04 Dow:1988rk 
  2   3  0.1099 54.0000  0.0214  7.741e+03  2.962e+03 Dow:1988rk 
  2   3  0.1099 54.0000  0.0224 -3.550e+03  1.825e+03 Dow:1988rk 
  2   3  0.1099 54.0000  0.0230 -6.150e+03  4.247e+03 Dow:1988rk 
  2   3  0.1099 54.0000  0.0245 -2.471e+03  1.705e+03 Dow:1988rk 
  2   3  0.1099 54.0000  0.0259  4.097e+03  2.118e+03 Dow:1988rk 
  2   3  0.1099 54.0000  0.0273 -5.807e+03  4.918e+03 Dow:1988rk 
  2   3  0.1099 54.0000  0.0288 -2.109e+04  2.896e+05 Dow:1988rk 
  2   3  0.1099 54.0000  0.0301 -2.880e+04  3.266e+04 Dow:1988rk 
  2   3  0.1099 54.0000  0.0315 -1.760e+04  1.549e+05 Dow:1988rk 
  2   3  0.1099 54.0000  0.0328 -1.386e+04  1.279e+06 Dow:1988rk 
  2   3  0.1099 54.0000  0.0340 -9.085e+03  2.513e+04 Dow:1988rk 
  2   3  0.1099 54.0000  0.0353 -3.216e+04  1.898e+04 Dow:1988rk 
  2   3  0.1099 54.0000  0.0366 -9.585e+03  7.391e+04 Dow:1988rk 
  2   3  0.1453 134.5000  0.0159  1.948e+02  1.781e+02 Dow:1988rk 
  2   3  0.1453 134.5000  0.0176  4.355e+02  6.283e+01 Dow:1988rk 
  2   3  0.1453 134.5000  0.0191  1.107e+03  7.228e+01 Dow:1988rk 
  2   3  0.1453 134.5000  0.0198  1.425e+03  6.624e+01 Dow:1988rk 
  2   3  0.1453 134.5000  0.0213  1.940e+03  8.183e+01 Dow:1988rk 
  2   3  0.1453 134.5000  0.0235  2.514e+03  9.031e+01 Dow:1988rk 
  2   3  0.1453 134.5000  0.0268  3.438e+03  1.199e+02 Dow:1988rk 
  2   3  0.1453 134.5000  0.0288  3.908e+03  1.303e+02 Dow:1988rk 
  2   3  0.1453 134.5000  0.0298  3.966e+03  1.424e+02 Dow:1988rk 
  2   3  0.1453 134.5000  0.0309  4.270e+03  1.381e+02 Dow:1988rk 
  2   3  0.1453 134.5000  0.0318  4.637e+03  1.575e+02 Dow:1988rk 
  2   3  0.1453 134.5000  0.0338  4.384e+03  1.239e+02 Dow:1988rk 
  2   3  0.1453 134.5000  0.0358  4.322e+03  1.579e+02 Dow:1988rk 
  2   3  0.1453 134.5000  0.0377  4.304e+03  1.566e+02 Dow:1988rk 
  2   3  0.1453 134.5000  0.0405  3.684e+03  1.259e+02 Dow:1988rk 
  2   3  0.1453 134.5000  0.0424  3.376e+03  1.169e+02 Dow:1988rk 
  2   3  0.1453 134.5000  0.0442  2.908e+03  1.041e+02 Dow:1988rk 
  2   3  0.1453 134.5000  0.0468  2.458e+03  9.392e+01 Dow:1988rk 
  2   3  0.1453 134.5000  0.0485  2.290e+03  8.976e+01 Dow:1988rk 
  2   3  0.1453 134.5000  0.0502  2.100e+03  8.395e+01 Dow:1988rk 
  2   3  0.1453 134.5000  0.0527  1.533e+03  5.103e+01 Dow:1988rk 
  2   3  0.1453 134.5000  0.0543  1.504e+03  5.084e+01 Dow:1988rk 
  2   3  0.1453 134.5000  0.0559  1.331e+03  4.623e+01 Dow:1988rk 
  2   3  0.1453 134.5000  0.0582  9.628e+02  3.335e+01 Dow:1988rk 
  2   3  0.1453 134.5000  0.0598  8.892e+02  3.184e+01 Dow:1988rk 
  2   3  0.1453 134.5000  0.0613  8.540e+02  3.146e+01 Dow:1988rk 
  2   3  0.1453 134.5000  0.0699  2.194e+02  1.826e+01 Dow:1988rk 
  2   3  0.1453 134.5000  0.0712  3.762e+02  2.790e+01 Dow:1988rk 
  2   3  0.1453 134.5000  0.0725  3.411e+02  2.668e+01 Dow:1988rk 
  2   3  0.1875 134.5000  0.0238  4.574e+01  2.016e+01 Dow:1988rk 
  2   3  0.1875 134.5000  0.0248  1.175e+02  2.384e+01 Dow:1988rk 
  2   3  0.1875 134.5000  0.0267  4.027e+02  2.234e+01 Dow:1988rk 
  2   3  0.1875 134.5000  0.0281  5.804e+02  2.710e+01 Dow:1988rk 
  2   3  0.1875 134.5000  0.0295  7.335e+02  2.889e+01 Dow:1988rk 
  2   3  0.1875 134.5000  0.0308  8.858e+02  3.382e+01 Dow:1988rk 
  2   3  0.1875 134.5000  0.0336  1.231e+03  4.213e+01 Dow:1988rk 
  2   3  0.1875 134.5000  0.0373  1.594e+03  6.027e+01 Dow:1988rk 
  2   3  0.1875 134.5000  0.0399  2.038e+03  7.085e+01 Dow:1988rk 
  2   3  0.1875 134.5000  0.0425  2.144e+03  7.353e+01 Dow:1988rk 
  2   3  0.1875 134.5000  0.0465  2.597e+03  8.143e+01 Dow:1988rk 
  2   3  0.1875 134.5000  0.0490  2.652e+03  8.278e+01 Dow:1988rk 
  2   3  0.1875 134.5000  0.0515  2.649e+03  8.338e+01 Dow:1988rk 
  2   3  0.1875 134.5000  0.0550  2.570e+03  8.963e+01 Dow:1988rk 
  2   3  0.1875 134.5000  0.0573  2.537e+03  8.805e+01 Dow:1988rk 
  2   3  0.1875 134.5000  0.0596  2.152e+03  7.745e+01 Dow:1988rk 
  2   3  0.1875 134.5000  0.0629  1.874e+03  6.733e+01 Dow:1988rk 
  2   3  0.1875 134.5000  0.0651  1.769e+03  6.492e+01 Dow:1988rk 
  2   3  0.1875 134.5000  0.0673  1.445e+03  5.572e+01 Dow:1988rk 
  2   3  0.1875 134.5000  0.0704  1.234e+03  4.794e+01 Dow:1988rk 
  2   3  0.1875 134.5000  0.0724  1.056e+03  4.304e+01 Dow:1988rk 
  2   3  0.1875 134.5000  0.0744  9.350e+02  3.890e+01 Dow:1988rk 
  2   3  0.1875 134.5000  0.0773  8.014e+02  3.249e+01 Dow:1988rk 
  2   3  0.1875 134.5000  0.0792  6.720e+02  2.877e+01 Dow:1988rk 
  2   3  0.1875 134.5000  0.0811  5.693e+02  2.803e+01 Dow:1988rk 
  2   3  0.1875 134.5000  0.0905  3.003e+02  1.593e+01 Dow:1988rk 
  2   3  0.1875 134.5000  0.0922  3.145e+02  1.673e+01 Dow:1988rk 
  2   3  0.1875 134.5000  0.0939  2.512e+02  1.438e+01 Dow:1988rk 
  2   3  0.1875 134.5000  0.1021  1.335e+02  9.969e+00 Dow:1988rk 
  2   3  0.1875 134.5000  0.1036  2.134e+02  1.469e+01 Dow:1988rk 
  2   3  0.1875 134.5000  0.1051  2.676e+02  1.731e+01 Dow:1988rk 
  2   3  0.1875 134.5000  0.1090 -1.039e+01  1.508e+00 Dow:1988rk 
  2   3  0.1875 134.5000  0.1104  1.326e+02  1.519e+01 Dow:1988rk 
  2   3  0.1875 134.5000  0.1117  9.669e+01  1.178e+01 Dow:1988rk 
  2   3  0.1875 134.5000  0.1124  6.062e+01  8.337e+00 Dow:1988rk 
  2   3  0.1875 134.5000  0.1137 -1.104e+01  2.022e+00 Dow:1988rk 
  2   3  0.1875 134.5000  0.1150 -2.218e+01  4.765e+00 Dow:1988rk 
  2   3  0.1984 54.0000  0.0108  8.331e+03  6.064e+03 Dow:1988rk 
  2   3  0.1984 54.0000  0.0118  2.319e+04  6.561e+03 Dow:1988rk 
  2   3  0.1984 54.0000  0.0131  3.893e+04  3.739e+03 Dow:1988rk 
  2   3  0.1984 54.0000  0.0142  4.819e+04  3.787e+03 Dow:1988rk 
  2   3  0.1984 54.0000  0.0146  4.682e+04  3.205e+03 Dow:1988rk 
  2   3  0.1984 54.0000  0.0164  4.895e+04  2.697e+03 Dow:1988rk 
  2   3  0.1984 54.0000  0.0178  5.554e+04  2.506e+03 Dow:1988rk 
  2   3  0.1984 54.0000  0.0210  6.301e+04  2.229e+03 Dow:1988rk 
  2   3  0.1984 54.0000  0.0255  6.331e+04  1.961e+03 Dow:1988rk 
  2   3  0.1984 54.0000  0.0285  5.306e+04  1.669e+03 Dow:1988rk 
  2   3  0.1984 54.0000  0.0315  4.218e+04  1.404e+03 Dow:1988rk 
  2   3  0.1984 54.0000  0.0358  3.280e+04  1.565e+03 Dow:1988rk 
  2   3  0.1984 54.0000  0.0387  2.507e+04  1.318e+03 Dow:1988rk 
  2   3  0.1984 54.0000  0.0415  1.907e+04  1.114e+03 Dow:1988rk 
  2   3  0.1984 54.0000  0.0456  1.417e+04  8.544e+02 Dow:1988rk 
  2   3  0.1984 54.0000  0.0483  1.080e+04  7.351e+02 Dow:1988rk 
  2   3  0.1984 54.0000  0.0509  6.794e+03  5.823e+02 Dow:1988rk 
  2   3  0.1984 54.0000  0.0546  7.756e+03  6.230e+02 Dow:1988rk 
  2   3  0.1984 54.0000  0.0572  5.073e+03  5.078e+02 Dow:1988rk 
  2   3  0.1984 54.0000  0.0596  3.977e+03  4.630e+02 Dow:1988rk 
  2   3  0.1984 54.0000  0.0719  2.984e+03  4.319e+02 Dow:1988rk 
  2   3  0.1984 54.0000  0.0741  1.471e+03  2.877e+02 Dow:1988rk 
  2   3  0.1984 54.0000  0.0763  1.382e+03  2.971e+02 Dow:1988rk 
  2   3  0.1984 54.0000  0.0870  1.783e+03  6.047e+02 Dow:1988rk 
  2   3  0.1984 54.0000  0.0890 -1.447e+03  1.895e+03 Dow:1988rk 
  2   3  0.1984 54.0000  0.0909 -6.826e+02  7.945e+02 Dow:1988rk 
  2   3  0.1984 54.0000  0.1005  8.792e+02  6.557e+02 Dow:1988rk 
  2   3  0.1984 54.0000  0.1022  2.959e+02  3.121e+02 Dow:1988rk 
  2   3  0.1984 54.0000  0.1039 -1.129e+03  5.517e+03 Dow:1988rk 
  2   3  0.1984 54.0000  0.1120  2.672e+03  1.112e+03 Dow:1988rk 
  2   3  0.1984 54.0000  0.1136  1.294e+03  7.693e+02 Dow:1988rk 
  2   3  0.1984 54.0000  0.1150  6.912e+01  7.079e+01 Dow:1988rk 
  2   3  0.2872 54.0000  0.0182  9.860e+03  1.002e+03 Dow:1988rk 
  2   3  0.2872 54.0000  0.0196  1.325e+04  1.329e+03 Dow:1988rk 
  2   3  0.2872 54.0000  0.0229  2.036e+04  9.239e+02 Dow:1988rk 
  2   3  0.2872 54.0000  0.0265  2.497e+04  9.360e+02 Dow:1988rk 
  2   3  0.2872 54.0000  0.0275  2.645e+04  9.570e+02 Dow:1988rk 
  2   3  0.2872 54.0000  0.0305  3.188e+04  8.845e+02 Dow:1988rk 
  2   3  0.2872 54.0000  0.0311  2.994e+04  9.995e+02 Dow:1988rk 
  2   3  0.2872 54.0000  0.0350  3.508e+04  9.063e+02 Dow:1988rk 
  2   3  0.2872 54.0000  0.0356  3.478e+04  1.083e+03 Dow:1988rk 
  2   3  0.2872 54.0000  0.0395  3.414e+04  8.731e+02 Dow:1988rk 
  2   3  0.2872 54.0000  0.0458  2.812e+04  8.731e+02 Dow:1988rk 
  2   3  0.2872 54.0000  0.0500  2.194e+04  7.163e+02 Dow:1988rk 
  2   3  0.2872 54.0000  0.0542  1.670e+04  5.778e+02 Dow:1988rk 
  2   3  0.2872 54.0000  0.0604  1.180e+04  3.886e+02 Dow:1988rk 
  2   3  0.2872 54.0000  0.0644  9.486e+03  3.301e+02 Dow:1988rk 
  2   3  0.2872 54.0000  0.0683  6.605e+03  2.505e+02 Dow:1988rk 
  2   3  0.2872 54.0000  0.0741  5.309e+03  2.111e+02 Dow:1988rk 
  2   3  0.2872 54.0000  0.0778  3.555e+03  1.595e+02 Dow:1988rk 
  2   3  0.2872 54.0000  0.0815  3.222e+03  1.517e+02 Dow:1988rk 
  2   3  0.2872 54.0000  0.0867  2.767e+03  1.218e+02 Dow:1988rk 
  2   3  0.2872 54.0000  0.0902  2.146e+03  1.044e+02 Dow:1988rk 
  2   3  0.2872 54.0000  0.0937  1.964e+03  1.024e+02 Dow:1988rk 
  2   3  0.2872 54.0000  0.0988  1.506e+03  9.250e+01 Dow:1988rk 
  2   3  0.2872 54.0000  0.1021  9.535e+02  6.939e+01 Dow:1988rk 
  2   3  0.2872 54.0000  0.1054  1.450e+03  9.888e+01 Dow:1988rk 
  2   3  0.2872 54.0000  0.1148  8.320e+02  7.294e+01 Dow:1988rk 
  2   3  0.2872 54.0000  0.1178  7.858e+02  7.422e+01 Dow:1988rk 
  2   3  0.2872 54.0000  0.1208  8.888e+02  8.408e+01 Dow:1988rk 
  2   3  0.2872 54.0000  0.1313  8.661e+02  1.022e+02 Dow:1988rk 
  2   3  0.2872 54.0000  0.1340  3.106e+02  4.650e+01 Dow:1988rk 
  2   3  0.2872 54.0000  0.1367  2.164e+02  3.643e+01 Dow:1988rk 
  2   3  0.2872 54.0000  0.1499  5.271e+02  1.040e+02 Dow:1988rk 
  2   3  0.2872 54.0000  0.1523  6.769e+02  1.296e+02 Dow:1988rk 
  2   3  0.2872 54.0000  0.1546 -2.030e+01  6.039e+00 Dow:1988rk 
  2   3  0.2872 54.0000  0.1664  2.273e+02  8.133e+01 Dow:1988rk 
  2   3  0.2872 54.0000  0.1685 -2.082e+02  1.035e+02 Dow:1988rk 
  2   3  0.2872 54.0000  0.1706 -7.390e+01  3.513e+01 Dow:1988rk 
  2   3  0.2872 54.0000  0.1809  6.610e+02  2.542e+02 Dow:1988rk 
  2   3  0.2872 54.0000  0.1828  6.173e+02  2.626e+02 Dow:1988rk 
  2   3  0.2872 54.0000  0.1846  1.240e+03  4.166e+02 Dow:1988rk 
  2   3  0.2872 54.0000  0.1938  1.796e+03  6.161e+02 Dow:1988rk 
  2   3  0.2872 54.0000  0.1954  1.455e+03  5.904e+02 Dow:1988rk 
  2   3  0.2872 54.0000  0.1970 -1.270e+01  1.035e+01 Dow:1988rk 
  2   3  0.2872 54.0000  0.2051 -1.315e+03  7.322e+04 Dow:1988rk 
  2   3  0.2872 54.0000  0.2065 -1.284e+03  6.876e+04 Dow:1988rk 
  2   3  0.2872 54.0000  0.2079 -3.993e+02  1.147e+03 Dow:1988rk 
  2   3  0.2888 134.5000  0.0503  1.995e+01  1.029e+00 Dow:1988rk 
  2   3  0.2888 134.5000  0.0570  7.605e+01  3.332e+00 Dow:1988rk 
  2   3  0.2888 134.5000  0.0610  1.348e+02  4.684e+00 Dow:1988rk 
  2   3  0.2888 134.5000  0.0650  1.802e+02  5.742e+00 Dow:1988rk 
  2   3  0.2888 134.5000  0.0713  2.613e+02  1.043e+01 Dow:1988rk 
  2   3  0.2888 134.5000  0.0752  3.407e+02  1.239e+01 Dow:1988rk 
  2   3  0.2888 134.5000  0.0789  4.183e+02  1.438e+01 Dow:1988rk 
  2   3  0.2888 134.5000  0.0847  5.659e+02  1.985e+01 Dow:1988rk 
  2   3  0.2888 134.5000  0.0883  6.263e+02  2.120e+01 Dow:1988rk 
  2   3  0.2888 134.5000  0.0918  7.476e+02  2.447e+01 Dow:1988rk 
  2   3  0.2888 134.5000  0.0974  9.330e+02  3.237e+01 Dow:1988rk 
  2   3  0.2888 134.5000  0.1007  9.585e+02  3.292e+01 Dow:1988rk 
  2   3  0.2888 134.5000  0.1040  9.679e+02  3.314e+01 Dow:1988rk 
  2   3  0.2888 134.5000  0.1088  9.084e+02  3.220e+01 Dow:1988rk 
  2   3  0.2888 134.5000  0.1120  8.302e+02  2.946e+01 Dow:1988rk 
  2   3  0.2888 134.5000  0.1151  8.091e+02  2.888e+01 Dow:1988rk 
  2   3  0.2888 134.5000  0.1196  6.832e+02  2.487e+01 Dow:1988rk 
  2   3  0.2888 134.5000  0.1226  5.782e+02  2.140e+01 Dow:1988rk 
  2   3  0.2888 134.5000  0.1255  5.484e+02  2.056e+01 Dow:1988rk 
  2   3  0.2888 134.5000  0.1298  4.173e+02  1.626e+01 Dow:1988rk 
  2   3  0.2888 134.5000  0.1325  3.449e+02  1.395e+01 Dow:1988rk 
  2   3  0.2888 134.5000  0.1353  3.375e+02  1.368e+01 Dow:1988rk 
  2   3  0.2888 134.5000  0.1392  2.888e+02  1.113e+01 Dow:1988rk 
  2   3  0.2888 134.5000  0.1418  2.242e+02  9.645e+00 Dow:1988rk 
  2   3  0.2888 134.5000  0.1444  2.216e+02  9.437e+00 Dow:1988rk 
  2   3  0.2888 134.5000  0.1572  1.581e+02  6.818e+00 Dow:1988rk 
  2   3  0.2888 134.5000  0.1595  1.284e+02  5.883e+00 Dow:1988rk 
  2   3  0.2888 134.5000  0.1618  1.028e+02  5.103e+00 Dow:1988rk 
  2   3  0.2888 134.5000  0.1730  9.125e+01  4.552e+00 Dow:1988rk 
  2   3  0.2888 134.5000  0.1750  1.177e+02  5.419e+00 Dow:1988rk 
  2   3  0.2888 134.5000  0.1770  9.463e+01  4.900e+00 Dow:1988rk 
  2   3  0.2888 134.5000  0.1868  3.844e+01  3.941e+00 Dow:1988rk 
  2   3  0.2888 134.5000  0.1885  9.104e+00  1.158e+00 Dow:1988rk 
  2   3  0.2888 134.5000  0.1903  7.378e+01  6.851e+00 Dow:1988rk 
  2   3  0.2888 134.5000  0.1989  3.835e+01  4.304e+00 Dow:1988rk 
  2   3  0.2888 134.5000  0.2005  8.022e+01  7.844e+00 Dow:1988rk 
  2   3  0.2888 134.5000  0.2020  1.284e+02  1.064e+01 Dow:1988rk 
  2   3  0.2888 134.5000  0.2097  7.835e+01  9.047e+00 Dow:1988rk 
  2   3  0.2888 134.5000  0.2111  8.980e+01  1.027e+01 Dow:1988rk 
  2   3  0.2888 134.5000  0.2124  9.056e+01  1.083e+01 Dow:1988rk 
  2   3  0.3669 134.5000  0.0745  2.517e+00  4.140e-01 Dow:1988rk 
  2   3  0.3669 134.5000  0.0790  7.271e+00  1.002e+00 Dow:1988rk 
  2   3  0.3669 134.5000  0.0840  1.253e+01  1.304e+00 Dow:1988rk 
  2   3  0.3669 134.5000  0.0890  2.335e+01  1.834e+00 Dow:1988rk 
  2   3  0.3669 134.5000  0.0933  3.292e+01  1.963e+00 Dow:1988rk 
  2   3  0.3669 134.5000  0.0981  4.322e+01  2.273e+00 Dow:1988rk 
  2   3  0.3669 134.5000  0.1029  5.627e+01  2.657e+00 Dow:1988rk 
  2   3  0.3669 134.5000  0.1068  7.111e+01  2.342e+00 Dow:1988rk 
  2   3  0.3669 134.5000  0.1114  9.378e+01  2.840e+00 Dow:1988rk 
  2   3  0.3669 134.5000  0.1159  1.228e+02  3.508e+00 Dow:1988rk 
  2   3  0.3669 134.5000  0.1198  1.503e+02  5.864e+00 Dow:1988rk 
  2   3  0.3669 134.5000  0.1241  1.968e+02  7.135e+00 Dow:1988rk 
  2   3  0.3669 134.5000  0.1284  2.401e+02  8.309e+00 Dow:1988rk 
  2   3  0.3669 134.5000  0.1320  2.908e+02  1.119e+01 Dow:1988rk 
  2   3  0.3669 134.5000  0.1362  3.475e+02  1.265e+01 Dow:1988rk 
  2   3  0.3669 134.5000  0.1402  3.969e+02  1.411e+01 Dow:1988rk 
  2   3  0.3669 134.5000  0.1437  4.512e+02  1.616e+01 Dow:1988rk 
  2   3  0.3669 134.5000  0.1476  4.710e+02  1.671e+01 Dow:1988rk 
  2   3  0.3669 134.5000  0.1515  4.837e+02  1.705e+01 Dow:1988rk 
  2   3  0.3669 134.5000  0.1603  4.413e+02  1.617e+01 Dow:1988rk 
  2   3  0.3669 134.5000  0.1639  3.912e+02  1.460e+01 Dow:1988rk 
  2   3  0.3669 134.5000  0.1675  3.733e+02  1.400e+01 Dow:1988rk 
  2   3  0.3669 134.5000  0.1769  2.598e+02  1.001e+01 Dow:1988rk 
  2   3  0.3669 134.5000  0.1802  2.206e+02  8.789e+00 Dow:1988rk 
  2   3  0.3669 134.5000  0.1835  1.778e+02  7.188e+00 Dow:1988rk 
  2   3  0.3669 134.5000  0.1934  1.364e+02  5.875e+00 Dow:1988rk 
  2   3  0.3669 134.5000  0.1964  1.245e+02  5.331e+00 Dow:1988rk 
  2   3  0.3669 134.5000  0.1994  1.075e+02  4.852e+00 Dow:1988rk 
  2   3  0.3669 134.5000  0.2100  8.476e+01  3.876e+00 Dow:1988rk 
  2   3  0.3669 134.5000  0.2127  6.175e+01  3.082e+00 Dow:1988rk 
  2   3  0.3669 134.5000  0.2154  6.838e+01  3.477e+00 Dow:1988rk 
  2   3  0.3669 134.5000  0.2288  5.239e+01  4.270e+00 Dow:1988rk 
  2   3  0.3669 134.5000  0.2312  6.861e+01  5.108e+00 Dow:1988rk 
  2   3  0.3669 134.5000  0.2336  5.482e+01  5.199e+00 Dow:1988rk 
  2   3  0.3669 134.5000  0.2474  8.667e+01  3.841e+00 Dow:1988rk 
  2   3  0.3669 134.5000  0.2684  1.488e+02  9.320e+00 Dow:1988rk 
  2   3  0.3669 134.5000  0.2886  1.492e+02  1.338e+01 Dow:1988rk 
  2   3  0.3678 54.0000  0.0244  2.408e+03  3.115e+02 Dow:1988rk 
  2   3  0.3678 54.0000  0.0278  4.868e+03  2.051e+02 Dow:1988rk 
  2   3  0.3678 54.0000  0.0304  6.610e+03  2.968e+02 Dow:1988rk 
  2   3  0.3678 54.0000  0.0338  8.309e+03  2.345e+02 Dow:1988rk 
  2   3  0.3678 54.0000  0.0376  1.056e+04  3.409e+02 Dow:1988rk 
  2   3  0.3678 54.0000  0.0396  1.112e+04  2.789e+02 Dow:1988rk 
  2   3  0.3678 54.0000  0.0434  1.419e+04  4.193e+02 Dow:1988rk 
  2   3  0.3678 54.0000  0.0475  1.677e+04  5.076e+02 Dow:1988rk 
  2   3  0.3678 54.0000  0.0491  1.670e+04  4.734e+02 Dow:1988rk 
  2   3  0.3678 54.0000  0.0531  1.779e+04  5.284e+02 Dow:1988rk 
  2   3  0.3678 54.0000  0.0586  1.749e+04  5.169e+02 Dow:1988rk 
  2   3  0.3678 54.0000  0.0665  1.462e+04  4.237e+02 Dow:1988rk 
  2   3  0.3678 54.0000  0.0718  1.114e+04  3.370e+02 Dow:1988rk 
  2   3  0.3678 54.0000  0.0770  8.979e+03  2.818e+02 Dow:1988rk 
  2   3  0.3678 54.0000  0.0845  6.331e+03  1.948e+02 Dow:1988rk 
  2   3  0.3678 54.0000  0.0895  4.531e+03  1.479e+02 Dow:1988rk 
  2   3  0.3678 54.0000  0.0944  3.614e+03  1.228e+02 Dow:1988rk 
  2   3  0.3678 54.0000  0.1016  2.468e+03  9.973e+01 Dow:1988rk 
  2   3  0.3678 54.0000  0.1062  2.023e+03  8.872e+01 Dow:1988rk 
  2   3  0.3678 54.0000  0.1108  1.651e+03  7.923e+01 Dow:1988rk 
  2   3  0.3678 54.0000  0.1176  1.447e+03  5.228e+01 Dow:1988rk 
  2   3  0.3678 54.0000  0.1220  1.151e+03  4.429e+01 Dow:1988rk 
  2   3  0.3678 54.0000  0.1263  1.133e+03  4.487e+01 Dow:1988rk 
  2   3  0.3678 54.0000  0.1324  7.835e+02  3.229e+01 Dow:1988rk 
  2   3  0.3678 54.0000  0.1366  7.602e+02  3.284e+01 Dow:1988rk 
  2   3  0.3678 54.0000  0.1406  6.505e+02  3.056e+01 Dow:1988rk 
  2   3  0.3678 54.0000  0.1465  7.701e+02  3.864e+01 Dow:1988rk 
  2   3  0.3678 54.0000  0.1504  6.258e+02  3.279e+01 Dow:1988rk 
  2   3  0.3678 54.0000  0.1542  5.723e+02  3.152e+01 Dow:1988rk 
  2   3  0.3678 54.0000  0.1732  3.943e+02  2.718e+01 Dow:1988rk 
  2   3  0.3678 54.0000  0.1766  3.843e+02  2.786e+01 Dow:1988rk 
  2   3  0.3678 54.0000  0.1799  6.022e+02  4.244e+01 Dow:1988rk 
  2   3  0.3678 54.0000  0.1964  4.096e+02  4.537e+01 Dow:1988rk 
  2   3  0.3678 54.0000  0.1994  4.689e+02  5.098e+01 Dow:1988rk 
  2   3  0.3678 54.0000  0.2023  3.297e+02  4.108e+01 Dow:1988rk 
  2   3  0.3678 54.0000  0.2169  9.037e+02  1.047e+02 Dow:1988rk 
  2   3  0.3678 54.0000  0.2195  6.847e+02  9.014e+01 Dow:1988rk 
  2   3  0.3678 54.0000  0.2221  6.834e+02  9.893e+01 Dow:1988rk 
  2   3  0.3678 54.0000  0.2351  1.050e+03  1.479e+02 Dow:1988rk 
  2   3  0.3678 54.0000  0.2374  1.108e+03  1.596e+02 Dow:1988rk 
  2   3  0.3678 54.0000  0.2397  8.107e+02  1.408e+02 Dow:1988rk 
  2   3  0.3678 54.0000  0.2509  1.084e+03  1.966e+02 Dow:1988rk 
  2   3  0.3678 54.0000  0.2529  1.445e+03  2.400e+02 Dow:1988rk 
  2   3  0.3678 54.0000  0.2549  6.797e+02  1.602e+02 Dow:1988rk 
  2   3  0.3678 54.0000  0.2650  1.567e+03  3.151e+02 Dow:1988rk 
  2   3  0.3678 54.0000  0.2668  1.485e+03  3.270e+02 Dow:1988rk 
  2   3  0.3678 54.0000  0.2685  1.362e+03  3.266e+02 Dow:1988rk 
  2   3  0.4694 54.0000  0.0353  1.216e+03  5.276e+01 Dow:1988rk 
  2   3  0.4694 54.0000  0.0429  1.343e+03  3.970e+01 Dow:1988rk 
  2   3  0.4694 54.0000  0.0524  2.915e+03  9.209e+01 Dow:1988rk 
  2   3  0.4694 54.0000  0.0597  3.998e+03  1.167e+02 Dow:1988rk 
  2   3  0.4694 54.0000  0.0669  5.475e+03  1.513e+02 Dow:1988rk 
  2   3  0.4694 54.0000  0.0759  7.829e+03  2.039e+02 Dow:1988rk 
  2   3  0.4694 54.0000  0.0828  8.240e+03  2.107e+02 Dow:1988rk 
  2   3  0.4694 54.0000  0.0896  8.154e+03  2.080e+02 Dow:1988rk 
  2   3  0.4694 54.0000  0.0994  6.462e+03  1.872e+02 Dow:1988rk 
  2   3  0.4694 54.0000  0.1059  4.852e+03  1.467e+02 Dow:1988rk 
  2   3  0.4694 54.0000  0.1123  3.869e+03  1.211e+02 Dow:1988rk 
  2   3  0.4694 54.0000  0.1217  2.654e+03  8.212e+01 Dow:1988rk 
  2   3  0.4694 54.0000  0.1278  2.011e+03  6.484e+01 Dow:1988rk 
  2   3  0.4694 54.0000  0.1339  1.525e+03  5.138e+01 Dow:1988rk 
  2   3  0.4694 54.0000  0.1425  1.252e+03  3.974e+01 Dow:1988rk 
  2   3  0.4694 54.0000  0.1482  9.592e+02  3.171e+01 Dow:1988rk 
  2   3  0.4694 54.0000  0.1538  7.733e+02  2.634e+01 Dow:1988rk 
  2   3  0.4694 54.0000  0.1621  6.642e+02  2.279e+01 Dow:1988rk 
  2   3  0.4694 54.0000  0.1675  4.956e+02  1.762e+01 Dow:1988rk 
  2   3  0.4694 54.0000  0.1728  4.383e+02  1.641e+01 Dow:1988rk 
  2   3  0.4694 54.0000  0.1916  3.513e+02  9.615e+00 Dow:1988rk 
  2   3  0.4694 54.0000  0.2139  4.405e+02  1.331e+01 Dow:1988rk 
  2   3  0.4694 54.0000  0.2355  4.996e+02  1.682e+01 Dow:1988rk 
  2   3  0.4694 54.0000  0.2636  8.328e+02  2.880e+01 Dow:1988rk 
  2   3  0.4694 54.0000  0.2881  1.101e+03  3.963e+01 Dow:1988rk 
  2   3  0.4694 54.0000  0.3099  1.492e+03  6.294e+01 Dow:1988rk 
  2   3  0.4694 54.0000  0.3289  1.430e+03  7.841e+01 Dow:1988rk 
  2   3  0.4694 54.0000  0.3458  1.328e+03  9.611e+01 Dow:1988rk 
  2   3  0.4694 54.0000  0.3608  1.745e+03  1.476e+02 Dow:1988rk 
  2   3  0.4694 54.0000  0.3736  1.402e+03  1.841e+02 Dow:1988rk 
  2   3  0.4694 54.0000  0.3850  1.284e+03  2.619e+02 Dow:1988rk 
  2   3  0.4694 54.0000  0.3950 -2.198e+01  8.501e+00 Dow:1988rk 
  2   3  0.5070 134.5000  0.1512  6.170e-01  3.770e-01 Dow:1988rk 
  2   3  0.5070 134.5000  0.1574  2.031e+00  4.610e-01 Dow:1988rk 
  2   3  0.5070 134.5000  0.1636  3.202e+00  4.810e-01 Dow:1988rk 
  2   3  0.5070 134.5000  0.1690  5.523e+00  6.240e-01 Dow:1988rk 
  2   3  0.5070 134.5000  0.1749  6.537e+00  6.430e-01 Dow:1988rk 
  2   3  0.5070 134.5000  0.1808  9.345e+00  7.980e-01 Dow:1988rk 
  2   3  0.5070 134.5000  0.2081  3.786e+01  2.430e+00 Dow:1988rk 
  2   3  0.5070 134.5000  0.2133  5.919e+01  3.215e+00 Dow:1988rk 
  2   3  0.5070 134.5000  0.2185  6.635e+01  4.317e+00 Dow:1988rk 
  2   3  0.5070 134.5000  0.2396  1.422e+02  7.513e+00 Dow:1988rk 
  2   3  0.5070 134.5000  0.2443  1.721e+02  8.377e+00 Dow:1988rk 
  2   3  0.5070 134.5000  0.2489  1.653e+02  8.454e+00 Dow:1988rk 
  2   3  0.5070 134.5000  0.2554  1.356e+02  7.196e+00 Dow:1988rk 
  2   3  0.5070 134.5000  0.2598  1.411e+02  7.113e+00 Dow:1988rk 
  2   3  0.5070 134.5000  0.2641  1.311e+02  7.250e+00 Dow:1988rk 
  2   3  0.5070 134.5000  0.3123  2.875e+01  1.955e+00 Dow:1988rk 
  2   3  0.5070 134.5000  0.3157  3.805e+01  2.665e+00 Dow:1988rk 
  2   3  0.5070 134.5000  0.3190  3.246e+01  2.587e+00 Dow:1988rk 
  2   3  0.5580 54.0000  0.0507  1.648e+02  1.032e+01 Dow:1988rk 
  2   3  0.5580 54.0000  0.0596  4.630e+02  1.194e+01 Dow:1988rk 
  2   3  0.5580 54.0000  0.0641  6.940e+02  2.320e+01 Dow:1988rk 
  2   3  0.5580 54.0000  0.0727  1.106e+03  3.293e+01 Dow:1988rk 
  2   3  0.5580 54.0000  0.0813  1.634e+03  4.536e+01 Dow:1988rk 
  2   3  0.5580 54.0000  0.0826  1.864e+03  5.855e+01 Dow:1988rk 
  2   3  0.5580 54.0000  0.0909  2.482e+03  7.335e+01 Dow:1988rk 
  2   3  0.5580 54.0000  0.0991  3.402e+03  9.555e+01 Dow:1988rk 
  2   3  0.5580 54.0000  0.1047  4.298e+03  1.238e+02 Dow:1988rk 
  2   3  0.5580 54.0000  0.1126  4.423e+03  1.268e+02 Dow:1988rk 
  2   3  0.5580 54.0000  0.1205  4.417e+03  1.265e+02 Dow:1988rk 
  2   3  0.5580 54.0000  0.1317  3.589e+03  1.052e+02 Dow:1988rk 
  2   3  0.5580 54.0000  0.1392  2.782e+03  8.458e+01 Dow:1988rk 
  2   3  0.5580 54.0000  0.1466  1.970e+03  6.310e+01 Dow:1988rk 
  2   3  0.5580 54.0000  0.1575  1.465e+03  4.405e+01 Dow:1988rk 
  2   3  0.5580 54.0000  0.1645  1.064e+03  3.349e+01 Dow:1988rk 
  2   3  0.5580 54.0000  0.1714  7.851e+02  2.590e+01 Dow:1988rk 
  2   3  0.5580 54.0000  0.1813  6.453e+02  2.006e+01 Dow:1988rk 
  2   3  0.5580 54.0000  0.1879  5.165e+02  1.671e+01 Dow:1988rk 
  2   3  0.5580 54.0000  0.1944  4.169e+02  1.404e+01 Dow:1988rk 
  2   3  0.5580 54.0000  0.2041  3.683e+02  1.191e+01 Dow:1988rk 
  2   3  0.5580 54.0000  0.2133  3.169e+02  8.962e+00 Dow:1988rk 
  2   3  0.5580 54.0000  0.2309  2.913e+02  7.853e+00 Dow:1988rk 
  2   3  0.5580 54.0000  0.2571  4.012e+02  1.116e+01 Dow:1988rk 
  2   3  0.5580 54.0000  0.2811  5.784e+02  1.666e+01 Dow:1988rk 
  2   3  0.5580 54.0000  0.3047  8.535e+02  2.517e+01 Dow:1988rk 
  2   3  0.5580 54.0000  0.3351  1.131e+03  3.514e+01 Dow:1988rk 
  2   3  0.5580 54.0000  0.3617  1.360e+03  4.532e+01 Dow:1988rk 
  2   3  0.5580 54.0000  0.3853  1.226e+03  4.751e+01 Dow:1988rk 
  2   3  0.5580 54.0000  0.4060  1.074e+03  5.163e+01 Dow:1988rk 
  2   3  0.5580 54.0000  0.4245  9.008e+02  5.909e+01 Dow:1988rk 
  2   3  0.5580 54.0000  0.4402  7.831e+02  7.446e+01 Dow:1988rk 
  2   3  0.5580 54.0000  0.4544  7.293e+02  1.063e+02 Dow:1988rk 
  2   3  0.5580 54.0000  0.4663  9.338e+02  1.411e+02 Dow:1988rk 
  2   3  0.5580 54.0000  0.4777  4.597e+02  1.444e+02 Dow:1988rk 
  2   3  0.5580 54.0000  0.4872  4.912e+02  2.083e+02 Dow:1988rk 
  2   3  0.6525 54.0000  0.0606  3.475e+01  1.561e+01 Dow:1988rk 
  2   3  0.6525 54.0000  0.0665  3.089e+01  1.238e+00 Dow:1988rk 
  2   3  0.6525 54.0000  0.0669  3.670e+01  1.520e+00 Dow:1988rk 
  2   3  0.6525 54.0000  0.0710  5.243e+01  1.229e+01 Dow:1988rk 
  2   3  0.6525 54.0000  0.0768  1.394e+02  2.686e+00 Dow:1988rk 
  2   3  0.6525 54.0000  0.0772  1.484e+02  2.967e+00 Dow:1988rk 
  2   3  0.6525 54.0000  0.0804  1.879e+02  1.005e+01 Dow:1988rk 
  2   3  0.6525 54.0000  0.0905  3.168e+02  1.074e+01 Dow:1988rk 
  2   3  0.6525 54.0000  0.1004  5.108e+02  1.334e+01 Dow:1988rk 
  2   3  0.6525 54.0000  0.1098  7.574e+02  2.554e+01 Dow:1988rk 
  2   3  0.6525 54.0000  0.1193  1.166e+03  3.574e+01 Dow:1988rk 
  2   3  0.6525 54.0000  0.1287  1.697e+03  4.876e+01 Dow:1988rk 
  2   3  0.6525 54.0000  0.1374  2.205e+03  5.420e+01 Dow:1988rk 
  2   3  0.6525 54.0000  0.1464  2.518e+03  6.085e+01 Dow:1988rk 
  2   3  0.6525 54.0000  0.1553  2.525e+03  6.106e+01 Dow:1988rk 
  2   3  0.6525 54.0000  0.1681  2.126e+03  6.365e+01 Dow:1988rk 
  2   3  0.6525 54.0000  0.1766  1.821e+03  5.595e+01 Dow:1988rk 
  2   3  0.6525 54.0000  0.1850  1.332e+03  4.278e+01 Dow:1988rk 
  2   3  0.6525 54.0000  0.1974  8.545e+02  2.536e+01 Dow:1988rk 
  2   3  0.6525 54.0000  0.2054  6.111e+02  1.893e+01 Dow:1988rk 
  2   3  0.6525 54.0000  0.2132  5.075e+02  1.633e+01 Dow:1988rk 
  2   3  0.6525 54.0000  0.2246  3.992e+02  1.259e+01 Dow:1988rk 
  2   3  0.6525 54.0000  0.2321  3.375e+02  1.093e+01 Dow:1988rk 
  2   3  0.6525 54.0000  0.2395  2.997e+02  9.865e+00 Dow:1988rk 
  2   3  0.6525 54.0000  0.2573  2.714e+02  6.812e+00 Dow:1988rk 
  2   3  0.6525 54.0000  0.2810  3.214e+02  8.047e+00 Dow:1988rk 
  2   3  0.6525 54.0000  0.3031  4.075e+02  1.088e+01 Dow:1988rk 
  2   3  0.6525 54.0000  0.3311  6.062e+02  1.644e+01 Dow:1988rk 
  2   3  0.6525 54.0000  0.3569  8.284e+02  2.336e+01 Dow:1988rk 
  2   3  0.6525 54.0000  0.3819  9.919e+02  2.850e+01 Dow:1988rk 
  2   3  0.6525 54.0000  0.4036  1.033e+03  3.056e+01 Dow:1988rk 
  2   3  0.6525 54.0000  0.4234  9.409e+02  2.972e+01 Dow:1988rk 
  2   3  0.6525 54.0000  0.4429  8.332e+02  2.816e+01 Dow:1988rk 
  2   3  0.6525 54.0000  0.4680  7.671e+02  2.979e+01 Dow:1988rk 
  2   3  0.6525 54.0000  0.4903  6.250e+02  3.117e+01 Dow:1988rk 
  2   3  0.6525 54.0000  0.5102  6.493e+02  4.300e+01 Dow:1988rk 
  2   3  0.6525 54.0000  0.5266  4.968e+02  4.490e+01 Dow:1988rk 
  2   3  0.6525 54.0000  0.5455  5.281e+02  7.188e+01 Dow:1988rk 
  2   3  0.6525 54.0000  0.5653  3.928e+02  1.197e+02 Dow:1988rk 
  2   3  0.7903 54.0000  0.0845  1.464e+00  2.570e-01 Dow:1988rk 
  2   3  0.7903 54.0000  0.0899  4.942e+00  1.465e+00 Dow:1988rk 
  2   3  0.7903 54.0000  0.0969  8.628e+00  5.080e-01 Dow:1988rk 
  2   3  0.7903 54.0000  0.1224  5.555e+01  2.657e+00 Dow:1988rk 
  2   3  0.7903 54.0000  0.1342  9.287e+01  3.695e+00 Dow:1988rk 
  2   3  0.7903 54.0000  0.1457  1.666e+02  5.620e+00 Dow:1988rk 
  2   3  0.7903 54.0000  0.1603  3.051e+02  1.003e+01 Dow:1988rk 
  2   3  0.7903 54.0000  0.1714  4.936e+02  1.475e+01 Dow:1988rk 
  2   3  0.7903 54.0000  0.1823  7.315e+02  2.061e+01 Dow:1988rk 
  2   3  0.7903 54.0000  0.1958  1.068e+03  3.322e+01 Dow:1988rk 
  2   3  0.7903 54.0000  0.2063  1.165e+03  3.552e+01 Dow:1988rk 
  2   3  0.7903 54.0000  0.2165  1.102e+03  3.355e+01 Dow:1988rk 
  2   3  0.7903 54.0000  0.2295  8.787e+02  2.795e+01 Dow:1988rk 
  2   3  0.7903 54.0000  0.2393  6.928e+02  2.281e+01 Dow:1988rk 
  2   3  0.7903 54.0000  0.2490  4.722e+02  1.640e+01 Dow:1988rk 
  2   3  0.7903 54.0000  0.2614  4.574e+02  1.421e+01 Dow:1988rk 
  2   3  0.7903 54.0000  0.2707  2.953e+02  9.585e+00 Dow:1988rk 
  2   3  0.7903 54.0000  0.2798  1.982e+02  6.818e+00 Dow:1988rk 
  2   3  0.7903 54.0000  0.2861  2.210e+02  7.853e+00 Dow:1988rk 
  2   3  0.7903 54.0000  0.2950  2.035e+02  7.411e+00 Dow:1988rk 
  2   3  0.7903 54.0000  0.3037  1.536e+02  5.857e+00 Dow:1988rk 
  2   3  0.7903 54.0000  0.3185  1.864e+02  5.115e+00 Dow:1988rk 
  2   3  0.7903 54.0000  0.3452  2.009e+02  5.381e+00 Dow:1988rk 
  2   3  0.7903 54.0000  0.3782  3.329e+02  9.465e+00 Dow:1988rk 
  2   3  0.7903 54.0000  0.4115  4.991e+02  1.476e+01 Dow:1988rk 
  2   3  0.7903 54.0000  0.4122  5.185e+02  1.458e+01 Dow:1988rk 
  2   3  0.7903 54.0000  0.4454  6.495e+02  1.871e+01 Dow:1988rk 
  2   3  0.7903 54.0000  0.4786  5.779e+02  1.739e+01 Dow:1988rk 
  2   3  0.7903 54.0000  0.5119  4.862e+02  1.370e+01 Dow:1988rk 
  2   3  0.7903 54.0000  0.5456  3.516e+02  1.294e+01 Dow:1988rk 
  2   3  0.7903 54.0000  0.5789  3.590e+02  1.533e+01 Dow:1988rk 
  2   3  0.7903 54.0000  0.6125  2.879e+02  1.739e+01 Dow:1988rk 
  2   3  0.7903 54.0000  0.6373  5.299e+02  4.942e+01 Dow:1988rk 
  2   3  0.7903 54.0000  0.6459  4.008e+02  3.129e+01 Dow:1988rk 
  2   3  0.7903 54.0000  0.6793  4.452e+02  6.547e+01 Dow:1988rk 
  2   3  0.7903 54.0000  0.7126  1.166e+03  2.659e+02 Dow:1988rk 
  2   3  0.7903 88.0000  0.2570  4.377e+00  5.010e-01 Dow:1988rk 
  2   3  0.7903 88.0000  0.2663  5.022e+00  4.670e-01 Dow:1988rk 
  2   3  0.7903 88.0000  0.2755  6.555e+00  5.270e-01 Dow:1988rk 
  2   3  0.7903 88.0000  0.3474  8.823e+01  2.604e+00 Dow:1988rk 
  2   3  0.7903 88.0000  0.3552  9.750e+01  2.832e+00 Dow:1988rk 
  2   3  0.7903 88.0000  0.3629  9.941e+01  2.875e+00 Dow:1988rk 
  2   3  0.7903 88.0000  0.4079  4.508e+01  1.579e+00 Dow:1988rk 
  2   3  0.7903 88.0000  0.4146  4.138e+01  1.472e+00 Dow:1988rk 
  2   3  0.7903 88.0000  0.4212  3.560e+01  1.337e+00 Dow:1988rk 
  2   3  0.7903 88.0000  0.4737  5.199e+01  1.491e+00 Dow:1988rk 
  2   3  0.7903 88.0000  0.5331  1.235e+02  3.727e+00 Dow:1988rk 
  2   3  0.7903 88.0000  0.5627  1.406e+02  7.794e+00 Dow:1988rk 
  2   3  0.7903 88.0000  0.5775  1.386e+02  5.240e+00 Dow:1988rk 
  2   3  0.7903 88.0000  0.5923  1.410e+02  4.865e+00 Dow:1988rk 
  2   3  0.7903 88.0000  0.6219  1.105e+02  6.192e+00 Dow:1988rk 
  2   3  0.7903 88.0000  0.6519  1.534e+02  1.021e+01 Dow:1988rk 
  2   3  0.7903 108.0000  0.2699  2.640e-01  9.800e-02 Dow:1988rk 
  2   3  0.7903 108.0000  0.2791  1.640e-01  6.600e-02 Dow:1988rk 
  2   3  0.7903 108.0000  0.2881  3.040e-01  8.400e-02 Dow:1988rk 
  2   3  0.7903 108.0000  0.3013  5.810e-01  1.370e-01 Dow:1988rk 
  2   3  0.7903 108.0000  0.3099  7.840e-01  1.600e-01 Dow:1988rk 
  2   3  0.7903 108.0000  0.3183  9.590e-01  1.750e-01 Dow:1988rk 
  2   3  0.7903 108.0000  0.3303  1.524e+00  1.670e-01 Dow:1988rk 
  2   3  0.7903 108.0000  0.3384  2.779e+00  2.350e-01 Dow:1988rk 
  2   3  0.7903 108.0000  0.3464  3.792e+00  2.770e-01 Dow:1988rk 
  2   3  0.7903 108.0000  0.3581  4.935e+00  3.820e-01 Dow:1988rk 
  2   3  0.7903 108.0000  0.3657  8.436e+00  5.290e-01 Dow:1988rk 
  2   3  0.7903 108.0000  0.3732  1.418e+01  7.250e-01 Dow:1988rk 
  2   3  0.7903 108.0000  0.3841  1.729e+01  1.073e+00 Dow:1988rk 
  2   3  0.7903 108.0000  0.3913  2.515e+01  1.078e+00 Dow:1988rk 
  2   3  0.7903 108.0000  0.3983  3.131e+01  1.241e+00 Dow:1988rk 
  2   3  0.7903 108.0000  0.4088  4.176e+01  1.842e+00 Dow:1988rk 
  2   3  0.7903 108.0000  0.4155  4.491e+01  1.746e+00 Dow:1988rk 
  2   3  0.7903 108.0000  0.4221  4.540e+01  1.751e+00 Dow:1988rk 
  2   3  0.7903 108.0000  0.4317  4.479e+01  1.920e+00 Dow:1988rk 
  2   3  0.7903 108.0000  0.4380  4.194e+01  1.886e+00 Dow:1988rk 
  2   3  0.7903 108.0000  0.4442  3.385e+01  1.544e+00 Dow:1988rk 
  2   3  0.7903 108.0000  0.4535  3.124e+01  1.529e+00 Dow:1988rk 
  2   3  0.7903 108.0000  0.4594  2.602e+01  1.385e+00 Dow:1988rk 
  2   3  0.7903 108.0000  0.4652  2.505e+01  1.287e+00 Dow:1988rk 
  2   3  0.7903 108.0000  0.4734  2.434e+01  1.424e+00 Dow:1988rk 
  2   3  0.7903 108.0000  0.4790  1.877e+01  1.232e+00 Dow:1988rk 
  2   3  0.7903 108.0000  0.4844  1.656e+01  1.193e+00 Dow:1988rk 
  2   3  0.7903 108.0000  0.5026  2.590e+01  1.051e+00 Dow:1988rk 
  2   3  0.7903 108.0000  0.5076  2.312e+01  1.000e+00 Dow:1988rk 
  2   3  0.7903 108.0000  0.5126  2.633e+01  1.125e+00 Dow:1988rk 
  2   3  0.7903 108.0000  0.5329  4.650e+01  3.948e+00 Dow:1988rk 
  2   3  0.7903 108.0000  0.5374  2.087e+01  2.538e+00 Dow:1988rk 
  2   3  0.7903 108.0000  0.5419  3.701e+01  4.228e+00 Dow:1988rk 
