Path: /HepData/8619/d1-x1-y1
Results for G1(P)/F1(P) for the proton in bins of (XB;Q**2), along with average kinematic values and correction factors for each bin. All values are averaged over the event distribution
Location: Table 5
RE : E- P --> E- X
SQRT(S) : 3.5 GeV
x : XB
x2: Q**2 IN GEV**2
x3: EPSILON
y : G1(P)/F1(P) : CS : F : C1 : PB*PT : FRC : ARC : DPRIME : EPSILON*R : CG2
xdesc	x	xlow	xhigh	x2desc	x2	x2low	x2high	x3desc	x3	x3low	x3high	y	dy+	dy-	dy+	dy-	y	y	y	y	y	y	y	y	y	
	0.154	0.154	0.154		1.078	1.078	1.078		0.633	0.633	0.633	0.222	+0.021	-0.021	+0.02	-0.02	1.013	0.15	-0.005	0.641	0.919	-0.013	0.686	0.171	1.007
	0.167	0.167	0.167		1.229	1.229	1.229		0.575	0.575	0.575	0.24	+0.003	-0.003	+0.018	-0.018	1.018	0.152	-0.006	0.641	0.919	-0.016	0.737	0.148	1.009
	0.177	0.177	0.177		1.422	1.422	1.422		0.479	0.479	0.479	0.249	+0.003	-0.003	+0.016	-0.016	1.042	0.154	-0.007	0.641	0.903	-0.023	0.812	0.117	1.014
	0.191	0.191	0.191		1.633	1.633	1.633		0.409	0.409	0.409	0.257	+0.005	-0.005	+0.016	-0.016	1.067	0.156	-0.007	0.641	0.886	-0.032	0.865	0.094	1.0
	0.207	0.207	0.207		1.282	1.282	1.282		0.718	0.718	0.718	0.278	+0.018	-0.018	+0.023	-0.023	1.005	0.152	-0.007	0.642	0.95	-0.008	0.628	0.171	0.998
	0.22	0.22	0.22		1.455	1.455	1.455		0.663	0.663	0.663	0.295	+0.004	-0.004	+0.021	-0.021	1.006	0.154	-0.008	0.641	0.95	-0.01	0.686	0.15	1.0
	0.223	0.223	0.223		1.715	1.715	1.715		0.522	0.522	0.522	0.3	+0.003	-0.003	+0.018	-0.018	1.027	0.156	-0.008	0.641	0.934	-0.018	0.802	0.111	1.003
	0.235	0.235	0.235		1.98	1.98	1.98		0.42	0.42	0.42	0.314	+0.004	-0.004	+0.017	-0.017	1.06	0.159	-0.008	0.641	0.915	-0.028	0.876	0.084	1.01
	0.267	0.267	0.267		1.505	1.505	1.505		0.764	0.764	0.764	0.364	+0.009	-0.009	+0.025	-0.025	1.005	0.154	-0.009	0.642	0.964	-0.004	0.595	0.17	0.99
	0.272	0.272	0.272		1.724	1.724	1.724		0.689	0.689	0.689	0.346	+0.004	-0.004	+0.023	-0.023	1.004	0.156	-0.009	0.641	0.963	-0.007	0.68	0.14	0.991
	0.273	0.273	0.273		2.047	2.047	2.047		0.543	0.543	0.543	0.347	+0.003	-0.003	+0.019	-0.019	1.017	0.159	-0.009	0.641	0.951	-0.014	0.807	0.101	0.994
	0.282	0.282	0.282		2.366	2.366	2.366		0.418	0.418	0.418	0.365	+0.004	-0.004	+0.018	-0.018	1.054	0.162	-0.009	0.641	0.932	-0.025	0.895	0.072	0.999
	0.307	0.307	0.307		1.545	1.545	1.545		0.814	0.814	0.814	0.442	+0.038	-0.038	+0.026	-0.026	1.005	0.156	-0.009	0.642	0.968	-0.001	0.533	0.201	0.984
	0.322	0.322	0.322		1.738	1.738	1.738		0.778	0.778	0.778	0.399	+0.006	-0.006	+0.026	-0.026	1.004	0.158	-0.01	0.642	0.97	-0.002	0.588	0.173	0.982
	0.323	0.323	0.323		2.052	2.052	2.052		0.68	0.68	0.68	0.397	+0.004	-0.004	+0.023	-0.023	1.003	0.16	-0.01	0.641	0.97	-0.005	0.706	0.124	0.983
	0.324	0.324	0.324		2.431	2.431	2.431		0.535	0.535	0.535	0.392	+0.003	-0.003	+0.02	-0.02	1.017	0.163	-0.01	0.641	0.959	-0.013	0.831	0.087	0.985
	0.331	0.331	0.331		2.796	2.796	2.796		0.402	0.402	0.402	0.415	+0.005	-0.005	+0.019	-0.019	1.057	0.166	-0.01	0.641	0.939	-0.026	0.92	0.061	0.99
	0.371	0.371	0.371		1.769	1.769	1.769		0.827	0.827	0.827	0.405	+0.01	-0.01	+0.027	-0.027	1.004	0.163	-0.01	0.642	0.974	-0.005	0.515	0.232	0.977
	0.373	0.373	0.373		2.059	2.059	2.059		0.761	0.761	0.761	0.442	+0.005	-0.005	+0.026	-0.026	1.004	0.163	-0.01	0.641	0.975	-0.001	0.621	0.161	0.973
	0.373	0.373	0.373		2.438	2.438	2.438		0.654	0.654	0.654	0.44	+0.004	-0.004	+0.023	-0.023	1.003	0.165	-0.01	0.641	0.973	-0.006	0.748	0.106	0.975
	0.374	0.374	0.374		2.896	2.896	2.896		0.496	0.496	0.496	0.434	+0.004	-0.004	+0.02	-0.02	1.022	0.167	-0.01	0.641	0.963	-0.015	0.874	0.07	0.977
	0.384	0.384	0.384		3.288	3.288	3.288		0.377	0.377	0.377	0.46	+0.008	-0.008	+0.019	-0.019	1.057	0.171	-0.01	0.642	0.941	-0.031	0.949	0.049	1.0
	0.42	0.42	0.42		1.812	1.812	1.812		0.856	0.856	0.856	0.461	+0.017	-0.017	+0.028	-0.028	1.003	0.164	-0.011	0.643	0.972	-0.011	0.478	0.251	0.964
	0.423	0.423	0.423		2.064	2.064	2.064		0.813	0.813	0.813	0.421	+0.008	-0.008	+0.026	-0.026	1.004	0.168	-0.011	0.641	0.977	-0.016	0.546	0.218	0.967
	0.423	0.423	0.423		2.438	2.438	2.438		0.731	0.731	0.731	0.465	+0.005	-0.005	+0.025	-0.025	1.003	0.169	-0.01	0.641	0.978	-0.001	0.668	0.143	0.965
	0.424	0.424	0.424		2.898	2.898	2.898		0.61	0.61	0.61	0.48	+0.005	-0.005	+0.022	-0.022	1.004	0.17	-0.011	0.641	0.975	-0.008	0.802	0.088	0.966
	0.426	0.426	0.426		3.424	3.424	3.424		0.447	0.447	0.447	0.477	+0.005	-0.005	+0.019	-0.019	1.028	0.173	-0.011	0.642	0.963	-0.019	0.921	0.055	0.969
	0.442	0.442	0.442		3.868	3.868	3.868		0.342	0.342	0.342	0.47	+0.024	-0.024	+0.02	-0.02	1.064	0.178	-0.011	0.645	0.935	-0.041	0.982	0.039	1.0
	0.468	0.468	0.468		1.839	1.839	1.839		0.878	0.878	0.878	0.535	+0.032	-0.032	+0.029	-0.029	1.002	0.179	-0.011	0.643	0.973	-0.006	0.465	0.225	0.965
	0.474	0.474	0.474		2.052	2.052	2.052		0.85	0.85	0.85	0.496	+0.01	-0.01	+0.028	-0.028	1.003	0.174	-0.012	0.642	0.975	-0.01	0.51	0.212	0.953
	0.473	0.473	0.473		2.449	2.449	2.449		0.782	0.782	0.782	0.447	+0.007	-0.007	+0.026	-0.026	1.004	0.172	-0.011	0.641	0.979	-0.019	0.604	0.184	0.956
	0.474	0.474	0.474		2.9	2.9	2.9		0.688	0.688	0.688	0.49	+0.006	-0.006	+0.025	-0.025	1.002	0.174	-0.011	0.641	0.98	-0.003	0.73	0.12	0.956
	0.474	0.474	0.474		3.455	3.455	3.455		0.545	0.545	0.545	0.514	+0.005	-0.005	+0.021	-0.021	1.008	0.175	-0.011	0.641	0.975	-0.011	0.868	0.067	0.958
	0.478	0.478	0.478		3.968	3.968	3.968		0.404	0.404	0.404	0.508	+0.008	-0.008	+0.02	-0.02	1.035	0.179	-0.011	0.643	0.958	-0.027	0.961	0.043	0.961
	0.502	0.502	0.502		1.858	1.858	1.858		0.89	0.89	0.89	0.516	+0.097	-0.097	+0.03	-0.03	1.002	0.181	-0.012	0.642	0.968	-0.001	0.463	0.197	0.955
	0.523	0.523	0.523		2.071	2.071	2.071		0.872	0.872	0.872	0.54	+0.012	-0.012	+0.029	-0.029	1.002	0.178	-0.011	0.642	0.972	-0.003	0.501	0.18	0.953
	0.523	0.523	0.523		2.453	2.453	2.453		0.819	0.819	0.819	0.529	+0.008	-0.008	+0.028	-0.028	1.004	0.181	-0.012	0.641	0.979	-0.01	0.579	0.168	0.942
	0.524	0.524	0.524		2.897	2.897	2.897		0.744	0.744	0.744	0.481	+0.007	-0.007	+0.026	-0.026	1.004	0.177	-0.012	0.641	0.98	-0.016	0.671	0.147	0.945
	0.524	0.524	0.524		3.454	3.454	3.454		0.628	0.628	0.628	0.508	+0.006	-0.006	+0.024	-0.024	1.003	0.18	-0.011	0.641	0.98	-0.004	0.804	0.093	0.948
	0.525	0.525	0.525		4.082	4.082	4.082		0.473	0.473	0.473	0.528	+0.007	-0.007	+0.021	-0.021	1.016	0.182	-0.011	0.642	0.972	-0.017	0.932	0.05	0.95
	0.539	0.539	0.539		4.572	4.572	4.572		0.371	0.371	0.371	0.597	+0.042	-0.042	+0.02	-0.02	1.028	0.186	-0.012	0.645	0.954	-0.035	0.993	0.034	1.0
	0.572	0.572	0.572		2.088	2.088	2.088		0.888	0.888	0.888	0.537	+0.016	-0.016	+0.03	-0.03	1.001	0.181	-0.013	0.642	0.963	-0.001	0.483	0.188	0.938
	0.574	0.574	0.574		2.459	2.459	2.459		0.845	0.845	0.845	0.545	+0.01	-0.01	+0.029	-0.029	1.003	0.179	-0.012	0.641	0.972	-0.003	0.567	0.142	0.942
	0.574	0.574	0.574		2.911	2.911	2.911		0.781	0.781	0.781	0.556	+0.008	-0.008	+0.027	-0.027	1.004	0.188	-0.012	0.641	0.98	-0.007	0.656	0.123	0.931
	0.573	0.573	0.573		3.457	3.457	3.457		0.687	0.687	0.687	0.512	+0.008	-0.008	+0.025	-0.025	1.002	0.183	-0.012	0.641	0.98	-0.012	0.756	0.108	0.936
	0.574	0.574	0.574		4.117	4.117	4.117		0.548	0.548	0.548	0.533	+0.008	-0.008	+0.022	-0.022	1.006	0.185	-0.012	0.641	0.978	-0.011	0.887	0.066	0.94
	0.578	0.578	0.578		4.666	4.666	4.666		0.425	0.425	0.425	0.588	+0.017	-0.017	+0.021	-0.021	1.023	0.188	-0.012	0.644	0.967	-0.025	0.974	0.039	1.0

Path: /HepData/8619/d2-x1-y1
Results for G1(DEUT)/F1(DEUT) for the deuteron in bins of (XB;Q**2), along with average kinematic values and correction factors for each bin. All values are averaged over the event distribution
Location: Table 6
RE : E- DEUT --> E- X
SQRT(S) : 5.1 GeV
x : XB
x2: Q**2 IN GEV**2
x3: EPSILON
y : G1(DEUT)/F1(DEUT) : CS : F : C1 : PB*PT : FRC : ARC : DPRIME : EPSILON*R : CG2 : C2AP
xdesc	x	xlow	xhigh	x2desc	x2	x2low	x2high	x3desc	x3	x3low	x3high	y	dy+	dy-	dy+	dy-	y	y	y	y	y	y	y	y	y	y	
	0.158	0.158	0.158		1.064	1.064	1.064		0.635	0.635	0.635	0.072	+0.025	-0.025	+0.02	-0.02	1.012	0.213	-0.044	0.225	0.943	-0.014	0.686	0.17	1.022	0.02
	0.17	0.17	0.17		1.214	1.214	1.214		0.572	0.572	0.572	0.087	+0.009	-0.009	+0.018	-0.018	1.021	0.214	-0.044	0.224	0.941	-0.016	0.74	0.146	1.024	0.024
	0.18	0.18	0.18		1.415	1.415	1.415		0.472	0.472	0.472	0.093	+0.009	-0.009	+0.016	-0.016	1.046	0.216	-0.044	0.223	0.926	-0.021	0.819	0.115	1.03	0.028
	0.193	0.193	0.193		1.616	1.616	1.616		0.397	0.397	0.397	0.108	+0.021	-0.021	+0.015	-0.015	1.078	0.217	-0.044	0.223	0.909	-0.029	0.874	0.091	1.0	0.031
	0.214	0.214	0.214		1.265	1.265	1.265		0.721	0.721	0.721	0.097	+0.024	-0.024	+0.023	-0.023	1.004	0.212	-0.044	0.224	0.962	-0.011	0.626	0.173	1.006	0.024
	0.223	0.223	0.223		1.441	1.441	1.441		0.653	0.653	0.653	0.123	+0.01	-0.01	+0.022	-0.022	1.007	0.214	-0.044	0.224	0.961	-0.013	0.696	0.148	1.008	0.028
	0.224	0.224	0.224		1.705	1.705	1.705		0.502	0.502	0.502	0.122	+0.009	-0.009	+0.018	-0.018	1.034	0.215	-0.044	0.223	0.945	-0.019	0.818	0.107	1.013	0.034
	0.238	0.238	0.238		1.956	1.956	1.956		0.41	0.41	0.41	0.151	+0.016	-0.016	+0.017	-0.017	1.067	0.216	-0.044	0.223	0.929	-0.027	0.884	0.082	1.02	0.039
	0.271	0.271	0.271		1.471	1.471	1.471		0.763	0.763	0.763	0.176	+0.018	-0.018	+0.026	-0.026	1.004	0.212	-0.044	0.224	0.971	-0.008	0.595	0.176	0.995	0.031
	0.273	0.273	0.273		1.714	1.714	1.714		0.67	0.67	0.67	0.153	+0.012	-0.012	+0.024	-0.024	1.004	0.214	-0.044	0.223	0.968	-0.011	0.699	0.136	0.997	0.034
	0.274	0.274	0.274		2.039	2.039	2.039		0.518	0.518	0.518	0.183	+0.01	-0.01	+0.021	-0.021	1.025	0.216	-0.044	0.222	0.957	-0.018	0.826	0.096	1.001	0.041
	0.285	0.285	0.285		2.34	2.34	2.34		0.405	0.405	0.405	0.188	+0.018	-0.018	+0.02	-0.02	1.062	0.217	-0.044	0.223	0.94	-0.026	0.904	0.07	1.006	0.048
	0.316	0.316	0.316		1.515	1.515	1.515		0.817	0.817	0.817	0.191	+0.045	-0.045	+0.028	-0.028	1.006	0.212	-0.044	0.224	0.973	-0.003	0.524	0.221	0.993	0.032
	0.323	0.323	0.323		1.712	1.712	1.712		0.77	0.77	0.77	0.209	+0.017	-0.017	+0.028	-0.028	1.004	0.213	-0.044	0.223	0.975	-0.006	0.596	0.178	0.986	0.034
	0.324	0.324	0.324		2.043	2.043	2.043		0.661	0.661	0.661	0.21	+0.013	-0.013	+0.026	-0.026	1.004	0.216	-0.044	0.223	0.973	-0.01	0.725	0.121	0.987	0.042
	0.324	0.324	0.324		2.429	2.429	2.429		0.504	0.504	0.504	0.236	+0.012	-0.012	+0.023	-0.023	1.025	0.217	-0.044	0.222	0.963	-0.017	0.854	0.082	0.99	0.049
	0.335	0.335	0.335		2.764	2.764	2.764		0.392	0.392	0.392	0.2	+0.025	-0.025	+0.022	-0.022	1.065	0.219	-0.044	0.221	0.946	-0.028	0.928	0.059	0.995	0.057
	0.373	0.373	0.373		1.727	1.727	1.727		0.824	0.824	0.824	0.21	+0.024	-0.024	+0.029	-0.029	1.004	0.213	-0.044	0.223	0.976	-0.013	0.517	0.241	0.982	0.032
	0.373	0.373	0.373		2.046	2.046	2.046		0.747	0.747	0.747	0.259	+0.018	-0.018	+0.029	-0.029	1.003	0.215	-0.044	0.223	0.977	-0.005	0.637	0.161	0.976	0.041
	0.374	0.374	0.374		2.432	2.432	2.432		0.631	0.631	0.631	0.228	+0.015	-0.015	+0.027	-0.027	1.004	0.218	-0.044	0.222	0.975	-0.011	0.769	0.103	0.978	0.05
	0.375	0.375	0.375		2.878	2.878	2.878		0.472	0.472	0.472	0.255	+0.015	-0.015	+0.025	-0.025	1.029	0.22	-0.044	0.222	0.964	-0.019	0.892	0.067	0.98	0.059
	0.389	0.389	0.389		3.254	3.254	3.254		0.362	0.362	0.362	0.239	+0.045	-0.045	+0.025	-0.025	1.076	0.223	-0.044	0.217	0.941	-0.034	0.959	0.047	1.0	0.066
	0.423	0.423	0.423		1.762	1.762	1.762		0.856	0.856	0.856	0.267	+0.035	-0.035	+0.032	-0.032	1.003	0.216	-0.044	0.223	0.975	-0.012	0.483	0.247	0.97	0.035
	0.423	0.423	0.423		2.054	2.054	2.054		0.801	0.801	0.801	0.281	+0.024	-0.024	+0.03	-0.03	1.004	0.216	-0.044	0.223	0.978	-0.016	0.562	0.216	0.969	0.038
	0.424	0.424	0.424		2.436	2.436	2.436		0.714	0.714	0.714	0.27	+0.019	-0.019	+0.03	-0.03	1.002	0.218	-0.044	0.222	0.979	-0.004	0.688	0.141	0.968	0.048
	0.425	0.425	0.425		2.896	2.896	2.896		0.584	0.584	0.584	0.303	+0.017	-0.017	+0.028	-0.028	1.007	0.22	-0.044	0.222	0.975	-0.012	0.825	0.084	0.968	0.06
	0.426	0.426	0.426		3.393	3.393	3.393		0.421	0.421	0.421	0.271	+0.021	-0.021	+0.027	-0.027	1.041	0.223	-0.044	0.22	0.961	-0.024	0.938	0.052	0.971	0.071
	0.473	0.473	0.473		1.797	1.797	1.797		0.877	0.877	0.877	0.291	+0.05	-0.05	+0.035	-0.035	1.002	0.225	-0.044	0.223	0.974	-0.005	0.472	0.221	0.971	0.042
	0.473	0.473	0.473		2.05	2.05	2.05		0.838	0.838	0.838	0.333	+0.029	-0.029	+0.034	-0.034	1.004	0.222	-0.044	0.223	0.977	-0.011	0.529	0.21	0.957	0.04
	0.474	0.474	0.474		2.434	2.434	2.434		0.77	0.77	0.77	0.321	+0.025	-0.025	+0.032	-0.032	1.004	0.219	-0.044	0.222	0.98	-0.016	0.62	0.183	0.962	0.046
	0.474	0.474	0.474		2.892	2.892	2.892		0.668	0.668	0.668	0.276	+0.022	-0.022	+0.031	-0.031	1.002	0.22	-0.044	0.222	0.98	-0.006	0.751	0.117	0.959	0.059
	0.474	0.474	0.474		3.448	3.448	3.448		0.515	0.515	0.515	0.321	+0.021	-0.021	+0.03	-0.03	1.013	0.223	-0.044	0.222	0.973	-0.015	0.891	0.064	0.96	0.073
	0.48	0.48	0.48		3.917	3.917	3.917		0.382	0.382	0.382	0.29	+0.042	-0.042	+0.03	-0.03	1.049	0.226	-0.044	0.216	0.953	-0.031	0.975	0.041	0.963	0.081
	0.523	0.523	0.523		1.818	1.818	1.818		0.893	0.893	0.893	0.368	+0.082	-0.082	+0.037	-0.037	1.002	0.22	-0.044	0.223	0.967	-0.002	0.468	0.189	0.967	0.035
	0.524	0.524	0.524		2.04	2.04	2.04		0.866	0.866	0.866	0.365	+0.035	-0.035	+0.037	-0.037	1.003	0.226	-0.044	0.223	0.974	-0.003	0.514	0.179	0.957	0.045
	0.524	0.524	0.524		2.437	2.437	2.437		0.808	0.808	0.808	0.322	+0.029	-0.029	+0.035	-0.035	1.004	0.227	-0.044	0.223	0.979	-0.009	0.596	0.165	0.954	0.051
	0.524	0.524	0.524		2.91	2.91	2.91		0.723	0.723	0.723	0.389	+0.027	-0.027	+0.033	-0.033	1.003	0.223	-0.044	0.222	0.98	-0.014	0.697	0.143	0.95	0.056
	0.523	0.523	0.523		3.456	3.456	3.456		0.6	0.6	0.6	0.292	+0.025	-0.025	+0.032	-0.032	1.004	0.223	-0.044	0.222	0.979	-0.01	0.83	0.088	0.95	0.068
	0.526	0.526	0.526		4.032	4.032	4.032		0.452	0.452	0.452	0.359	+0.032	-0.032	+0.032	-0.032	1.022	0.226	-0.044	0.219	0.969	-0.02	0.946	0.049	0.952	0.084
	0.574	0.574	0.574		2.053	2.053	2.053		0.883	0.883	0.883	0.445	+0.045	-0.045	+0.039	-0.039	1.002	0.224	-0.044	0.223	0.966	0.0	0.491	0.195	0.952	0.042
	0.573	0.573	0.573		2.446	2.446	2.446		0.835	0.835	0.835	0.363	+0.035	-0.035	+0.037	-0.037	1.004	0.228	-0.044	0.223	0.975	-0.004	0.584	0.141	0.951	0.052
	0.573	0.573	0.573		2.911	2.911	2.911		0.765	0.765	0.765	0.399	+0.031	-0.031	+0.036	-0.036	1.004	0.231	-0.044	0.222	0.98	-0.008	0.677	0.121	0.943	0.064
	0.574	0.574	0.574		3.469	3.469	3.469		0.662	0.662	0.662	0.368	+0.031	-0.031	+0.034	-0.034	1.002	0.227	-0.044	0.222	0.98	-0.011	0.783	0.103	0.94	0.067
	0.574	0.574	0.574		4.115	4.115	4.115		0.517	0.517	0.517	0.362	+0.032	-0.032	+0.034	-0.034	1.011	0.226	-0.044	0.221	0.976	-0.015	0.911	0.062	0.941	0.083

Path: /HepData/8619/d3-x1-y1
Results for G1(P)/F1(P) for the proton in bins of (W;Q**2), along with average kinematic values and correction factors for each bin. All values are averaged over the event distribution
Location: Table 7
RE : E- P --> E- X
SQRT(S) : 3.5 GeV
x : W IN GEV
x2: Q**2 IN GEV**2
x3: EPSILON
y : G1(P)/F1(P) : CS : F : C1 : PB*PT : FRC : ARC : DPRIME : EPSILON*R : CG2
xdesc	x	xlow	xhigh	x2desc	x2	x2low	x2high	x3desc	x3	x3low	x3high	y	dy+	dy-	dy+	dy-	y	y	y	y	y	y	y	y	y	
	2.987	2.987	2.987		0.634	0.634	0.634		0.413	0.413	0.413	0.08	+0.092	-0.092	+0.013	-0.013	1.098	0.16	-0.001	0.591	0.751	-0.029	0.806	0.147	1.018
	3.019	3.019	3.019		0.61	0.61	0.61		0.388	0.388	0.388	0.088	+0.058	-0.058	+0.013	-0.013	1.105	0.163	-0.001	0.594	0.716	-0.034	0.82	0.14	1.018
	2.888	2.888	2.888		0.752	0.752	0.752		0.48	0.48	0.48	0.105	+0.083	-0.083	+0.015	-0.015	1.069	0.154	-0.002	0.614	0.819	-0.023	0.771	0.16	1.021
	2.93	2.93	2.93		0.738	0.738	0.738		0.446	0.446	0.446	0.165	+0.033	-0.033	+0.014	-0.014	1.075	0.156	-0.002	0.617	0.795	-0.027	0.791	0.151	1.021
	2.979	2.979	2.979		0.727	0.727	0.727		0.403	0.403	0.403	0.158	+0.023	-0.023	+0.014	-0.014	1.112	0.158	-0.002	0.62	0.766	-0.032	0.816	0.14	1.022
	3.007	3.007	3.007		0.705	0.705	0.705		0.382	0.382	0.382	0.134	+0.042	-0.042	+0.013	-0.013	1.098	0.161	-0.002	0.616	0.731	-0.039	0.827	0.135	1.022
	2.739	2.739	2.739		0.906	0.906	0.906		0.571	0.571	0.571	0.315	+0.084	-0.084	+0.018	-0.018	1.03	0.15	-0.004	0.639	0.883	-0.017	0.72	0.171	1.019
	2.779	2.779	2.779		0.895	0.895	0.895		0.543	0.543	0.543	0.19	+0.02	-0.02	+0.017	-0.017	1.037	0.151	-0.004	0.639	0.868	-0.019	0.739	0.166	1.02
	2.828	2.828	2.828		0.877	0.877	0.877		0.508	0.508	0.508	0.175	+0.014	-0.014	+0.016	-0.016	1.043	0.152	-0.004	0.638	0.852	-0.022	0.761	0.158	1.021
	2.877	2.877	2.877		0.86	0.86	0.86		0.469	0.469	0.469	0.166	+0.012	-0.012	+0.015	-0.015	1.054	0.153	-0.004	0.638	0.831	-0.026	0.785	0.15	1.022
	2.925	2.925	2.925		0.858	0.858	0.858		0.426	0.426	0.426	0.175	+0.01	-0.01	+0.014	-0.014	1.073	0.155	-0.003	0.638	0.805	-0.03	0.81	0.139	1.023
	2.97	2.97	2.97		0.847	0.847	0.847		0.388	0.388	0.388	0.132	+0.01	-0.01	+0.013	-0.013	1.085	0.157	-0.003	0.639	0.775	-0.036	0.832	0.129	1.023
	2.584	2.584	2.584		1.076	1.076	1.076		0.648	0.648	0.648	0.159	+0.037	-0.037	+0.02	-0.02	1.01	0.15	-0.005	0.641	0.924	-0.012	0.674	0.174	1.013
	2.627	2.627	2.627		1.061	1.061	1.061		0.624	0.624	0.624	0.267	+0.02	-0.02	+0.02	-0.02	1.014	0.15	-0.005	0.641	0.916	-0.014	0.692	0.17	1.014
	2.676	2.676	2.676		1.043	1.043	1.043		0.594	0.594	0.594	0.216	+0.013	-0.013	+0.019	-0.019	1.016	0.151	-0.005	0.641	0.906	-0.016	0.713	0.166	1.016
	2.726	2.726	2.726		1.024	1.024	1.024		0.561	0.561	0.561	0.209	+0.01	-0.01	+0.018	-0.018	1.023	0.151	-0.005	0.641	0.894	-0.018	0.735	0.16	1.018
	2.776	2.776	2.776		1.019	1.019	1.019		0.524	0.524	0.524	0.195	+0.009	-0.009	+0.017	-0.017	1.028	0.151	-0.005	0.64	0.878	-0.021	0.761	0.152	1.019
	2.826	2.826	2.826		1.013	1.013	1.013		0.484	0.484	0.484	0.196	+0.008	-0.008	+0.016	-0.016	1.038	0.152	-0.005	0.64	0.86	-0.025	0.785	0.144	1.02
	2.875	2.875	2.875		1.01	1.01	1.01		0.443	0.443	0.443	0.176	+0.007	-0.007	+0.015	-0.015	1.052	0.153	-0.005	0.64	0.84	-0.029	0.81	0.134	1.022
	2.925	2.925	2.925		1.009	1.009	1.009		0.4	0.4	0.4	0.177	+0.007	-0.007	+0.014	-0.014	1.074	0.155	-0.004	0.64	0.814	-0.034	0.835	0.123	1.023
	2.96	2.96	2.96		0.973	0.973	0.973		0.377	0.377	0.377	0.164	+0.014	-0.014	+0.013	-0.013	1.079	0.157	-0.004	0.64	0.784	-0.041	0.845	0.119	1.024
	2.382	2.382	2.382		1.288	1.288	1.288		0.728	0.728	0.728	0.311	+0.027	-0.027	+0.023	-0.023	1.005	0.152	-0.007	0.642	0.952	-0.007	0.619	0.173	1.003
	2.428	2.428	2.428		1.266	1.266	1.266		0.709	0.709	0.709	0.251	+0.019	-0.019	+0.022	-0.022	1.004	0.152	-0.007	0.642	0.949	-0.009	0.636	0.171	1.004
	2.476	2.476	2.476		1.243	1.243	1.243		0.687	0.687	0.687	0.275	+0.014	-0.014	+0.022	-0.022	1.004	0.152	-0.007	0.642	0.944	-0.01	0.653	0.168	1.006
	2.526	2.526	2.526		1.214	1.214	1.214		0.663	0.663	0.663	0.24	+0.012	-0.012	+0.021	-0.021	1.007	0.152	-0.007	0.642	0.939	-0.011	0.672	0.166	1.008
	2.575	2.575	2.575		1.209	1.209	1.209		0.634	0.634	0.634	0.25	+0.01	-0.01	+0.02	-0.02	1.009	0.152	-0.006	0.641	0.932	-0.013	0.695	0.161	1.01
	2.626	2.626	2.626		1.207	1.207	1.207		0.602	0.602	0.602	0.249	+0.009	-0.009	+0.019	-0.019	1.012	0.152	-0.006	0.641	0.923	-0.015	0.719	0.155	1.011
	2.675	2.675	2.675		1.214	1.214	1.214		0.567	0.567	0.567	0.233	+0.008	-0.008	+0.018	-0.018	1.015	0.152	-0.006	0.64	0.914	-0.017	0.744	0.148	1.013
	2.725	2.725	2.725		1.209	1.209	1.209		0.531	0.531	0.531	0.232	+0.008	-0.008	+0.017	-0.017	1.02	0.152	-0.006	0.64	0.901	-0.02	0.769	0.141	1.015
	2.776	2.776	2.776		1.209	1.209	1.209		0.493	0.493	0.493	0.224	+0.007	-0.007	+0.016	-0.016	1.03	0.153	-0.006	0.64	0.886	-0.023	0.793	0.133	1.017
	2.825	2.825	2.825		1.205	1.205	1.205		0.453	0.453	0.453	0.214	+0.007	-0.007	+0.015	-0.015	1.049	0.153	-0.006	0.64	0.869	-0.028	0.817	0.124	1.019
	2.876	2.876	2.876		1.202	1.202	1.202		0.411	0.411	0.411	0.203	+0.006	-0.006	+0.014	-0.014	1.071	0.154	-0.006	0.64	0.847	-0.032	0.841	0.115	1.02
	2.916	2.916	2.916		1.184	1.184	1.184		0.378	0.378	0.378	0.189	+0.008	-0.008	+0.014	-0.014	1.086	0.156	-0.005	0.641	0.82	-0.039	0.857	0.109	1.022
	2.076	2.076	2.076		1.554	1.554	1.554		0.817	0.817	0.817	0.48	+0.05	-0.05	+0.026	-0.026	1.005	0.156	-0.009	0.642	0.968	-0.001	0.528	0.205	0.986
	2.128	2.128	2.128		1.526	1.526	1.526		0.803	0.803	0.803	0.372	+0.03	-0.03	+0.026	-0.026	1.006	0.155	-0.009	0.642	0.967	-0.002	0.549	0.19	0.988
	2.178	2.178	2.178		1.512	1.512	1.512		0.787	0.787	0.787	0.402	+0.023	-0.023	+0.025	-0.025	1.007	0.154	-0.009	0.642	0.966	-0.003	0.569	0.179	0.99
	2.226	2.226	2.226		1.482	1.482	1.482		0.773	0.773	0.773	0.374	+0.018	-0.018	+0.025	-0.025	1.005	0.154	-0.009	0.642	0.964	-0.004	0.585	0.173	0.993
	2.276	2.276	2.276		1.463	1.463	1.463		0.755	0.755	0.755	0.324	+0.014	-0.014	+0.024	-0.024	1.004	0.154	-0.008	0.642	0.962	-0.005	0.604	0.168	0.995
	2.325	2.325	2.325		1.448	1.448	1.448		0.735	0.735	0.735	0.322	+0.012	-0.012	+0.024	-0.024	1.004	0.154	-0.008	0.642	0.96	-0.006	0.623	0.164	0.997
	2.375	2.375	2.375		1.445	1.445	1.445		0.712	0.712	0.712	0.326	+0.01	-0.01	+0.023	-0.023	1.004	0.154	-0.008	0.642	0.957	-0.007	0.644	0.159	0.998
	2.426	2.426	2.426		1.444	1.444	1.444		0.686	0.686	0.686	0.278	+0.01	-0.01	+0.022	-0.022	1.003	0.154	-0.008	0.641	0.954	-0.009	0.667	0.154	1.0
	2.475	2.475	2.475		1.436	1.436	1.436		0.661	0.661	0.661	0.293	+0.009	-0.009	+0.021	-0.021	1.004	0.153	-0.008	0.641	0.949	-0.01	0.689	0.15	1.002
	2.526	2.526	2.526		1.437	1.437	1.437		0.631	0.631	0.631	0.272	+0.008	-0.008	+0.021	-0.021	1.006	0.153	-0.007	0.641	0.944	-0.012	0.712	0.145	1.004
	2.575	2.575	2.575		1.437	1.437	1.437		0.6	0.6	0.6	0.279	+0.008	-0.008	+0.02	-0.02	1.009	0.153	-0.007	0.641	0.936	-0.014	0.735	0.139	1.006
	2.624	2.624	2.624		1.434	1.434	1.434		0.568	0.568	0.568	0.266	+0.007	-0.007	+0.019	-0.019	1.013	0.153	-0.007	0.641	0.929	-0.016	0.758	0.134	1.008
	2.676	2.676	2.676		1.434	1.434	1.434		0.532	0.532	0.532	0.255	+0.007	-0.007	+0.018	-0.018	1.018	0.154	-0.007	0.641	0.919	-0.019	0.782	0.127	1.01
	2.726	2.726	2.726		1.434	1.434	1.434		0.495	0.495	0.495	0.254	+0.006	-0.006	+0.017	-0.017	1.027	0.154	-0.007	0.641	0.907	-0.022	0.806	0.12	1.012
	2.776	2.776	2.776		1.436	1.436	1.436		0.455	0.455	0.455	0.249	+0.006	-0.006	+0.016	-0.016	1.046	0.154	-0.007	0.641	0.891	-0.025	0.829	0.112	1.015
	2.826	2.826	2.826		1.436	1.436	1.436		0.414	0.414	0.414	0.245	+0.006	-0.006	+0.015	-0.015	1.067	0.155	-0.007	0.641	0.872	-0.03	0.853	0.104	1.017
	2.87	2.87	2.87		1.415	1.415	1.415		0.379	0.379	0.379	0.238	+0.007	-0.007	+0.015	-0.015	1.085	0.156	-0.006	0.641	0.85	-0.036	0.87	0.098	1.018
	2.902	2.902	2.902		1.339	1.339	1.339		0.369	0.369	0.369	0.166	+0.033	-0.033	+0.014	-0.014	1.08	0.157	-0.006	0.643	0.824	-0.043	0.871	0.099	1.02
	1.676	1.676	1.676		1.856	1.856	1.856		0.886	0.886	0.886	0.485	+0.053	-0.053	+0.03	-0.03	1.002	0.181	-0.011	0.642	0.971	-0.003	0.462	0.212	0.964
	1.728	1.728	1.728		1.826	1.826	1.826		0.879	0.879	0.879	0.536	+0.043	-0.043	+0.029	-0.029	1.002	0.182	-0.011	0.643	0.973	-0.006	0.463	0.227	0.961
	1.774	1.774	1.774		1.816	1.816	1.816		0.87	0.87	0.87	0.588	+0.038	-0.038	+0.028	-0.028	1.002	0.166	-0.012	0.643	0.972	-0.01	0.469	0.234	0.963
	1.823	1.823	1.823		1.809	1.809	1.809		0.861	0.861	0.861	0.485	+0.027	-0.027	+0.028	-0.028	1.002	0.163	-0.011	0.643	0.972	-0.011	0.474	0.25	0.966
	1.875	1.875	1.875		1.789	1.789	1.789		0.851	0.851	0.851	0.406	+0.023	-0.023	+0.027	-0.027	1.003	0.164	-0.011	0.643	0.973	-0.016	0.479	0.26	0.973
	1.925	1.925	1.925		1.773	1.773	1.773		0.84	0.84	0.84	0.389	+0.019	-0.019	+0.027	-0.027	1.004	0.164	-0.011	0.642	0.974	-0.015	0.493	0.254	0.977
	1.976	1.976	1.976		1.749	1.749	1.749		0.828	0.828	0.828	0.402	+0.016	-0.016	+0.027	-0.027	1.004	0.163	-0.009	0.642	0.974	-0.003	0.512	0.233	0.976
	2.027	2.027	2.027		1.725	1.725	1.725		0.816	0.816	0.816	0.4	+0.015	-0.015	+0.027	-0.027	1.005	0.161	-0.009	0.642	0.973	0.001	0.534	0.21	0.977
	2.077	2.077	2.077		1.725	1.725	1.725		0.8	0.8	0.8	0.416	+0.013	-0.013	+0.026	-0.026	1.005	0.159	-0.01	0.642	0.973	-0.001	0.56	0.188	0.98
	2.126	2.126	2.126		1.712	1.712	1.712		0.784	0.784	0.784	0.396	+0.012	-0.012	+0.026	-0.026	1.005	0.158	-0.01	0.642	0.971	-0.002	0.581	0.174	0.982
	2.175	2.175	2.175		1.719	1.719	1.719		0.766	0.766	0.766	0.389	+0.011	-0.011	+0.025	-0.025	1.005	0.157	-0.009	0.642	0.97	-0.003	0.605	0.162	0.985
	2.225	2.225	2.225		1.713	1.713	1.713		0.746	0.746	0.746	0.365	+0.01	-0.01	+0.025	-0.025	1.004	0.157	-0.009	0.641	0.969	-0.004	0.627	0.154	0.987
	2.276	2.276	2.276		1.717	1.717	1.717		0.724	0.724	0.724	0.361	+0.009	-0.009	+0.024	-0.024	1.003	0.156	-0.009	0.641	0.967	-0.005	0.65	0.147	0.989
	2.327	2.327	2.327		1.714	1.714	1.714		0.701	0.701	0.701	0.352	+0.009	-0.009	+0.023	-0.023	1.002	0.156	-0.009	0.641	0.965	-0.006	0.671	0.141	0.991
	2.378	2.378	2.378		1.717	1.717	1.717		0.675	0.675	0.675	0.34	+0.008	-0.008	+0.022	-0.022	1.002	0.156	-0.009	0.641	0.962	-0.008	0.694	0.136	0.994
	2.426	2.426	2.426		1.708	1.708	1.708		0.651	0.651	0.651	0.335	+0.008	-0.008	+0.022	-0.022	1.004	0.156	-0.009	0.641	0.958	-0.009	0.714	0.132	0.996
	2.476	2.476	2.476		1.708	1.708	1.708		0.622	0.622	0.622	0.313	+0.007	-0.007	+0.021	-0.021	1.006	0.156	-0.008	0.641	0.953	-0.011	0.736	0.128	0.998
	2.525	2.525	2.525		1.713	1.713	1.713		0.592	0.592	0.592	0.317	+0.007	-0.007	+0.02	-0.02	1.009	0.156	-0.008	0.641	0.947	-0.013	0.758	0.123	1.0
	2.575	2.575	2.575		1.716	1.716	1.716		0.559	0.559	0.559	0.308	+0.007	-0.007	+0.019	-0.019	1.012	0.156	-0.008	0.641	0.941	-0.016	0.781	0.117	1.002
	2.626	2.626	2.626		1.71	1.71	1.71		0.525	0.525	0.525	0.292	+0.006	-0.006	+0.018	-0.018	1.019	0.156	-0.008	0.641	0.934	-0.018	0.803	0.112	1.004
	2.675	2.675	2.675		1.713	1.713	1.713		0.489	0.489	0.489	0.289	+0.006	-0.006	+0.017	-0.017	1.028	0.156	-0.008	0.641	0.923	-0.021	0.825	0.106	1.007
	2.725	2.725	2.725		1.71	1.71	1.71		0.45	0.45	0.45	0.292	+0.006	-0.006	+0.016	-0.016	1.045	0.156	-0.008	0.641	0.909	-0.025	0.847	0.099	1.009
	2.776	2.776	2.776		1.707	1.707	1.707		0.41	0.41	0.41	0.275	+0.006	-0.006	+0.016	-0.016	1.066	0.156	-0.007	0.641	0.893	-0.03	0.869	0.092	1.011
	2.822	2.822	2.822		1.681	1.681	1.681		0.375	0.375	0.375	0.265	+0.007	-0.007	+0.016	-0.016	1.086	0.157	-0.007	0.641	0.872	-0.036	0.886	0.086	1.014
	2.857	2.857	2.857		1.59	1.59	1.59		0.363	0.363	0.363	0.265	+0.026	-0.026	+0.016	-0.016	1.087	0.158	-0.007	0.642	0.847	-0.043	0.887	0.087	1.016
	1.228	1.228	1.228		2.16	2.16	2.16		0.923	0.923	0.923	0.097	+0.049	-0.049	+0.028	-0.028	1.0	0.213	-0.002	0.643	0.891	-0.032	0.469	0.157	0.888
	1.277	1.277	1.277		2.144	2.144	2.144		0.919	0.919	0.919	0.172	+0.059	-0.059	+0.028	-0.028	1.0	0.178	-0.009	0.643	0.896	-0.008	0.476	0.14	0.955
	1.327	1.327	1.327		2.129	2.129	2.129		0.915	0.915	0.915	0.346	+0.053	-0.053	+0.029	-0.029	1.0	0.157	-0.01	0.643	0.904	0.008	0.482	0.13	0.952
	1.373	1.373	1.373		2.117	2.117	2.117		0.911	0.911	0.911	0.434	+0.05	-0.05	+0.03	-0.03	1.0	0.153	-0.011	0.643	0.92	0.013	0.484	0.133	0.947
	1.423	1.423	1.423		2.113	2.113	2.113		0.905	0.905	0.905	0.429	+0.037	-0.037	+0.03	-0.03	1.001	0.156	-0.013	0.642	0.936	0.003	0.479	0.155	0.938
	1.475	1.475	1.475		2.092	2.092	2.092		0.9	0.9	0.9	0.516	+0.029	-0.029	+0.03	-0.03	1.001	0.186	-0.012	0.642	0.956	-0.001	0.459	0.214	0.924
	1.527	1.527	1.527		2.064	2.064	2.064		0.895	0.895	0.895	0.499	+0.022	-0.022	+0.03	-0.03	1.001	0.201	-0.011	0.642	0.966	0.001	0.462	0.217	0.932
	1.577	1.577	1.577		2.059	2.059	2.059		0.888	0.888	0.888	0.571	+0.024	-0.024	+0.03	-0.03	1.001	0.167	-0.014	0.642	0.963	-0.002	0.486	0.174	0.947
	1.622	1.622	1.622		2.052	2.052	2.052		0.881	0.881	0.881	0.554	+0.023	-0.023	+0.03	-0.03	1.002	0.164	-0.013	0.642	0.966	-0.002	0.495	0.17	0.956
	1.674	1.674	1.674		2.06	2.06	2.06		0.871	0.871	0.871	0.523	+0.016	-0.016	+0.029	-0.029	1.002	0.185	-0.011	0.642	0.974	-0.003	0.499	0.187	0.951
	1.726	1.726	1.726		2.036	2.036	2.036		0.863	0.863	0.863	0.533	+0.016	-0.016	+0.029	-0.029	1.002	0.187	-0.011	0.642	0.976	-0.006	0.501	0.201	0.949
	1.775	1.775	1.775		2.056	2.056	2.056		0.851	0.851	0.851	0.498	+0.015	-0.015	+0.028	-0.028	1.002	0.171	-0.012	0.642	0.975	-0.01	0.511	0.209	0.953
	1.826	1.826	1.826		2.043	2.043	2.043		0.841	0.841	0.841	0.467	+0.016	-0.016	+0.028	-0.028	1.003	0.168	-0.011	0.642	0.975	-0.01	0.514	0.226	0.957
	1.875	1.875	1.875		2.053	2.053	2.053		0.827	0.827	0.827	0.435	+0.014	-0.014	+0.027	-0.027	1.004	0.168	-0.011	0.641	0.976	-0.015	0.525	0.232	0.963
	1.926	1.926	1.926		2.052	2.052	2.052		0.814	0.814	0.814	0.431	+0.014	-0.014	+0.026	-0.026	1.004	0.168	-0.011	0.641	0.977	-0.015	0.542	0.224	0.968
	1.976	1.976	1.976		2.054	2.054	2.054		0.799	0.799	0.799	0.423	+0.012	-0.012	+0.026	-0.026	1.004	0.167	-0.01	0.641	0.977	-0.002	0.565	0.204	0.968
	2.026	2.026	2.026		2.048	2.048	2.048		0.784	0.784	0.784	0.452	+0.011	-0.011	+0.026	-0.026	1.005	0.165	-0.01	0.641	0.976	0.0	0.59	0.181	0.971
	2.076	2.076	2.076		2.049	2.049	2.049		0.766	0.766	0.766	0.446	+0.01	-0.01	+0.026	-0.026	1.004	0.163	-0.01	0.641	0.975	-0.001	0.616	0.161	0.974
	2.126	2.126	2.126		2.042	2.042	2.042		0.749	0.749	0.749	0.432	+0.01	-0.01	+0.025	-0.025	1.004	0.162	-0.01	0.641	0.974	-0.002	0.639	0.147	0.976
	2.175	2.175	2.175		2.041	2.041	2.041		0.729	0.729	0.729	0.425	+0.009	-0.009	+0.025	-0.025	1.003	0.161	-0.01	0.641	0.973	-0.003	0.661	0.137	0.979
	2.225	2.225	2.225		2.046	2.046	2.046		0.707	0.707	0.707	0.431	+0.009	-0.009	+0.024	-0.024	1.002	0.16	-0.01	0.641	0.971	-0.004	0.684	0.129	0.981
	2.275	2.275	2.275		2.048	2.048	2.048		0.684	0.684	0.684	0.4	+0.008	-0.008	+0.023	-0.023	1.003	0.16	-0.01	0.641	0.97	-0.005	0.705	0.123	0.984
	2.325	2.325	2.325		2.032	2.032	2.032		0.661	0.661	0.661	0.377	+0.008	-0.008	+0.023	-0.023	1.003	0.159	-0.009	0.641	0.968	-0.007	0.724	0.119	0.986
	2.375	2.375	2.375		2.043	2.043	2.043		0.634	0.634	0.634	0.364	+0.007	-0.007	+0.022	-0.022	1.004	0.159	-0.009	0.641	0.965	-0.008	0.746	0.114	0.988
	2.425	2.425	2.425		2.042	2.042	2.042		0.606	0.606	0.606	0.365	+0.007	-0.007	+0.021	-0.021	1.006	0.159	-0.009	0.641	0.961	-0.01	0.767	0.11	0.99
	2.475	2.475	2.475		2.038	2.038	2.038		0.576	0.576	0.576	0.338	+0.007	-0.007	+0.02	-0.02	1.009	0.159	-0.009	0.641	0.956	-0.012	0.788	0.106	0.993
	2.525	2.525	2.525		2.04	2.04	2.04		0.544	0.544	0.544	0.348	+0.007	-0.007	+0.019	-0.019	1.012	0.159	-0.009	0.641	0.95	-0.015	0.809	0.101	0.995
	2.575	2.575	2.575		2.037	2.037	2.037		0.51	0.51	0.51	0.335	+0.006	-0.006	+0.018	-0.018	1.017	0.159	-0.009	0.641	0.943	-0.017	0.83	0.096	0.997
	2.625	2.625	2.625		2.044	2.044	2.044		0.473	0.473	0.473	0.337	+0.006	-0.006	+0.017	-0.017	1.029	0.158	-0.009	0.641	0.935	-0.021	0.852	0.09	1.0
	2.676	2.676	2.676		2.042	2.042	2.042		0.435	0.435	0.435	0.326	+0.006	-0.006	+0.017	-0.017	1.048	0.158	-0.008	0.641	0.923	-0.025	0.872	0.084	1.002
	2.726	2.726	2.726		2.035	2.035	2.035		0.396	0.396	0.396	0.316	+0.006	-0.006	+0.017	-0.017	1.072	0.159	-0.008	0.641	0.908	-0.03	0.892	0.078	1.005
	2.771	2.771	2.771		1.978	1.978	1.978		0.369	0.369	0.369	0.306	+0.008	-0.008	+0.017	-0.017	1.087	0.159	-0.008	0.641	0.889	-0.036	0.903	0.075	1.008
	2.805	2.805	2.805		1.895	1.895	1.895		0.359	0.359	0.359	0.316	+0.036	-0.036	+0.016	-0.016	1.08	0.16	-0.008	0.643	0.868	-0.043	0.904	0.076	1.01
	1.176	1.176	1.176		2.444	2.444	2.444		0.912	0.912	0.912	0.093	+0.058	-0.058	+0.027	-0.027	1.0	0.145	0.014	0.642	0.769	-0.108	0.487	0.189	0.889
	1.224	1.224	1.224		2.437	2.437	2.437		0.908	0.908	0.908	0.146	+0.03	-0.03	+0.027	-0.027	1.0	0.208	0.028	0.642	0.891	-0.038	0.492	0.181	0.864
	1.276	1.276	1.276		2.437	2.437	2.437		0.902	0.902	0.902	0.212	+0.034	-0.034	+0.028	-0.028	1.0	0.174	-0.01	0.642	0.897	-0.007	0.51	0.148	0.937
	1.325	1.325	1.325		2.414	2.414	2.414		0.898	0.898	0.898	0.359	+0.036	-0.036	+0.029	-0.029	1.0	0.157	-0.011	0.642	0.908	0.009	0.523	0.122	0.939
	1.375	1.375	1.375		2.439	2.439	2.439		0.891	0.891	0.891	0.466	+0.031	-0.031	+0.03	-0.03	1.001	0.155	-0.011	0.641	0.925	0.014	0.534	0.117	0.936
	1.427	1.427	1.427		2.444	2.444	2.444		0.883	0.883	0.883	0.517	+0.027	-0.027	+0.03	-0.03	1.001	0.159	-0.013	0.641	0.94	0.001	0.53	0.141	0.928
	1.478	1.478	1.478		2.437	2.437	2.437		0.877	0.877	0.877	0.553	+0.021	-0.021	+0.03	-0.03	1.002	0.19	-0.011	0.641	0.96	-0.004	0.506	0.207	0.914
	1.528	1.528	1.528		2.448	2.448	2.448		0.868	0.868	0.868	0.547	+0.017	-0.017	+0.03	-0.03	1.002	0.205	-0.011	0.641	0.969	-0.001	0.516	0.204	0.922
	1.576	1.576	1.576		2.448	2.448	2.448		0.86	0.86	0.86	0.59	+0.019	-0.019	+0.029	-0.029	1.002	0.171	-0.014	0.641	0.967	-0.004	0.548	0.151	0.936
	1.624	1.624	1.624		2.45	2.45	2.45		0.851	0.851	0.851	0.528	+0.018	-0.018	+0.029	-0.029	1.003	0.168	-0.013	0.641	0.97	-0.004	0.563	0.139	0.944
	1.674	1.674	1.674		2.433	2.433	2.433		0.842	0.842	0.842	0.546	+0.014	-0.014	+0.029	-0.029	1.003	0.19	-0.011	0.641	0.976	-0.004	0.567	0.146	0.939
	1.726	1.726	1.726		2.457	2.457	2.457		0.828	0.828	0.828	0.548	+0.013	-0.013	+0.028	-0.028	1.004	0.191	-0.011	0.641	0.978	-0.006	0.577	0.155	0.938
	1.776	1.776	1.776		2.433	2.433	2.433		0.818	0.818	0.818	0.534	+0.014	-0.014	+0.028	-0.028	1.004	0.175	-0.012	0.641	0.978	-0.012	0.577	0.172	0.944
	1.825	1.825	1.825		2.429	2.429	2.429		0.806	0.806	0.806	0.494	+0.013	-0.013	+0.027	-0.027	1.004	0.172	-0.011	0.641	0.978	-0.01	0.58	0.188	0.948
	1.876	1.876	1.876		2.436	2.436	2.436		0.792	0.792	0.792	0.468	+0.012	-0.012	+0.027	-0.027	1.004	0.173	-0.011	0.641	0.979	-0.015	0.591	0.194	0.954
	1.925	1.925	1.925		2.432	2.432	2.432		0.777	0.777	0.777	0.433	+0.011	-0.011	+0.026	-0.026	1.004	0.173	-0.012	0.641	0.979	-0.016	0.607	0.187	0.959
	1.975	1.975	1.975		2.431	2.431	2.431		0.761	0.761	0.761	0.432	+0.01	-0.01	+0.026	-0.026	1.004	0.171	-0.01	0.641	0.979	-0.002	0.629	0.17	0.96
	2.025	2.025	2.025		2.431	2.431	2.431		0.744	0.744	0.744	0.464	+0.01	-0.01	+0.026	-0.026	1.003	0.169	-0.01	0.641	0.978	-0.001	0.654	0.15	0.964
	2.074	2.074	2.074		2.434	2.434	2.434		0.725	0.725	0.725	0.464	+0.009	-0.009	+0.025	-0.025	1.002	0.168	-0.011	0.641	0.978	-0.002	0.679	0.133	0.966
	2.126	2.126	2.126		2.43	2.43	2.43		0.704	0.704	0.704	0.47	+0.009	-0.009	+0.024	-0.024	1.002	0.166	-0.01	0.641	0.976	-0.003	0.703	0.121	0.969
	2.176	2.176	2.176		2.436	2.436	2.436		0.682	0.682	0.682	0.456	+0.009	-0.009	+0.024	-0.024	1.002	0.165	-0.01	0.641	0.975	-0.004	0.725	0.112	0.972
	2.225	2.225	2.225		2.42	2.42	2.42		0.661	0.661	0.661	0.448	+0.008	-0.008	+0.023	-0.023	1.002	0.164	-0.01	0.641	0.973	-0.005	0.744	0.106	0.975
	2.276	2.276	2.276		2.424	2.424	2.424		0.635	0.635	0.635	0.422	+0.008	-0.008	+0.022	-0.022	1.003	0.164	-0.01	0.641	0.972	-0.007	0.765	0.101	0.977
	2.326	2.326	2.326		2.424	2.424	2.424		0.609	0.609	0.609	0.407	+0.007	-0.007	+0.022	-0.022	1.005	0.164	-0.01	0.641	0.969	-0.008	0.784	0.097	0.98
	2.375	2.375	2.375		2.428	2.428	2.428		0.58	0.58	0.58	0.403	+0.007	-0.007	+0.021	-0.021	1.007	0.163	-0.01	0.641	0.966	-0.01	0.805	0.092	0.982
	2.425	2.425	2.425		2.428	2.428	2.428		0.55	0.55	0.55	0.375	+0.007	-0.007	+0.02	-0.02	1.011	0.163	-0.01	0.641	0.961	-0.012	0.824	0.088	0.985
	2.475	2.475	2.475		2.427	2.427	2.427		0.518	0.518	0.518	0.392	+0.007	-0.007	+0.019	-0.019	1.016	0.162	-0.01	0.641	0.956	-0.015	0.844	0.084	0.987
	2.525	2.525	2.525		2.421	2.421	2.421		0.485	0.485	0.485	0.396	+0.007	-0.007	+0.018	-0.018	1.023	0.162	-0.009	0.641	0.95	-0.018	0.862	0.08	0.989
	2.574	2.574	2.574		2.425	2.425	2.425		0.449	0.449	0.449	0.381	+0.007	-0.007	+0.018	-0.018	1.035	0.162	-0.009	0.641	0.942	-0.021	0.882	0.075	0.992
	2.625	2.625	2.625		2.43	2.43	2.43		0.41	0.41	0.41	0.371	+0.007	-0.007	+0.017	-0.017	1.053	0.162	-0.009	0.641	0.932	-0.025	0.902	0.07	0.995
	2.673	2.673	2.673		2.411	2.411	2.411		0.375	0.375	0.375	0.373	+0.007	-0.007	+0.018	-0.018	1.075	0.161	-0.009	0.641	0.918	-0.031	0.918	0.065	0.997
	2.715	2.715	2.715		2.317	2.317	2.317		0.357	0.357	0.357	0.318	+0.012	-0.012	+0.018	-0.018	1.082	0.161	-0.009	0.641	0.9	-0.039	0.922	0.065	1.0
	1.175	1.175	1.175		2.903	2.903	2.903		0.884	0.884	0.884	0.183	+0.055	-0.055	+0.027	-0.027	1.001	0.14	0.084	0.641	0.763	-0.133	0.519	0.233	0.875
	1.276	1.276	1.276		2.906	2.906	2.906		0.872	0.872	0.872	0.236	+0.034	-0.034	+0.027	-0.027	1.001	0.17	-0.011	0.641	0.897	-0.007	0.561	0.158	0.925
	1.326	1.326	1.326		2.869	2.869	2.869		0.868	0.868	0.868	0.397	+0.031	-0.031	+0.029	-0.029	1.001	0.157	-0.011	0.641	0.911	0.009	0.586	0.11	0.93
	1.377	1.377	1.377		2.913	2.913	2.913		0.858	0.858	0.858	0.486	+0.027	-0.027	+0.03	-0.03	1.002	0.156	-0.011	0.641	0.929	0.014	0.604	0.097	0.927
	1.427	1.427	1.427		2.903	2.903	2.903		0.851	0.851	0.851	0.553	+0.025	-0.025	+0.03	-0.03	1.002	0.162	-0.012	0.641	0.944	0.0	0.596	0.121	0.92
	1.474	1.474	1.474		2.876	2.876	2.876		0.845	0.845	0.845	0.531	+0.02	-0.02	+0.029	-0.029	1.002	0.193	-0.011	0.641	0.962	-0.007	0.567	0.187	0.906
	1.523	1.523	1.523		2.903	2.903	2.903		0.834	0.834	0.834	0.582	+0.016	-0.016	+0.029	-0.029	1.002	0.209	-0.011	0.641	0.971	-0.002	0.575	0.192	0.915
	1.575	1.575	1.575		2.903	2.903	2.903		0.823	0.823	0.823	0.567	+0.017	-0.017	+0.029	-0.029	1.003	0.176	-0.014	0.641	0.97	-0.006	0.616	0.129	0.928
	1.625	1.625	1.625		2.9	2.9	2.9		0.813	0.813	0.813	0.556	+0.016	-0.016	+0.028	-0.028	1.004	0.173	-0.013	0.641	0.972	-0.005	0.636	0.109	0.934
	1.675	1.675	1.675		2.901	2.901	2.901		0.801	0.801	0.801	0.548	+0.013	-0.013	+0.028	-0.028	1.004	0.195	-0.011	0.641	0.979	-0.004	0.648	0.107	0.93
	1.725	1.725	1.725		2.896	2.896	2.896		0.789	0.789	0.789	0.559	+0.012	-0.012	+0.027	-0.027	1.004	0.196	-0.011	0.641	0.98	-0.007	0.653	0.117	0.929
	1.775	1.775	1.775		2.883	2.883	2.883		0.777	0.777	0.777	0.551	+0.012	-0.012	+0.027	-0.027	1.004	0.181	-0.012	0.641	0.98	-0.013	0.652	0.135	0.935
	1.825	1.825	1.825		2.885	2.885	2.885		0.762	0.762	0.762	0.534	+0.012	-0.012	+0.027	-0.027	1.004	0.177	-0.012	0.641	0.98	-0.01	0.657	0.148	0.939
	1.875	1.875	1.875		2.894	2.894	2.894		0.745	0.745	0.745	0.465	+0.012	-0.012	+0.026	-0.026	1.004	0.177	-0.012	0.641	0.98	-0.016	0.667	0.153	0.945
	1.924	1.924	1.924		2.883	2.883	2.883		0.73	0.73	0.73	0.471	+0.011	-0.011	+0.025	-0.025	1.003	0.177	-0.012	0.641	0.981	-0.017	0.681	0.149	0.95
	1.976	1.976	1.976		2.878	2.878	2.878		0.712	0.712	0.712	0.465	+0.01	-0.01	+0.025	-0.025	1.003	0.176	-0.011	0.641	0.98	-0.003	0.703	0.135	0.952
	2.025	2.025	2.025		2.898	2.898	2.898		0.69	0.69	0.69	0.491	+0.01	-0.01	+0.025	-0.025	1.002	0.174	-0.011	0.641	0.98	-0.003	0.73	0.118	0.956
	2.075	2.075	2.075		2.884	2.884	2.884		0.671	0.671	0.671	0.484	+0.009	-0.009	+0.024	-0.024	1.001	0.173	-0.011	0.641	0.979	-0.004	0.75	0.106	0.959
	2.125	2.125	2.125		2.888	2.888	2.888		0.649	0.649	0.649	0.484	+0.009	-0.009	+0.023	-0.023	1.002	0.171	-0.011	0.641	0.978	-0.006	0.773	0.096	0.962
	2.175	2.175	2.175		2.889	2.889	2.889		0.625	0.625	0.625	0.505	+0.009	-0.009	+0.023	-0.023	1.003	0.17	-0.011	0.641	0.976	-0.007	0.793	0.089	0.965
	2.224	2.224	2.224		2.885	2.885	2.885		0.6	0.6	0.6	0.476	+0.009	-0.009	+0.022	-0.022	1.004	0.169	-0.011	0.641	0.974	-0.008	0.812	0.084	0.968
	2.274	2.274	2.274		2.882	2.882	2.882		0.574	0.574	0.574	0.464	+0.008	-0.008	+0.021	-0.021	1.006	0.169	-0.011	0.641	0.972	-0.01	0.83	0.08	0.97
	2.325	2.325	2.325		2.893	2.893	2.893		0.542	0.542	0.542	0.436	+0.008	-0.008	+0.021	-0.021	1.01	0.168	-0.01	0.641	0.968	-0.012	0.85	0.075	0.973
	2.375	2.375	2.375		2.894	2.894	2.894		0.511	0.511	0.511	0.441	+0.008	-0.008	+0.02	-0.02	1.014	0.167	-0.01	0.641	0.964	-0.014	0.869	0.072	0.976
	2.425	2.425	2.425		2.89	2.89	2.89		0.48	0.48	0.48	0.43	+0.008	-0.008	+0.019	-0.019	1.02	0.167	-0.01	0.641	0.96	-0.017	0.886	0.068	0.978
	2.475	2.475	2.475		2.891	2.891	2.891		0.445	0.445	0.445	0.406	+0.008	-0.008	+0.018	-0.018	1.031	0.166	-0.01	0.641	0.952	-0.02	0.904	0.064	0.981
	2.525	2.525	2.525		2.886	2.886	2.886		0.41	0.41	0.41	0.433	+0.008	-0.008	+0.018	-0.018	1.049	0.166	-0.01	0.641	0.945	-0.024	0.92	0.06	0.984
	2.573	2.573	2.573		2.881	2.881	2.881		0.375	0.375	0.375	0.417	+0.008	-0.008	+0.019	-0.019	1.069	0.166	-0.01	0.641	0.934	-0.028	0.936	0.056	0.986
	2.621	2.621	2.621		2.771	2.771	2.771		0.357	0.357	0.357	0.412	+0.011	-0.011	+0.02	-0.02	1.085	0.165	-0.01	0.642	0.921	-0.035	0.94	0.055	0.989
	2.657	2.657	2.657		2.695	2.695	2.695		0.343	0.343	0.343	0.378	+0.038	-0.038	+0.019	-0.019	1.086	0.165	-0.01	0.643	0.903	-0.043	0.942	0.055	0.992
	1.175	1.175	1.175		3.439	3.439	3.439		0.848	0.848	0.848	-0.146	+0.015	-0.015	+0.025	-0.025	1.001	0.134	2.762	0.642	0.754	-0.168	0.552	0.279	0.687
	1.227	1.227	1.227		3.431	3.431	3.431		0.841	0.841	0.841	0.161	+0.043	-0.043	+0.025	-0.025	1.001	0.19	-0.088	0.641	0.883	-0.056	0.568	0.252	0.974
	1.276	1.276	1.276		3.447	3.447	3.447		0.833	0.833	0.833	0.308	+0.039	-0.039	+0.027	-0.027	1.002	0.164	-0.013	0.641	0.897	-0.006	0.616	0.168	0.918
	1.326	1.326	1.326		3.423	3.423	3.423		0.827	0.827	0.827	0.465	+0.035	-0.035	+0.028	-0.028	1.003	0.155	-0.012	0.641	0.914	0.008	0.656	0.101	0.923
	1.374	1.374	1.374		3.45	3.45	3.45		0.816	0.816	0.816	0.53	+0.031	-0.031	+0.029	-0.029	1.003	0.157	-0.011	0.64	0.932	0.014	0.678	0.082	0.92
	1.424	1.424	1.424		3.453	3.453	3.453		0.807	0.807	0.807	0.568	+0.026	-0.026	+0.029	-0.029	1.004	0.163	-0.012	0.642	0.947	-0.001	0.672	0.102	0.914
	1.473	1.473	1.473		3.434	3.434	3.434		0.798	0.798	0.798	0.605	+0.022	-0.022	+0.029	-0.029	1.004	0.195	-0.011	0.641	0.964	-0.009	0.642	0.166	0.901
	1.525	1.525	1.525		3.431	3.431	3.431		0.787	0.787	0.787	0.589	+0.017	-0.017	+0.029	-0.029	1.004	0.211	-0.011	0.641	0.973	-0.003	0.647	0.169	0.91
	1.576	1.576	1.576		3.435	3.435	3.435		0.775	0.775	0.775	0.597	+0.019	-0.019	+0.028	-0.028	1.005	0.18	-0.014	0.641	0.971	-0.008	0.694	0.105	0.921
	1.626	1.626	1.626		3.441	3.441	3.441		0.762	0.762	0.762	0.591	+0.017	-0.017	+0.027	-0.027	1.004	0.178	-0.013	0.641	0.974	-0.007	0.719	0.083	0.926
	1.676	1.676	1.676		3.443	3.443	3.443		0.748	0.748	0.748	0.566	+0.014	-0.014	+0.027	-0.027	1.004	0.2	-0.011	0.641	0.979	-0.006	0.735	0.076	0.922
	1.725	1.725	1.725		3.435	3.435	3.435		0.735	0.735	0.735	0.556	+0.013	-0.013	+0.026	-0.026	1.004	0.201	-0.011	0.641	0.981	-0.008	0.739	0.083	0.922
	1.775	1.775	1.775		3.439	3.439	3.439		0.719	0.719	0.719	0.56	+0.014	-0.014	+0.026	-0.026	1.003	0.186	-0.012	0.641	0.98	-0.014	0.74	0.099	0.928
	1.825	1.825	1.825		3.437	3.437	3.437		0.702	0.702	0.702	0.524	+0.013	-0.013	+0.025	-0.025	1.002	0.182	-0.012	0.641	0.98	-0.011	0.745	0.11	0.932
	1.876	1.876	1.876		3.447	3.447	3.447		0.683	0.683	0.683	0.483	+0.013	-0.013	+0.025	-0.025	1.002	0.182	-0.012	0.641	0.981	-0.016	0.756	0.113	0.937
	1.926	1.926	1.926		3.44	3.44	3.44		0.664	0.664	0.664	0.49	+0.012	-0.012	+0.024	-0.024	1.002	0.182	-0.012	0.641	0.981	-0.017	0.77	0.109	0.942
	1.975	1.975	1.975		3.435	3.435	3.435		0.645	0.645	0.645	0.493	+0.011	-0.011	+0.024	-0.024	1.002	0.181	-0.011	0.641	0.98	-0.006	0.789	0.099	0.945
	2.026	2.026	2.026		3.44	3.44	3.44		0.622	0.622	0.622	0.484	+0.011	-0.011	+0.023	-0.023	1.003	0.179	-0.011	0.641	0.98	-0.007	0.812	0.088	0.949
	2.074	2.074	2.074		3.452	3.452	3.452		0.598	0.598	0.598	0.516	+0.011	-0.011	+0.023	-0.023	1.003	0.177	-0.011	0.641	0.978	-0.008	0.833	0.078	0.952
	2.124	2.124	2.124		3.446	3.446	3.446		0.574	0.574	0.574	0.52	+0.01	-0.01	+0.022	-0.022	1.004	0.176	-0.011	0.641	0.977	-0.01	0.851	0.071	0.955
	2.175	2.175	2.175		3.435	3.435	3.435		0.549	0.549	0.549	0.534	+0.01	-0.01	+0.022	-0.022	1.006	0.175	-0.011	0.641	0.975	-0.011	0.868	0.066	0.958
	2.225	2.225	2.225		3.433	3.433	3.433		0.521	0.521	0.521	0.515	+0.01	-0.01	+0.021	-0.021	1.01	0.174	-0.011	0.641	0.972	-0.013	0.885	0.062	0.961
	2.275	2.275	2.275		3.441	3.441	3.441		0.49	0.49	0.49	0.5	+0.01	-0.01	+0.02	-0.02	1.014	0.174	-0.011	0.641	0.969	-0.015	0.902	0.059	0.964
	2.325	2.325	2.325		3.453	3.453	3.453		0.457	0.457	0.457	0.471	+0.009	-0.009	+0.019	-0.019	1.02	0.173	-0.011	0.641	0.966	-0.018	0.919	0.055	0.966
	2.374	2.374	2.374		3.454	3.454	3.454		0.424	0.424	0.424	0.465	+0.009	-0.009	+0.019	-0.019	1.029	0.172	-0.011	0.641	0.959	-0.021	0.935	0.052	0.969
	2.425	2.425	2.425		3.427	3.427	3.427		0.394	0.394	0.394	0.467	+0.01	-0.01	+0.019	-0.019	1.047	0.172	-0.011	0.642	0.952	-0.025	0.947	0.049	0.972
	2.474	2.474	2.474		3.376	3.376	3.376		0.368	0.368	0.368	0.457	+0.011	-0.011	+0.019	-0.019	1.061	0.171	-0.01	0.643	0.943	-0.03	0.956	0.047	0.975
	2.521	2.521	2.521		3.287	3.287	3.287		0.348	0.348	0.348	0.458	+0.015	-0.015	+0.02	-0.02	1.07	0.171	-0.01	0.643	0.93	-0.036	0.961	0.046	0.978
	2.557	2.557	2.557		3.212	3.212	3.212		0.333	0.333	0.333	0.473	+0.041	-0.041	+0.021	-0.021	1.085	0.17	-0.01	0.643	0.913	-0.045	0.964	0.046	0.98
	1.229	1.229	1.229		4.115	4.115	4.115		0.784	0.784	0.784	0.249	+0.064	-0.064	+0.024	-0.024	1.002	0.178	-0.099	0.641	0.884	-0.056	0.619	0.284	0.993
	1.279	1.279	1.279		4.095	4.095	4.095		0.777	0.777	0.777	0.526	+0.05	-0.05	+0.026	-0.026	1.002	0.157	-0.014	0.641	0.898	0.0	0.685	0.167	0.913
	1.326	1.326	1.326		4.098	4.098	4.098		0.767	0.767	0.767	0.467	+0.045	-0.045	+0.027	-0.027	1.003	0.152	-0.012	0.641	0.92	0.007	0.738	0.092	0.919
	1.375	1.375	1.375		4.096	4.096	4.096		0.757	0.757	0.757	0.587	+0.038	-0.038	+0.028	-0.028	1.003	0.157	-0.012	0.641	0.937	0.013	0.76	0.069	0.916
	1.425	1.425	1.425		4.088	4.088	4.088		0.747	0.747	0.747	0.62	+0.031	-0.031	+0.028	-0.028	1.003	0.164	-0.012	0.641	0.951	-0.002	0.755	0.086	0.91
	1.476	1.476	1.476		4.1	4.1	4.1		0.734	0.734	0.734	0.645	+0.026	-0.026	+0.028	-0.028	1.004	0.195	-0.011	0.641	0.968	-0.008	0.725	0.145	0.898
	1.524	1.524	1.524		4.12	4.12	4.12		0.719	0.719	0.719	0.615	+0.021	-0.021	+0.028	-0.028	1.003	0.21	-0.011	0.641	0.973	-0.005	0.737	0.142	0.906
	1.575	1.575	1.575		4.105	4.105	4.105		0.706	0.706	0.706	0.624	+0.022	-0.022	+0.027	-0.027	1.003	0.182	-0.014	0.641	0.972	-0.01	0.785	0.083	0.915
	1.625	1.625	1.625		4.119	4.119	4.119		0.69	0.69	0.69	0.595	+0.02	-0.02	+0.026	-0.026	1.003	0.181	-0.013	0.641	0.975	-0.009	0.813	0.059	0.92
	1.675	1.675	1.675		4.118	4.118	4.118		0.674	0.674	0.674	0.571	+0.017	-0.017	+0.026	-0.026	1.002	0.203	-0.011	0.641	0.98	-0.009	0.83	0.051	0.917
	1.725	1.725	1.725		4.079	4.079	4.079		0.662	0.662	0.662	0.596	+0.015	-0.015	+0.025	-0.025	1.002	0.205	-0.011	0.641	0.981	-0.009	0.832	0.057	0.917
	1.775	1.775	1.775		4.101	4.101	4.101		0.641	0.641	0.641	0.601	+0.016	-0.016	+0.025	-0.025	1.002	0.191	-0.012	0.641	0.98	-0.017	0.836	0.067	0.922
	1.826	1.826	1.826		4.099	4.099	4.099		0.622	0.622	0.622	0.566	+0.015	-0.015	+0.024	-0.024	1.002	0.187	-0.012	0.641	0.979	-0.013	0.842	0.075	0.926
	1.876	1.876	1.876		4.102	4.102	4.102		0.601	0.601	0.601	0.516	+0.015	-0.015	+0.023	-0.023	1.002	0.187	-0.012	0.641	0.98	-0.019	0.851	0.077	0.931
	1.925	1.925	1.925		4.103	4.103	4.103		0.579	0.579	0.579	0.524	+0.014	-0.014	+0.023	-0.023	1.003	0.187	-0.012	0.641	0.98	-0.017	0.865	0.074	0.935
	1.975	1.975	1.975		4.094	4.094	4.094		0.557	0.557	0.557	0.531	+0.014	-0.014	+0.022	-0.022	1.004	0.186	-0.012	0.641	0.979	-0.011	0.881	0.068	0.939
	2.025	2.025	2.025		4.116	4.116	4.116		0.529	0.529	0.529	0.522	+0.013	-0.013	+0.022	-0.022	1.008	0.184	-0.012	0.641	0.977	-0.013	0.901	0.06	0.943
	2.075	2.075	2.075		4.105	4.105	4.105		0.505	0.505	0.505	0.519	+0.013	-0.013	+0.021	-0.021	1.01	0.183	-0.012	0.641	0.975	-0.015	0.917	0.054	0.946
	2.125	2.125	2.125		4.099	4.099	4.099		0.479	0.479	0.479	0.531	+0.012	-0.012	+0.021	-0.021	1.014	0.182	-0.011	0.642	0.973	-0.017	0.931	0.05	0.949
	2.175	2.175	2.175		4.077	4.077	4.077		0.454	0.454	0.454	0.527	+0.013	-0.013	+0.02	-0.02	1.017	0.181	-0.011	0.642	0.969	-0.02	0.943	0.047	0.952
	2.224	2.224	2.224		4.051	4.051	4.051		0.428	0.428	0.428	0.549	+0.013	-0.013	+0.02	-0.02	1.022	0.18	-0.011	0.642	0.965	-0.022	0.954	0.044	0.954
	2.273	2.273	2.273		4.036	4.036	4.036		0.4	0.4	0.4	0.505	+0.014	-0.014	+0.02	-0.02	1.036	0.179	-0.011	0.643	0.96	-0.026	0.965	0.042	0.957
	2.322	2.322	2.322		3.995	3.995	3.995		0.376	0.376	0.376	0.492	+0.016	-0.016	+0.02	-0.02	1.046	0.179	-0.011	0.644	0.953	-0.03	0.973	0.04	0.96
	2.371	2.371	2.371		3.959	3.959	3.959		0.349	0.349	0.349	0.49	+0.02	-0.02	+0.02	-0.02	1.061	0.178	-0.011	0.645	0.943	-0.036	0.982	0.038	0.963
	2.416	2.416	2.416		3.868	3.868	3.868		0.332	0.332	0.332	0.445	+0.03	-0.03	+0.02	-0.02	1.062	0.177	-0.011	0.645	0.929	-0.044	0.985	0.038	0.966
	1.227	1.227	1.227		4.898	4.898	4.898		0.708	0.708	0.708	-0.452	+0.086	-0.086	+0.021	-0.021	1.003	0.163	-0.261	0.641	0.876	-0.075	0.678	0.303	-0.75
	1.274	1.274	1.274		4.87	4.87	4.87		0.7	0.7	0.7	0.456	+0.065	-0.065	+0.024	-0.024	1.003	0.148	-0.015	0.641	0.895	-0.003	0.754	0.176	0.911
	1.325	1.325	1.325		4.856	4.856	4.856		0.69	0.69	0.69	0.493	+0.054	-0.054	+0.025	-0.025	1.002	0.148	-0.013	0.641	0.919	-0.002	0.822	0.084	0.919
	1.376	1.376	1.376		4.875	4.875	4.875		0.675	0.675	0.675	0.57	+0.045	-0.045	+0.026	-0.026	1.002	0.155	-0.012	0.641	0.938	0.01	0.852	0.057	0.916
	1.427	1.427	1.427		4.875	4.875	4.875		0.661	0.661	0.661	0.694	+0.04	-0.04	+0.027	-0.027	1.003	0.164	-0.012	0.641	0.951	0.0	0.851	0.069	0.91
	1.477	1.477	1.477		4.883	4.883	4.883		0.646	0.646	0.646	0.653	+0.031	-0.031	+0.026	-0.026	1.004	0.193	-0.011	0.641	0.966	-0.007	0.823	0.116	0.898
	1.526	1.526	1.526		4.892	4.892	4.892		0.63	0.63	0.63	0.644	+0.027	-0.027	+0.026	-0.026	1.005	0.207	-0.011	0.641	0.971	-0.007	0.836	0.11	0.902
	1.576	1.576	1.576		4.906	4.906	4.906		0.611	0.611	0.611	0.627	+0.028	-0.028	+0.025	-0.025	1.004	0.182	-0.013	0.641	0.971	-0.014	0.886	0.059	0.91
	1.626	1.626	1.626		4.898	4.898	4.898		0.595	0.595	0.595	0.651	+0.025	-0.025	+0.025	-0.025	1.002	0.182	-0.013	0.641	0.973	-0.013	0.909	0.041	0.914
	1.676	1.676	1.676		4.913	4.913	4.913		0.574	0.574	0.574	0.629	+0.021	-0.021	+0.024	-0.024	1.002	0.203	-0.011	0.641	0.978	-0.014	0.927	0.033	0.913
	1.725	1.725	1.725		4.877	4.877	4.877		0.559	0.559	0.559	0.635	+0.02	-0.02	+0.023	-0.023	1.003	0.206	-0.011	0.641	0.979	-0.011	0.93	0.036	0.913
	1.776	1.776	1.776		4.855	4.855	4.855		0.542	0.542	0.542	0.6	+0.02	-0.02	+0.023	-0.023	1.004	0.193	-0.012	0.642	0.978	-0.019	0.93	0.043	0.917
	1.826	1.826	1.826		4.86	4.86	4.86		0.519	0.519	0.519	0.576	+0.02	-0.02	+0.022	-0.022	1.007	0.191	-0.012	0.642	0.977	-0.019	0.937	0.047	0.921
	1.875	1.875	1.875		4.844	4.844	4.844		0.499	0.499	0.499	0.574	+0.02	-0.02	+0.022	-0.022	1.008	0.191	-0.012	0.642	0.977	-0.021	0.943	0.048	0.925
	1.924	1.924	1.924		4.811	4.811	4.811		0.48	0.48	0.48	0.533	+0.02	-0.02	+0.022	-0.022	1.011	0.191	-0.012	0.642	0.975	-0.02	0.951	0.047	0.929
	1.973	1.973	1.973		4.758	4.758	4.758		0.463	0.463	0.463	0.514	+0.021	-0.021	+0.021	-0.021	1.014	0.191	-0.012	0.643	0.974	-0.022	0.958	0.045	0.933
	2.024	2.024	2.024		4.734	4.734	4.734		0.441	0.441	0.441	0.541	+0.023	-0.023	+0.021	-0.021	1.018	0.189	-0.012	0.644	0.971	-0.022	0.969	0.041	0.936
	2.074	2.074	2.074		4.699	4.699	4.699		0.419	0.419	0.419	0.522	+0.027	-0.027	+0.021	-0.021	1.024	0.188	-0.012	0.645	0.967	-0.025	0.978	0.038	0.939
	2.124	2.124	2.124		4.664	4.664	4.664		0.397	0.397	0.397	0.59	+0.032	-0.032	+0.021	-0.021	1.032	0.187	-0.012	0.645	0.963	-0.029	0.986	0.036	0.942
	2.174	2.174	2.174		4.598	4.598	4.598		0.376	0.376	0.376	0.616	+0.04	-0.04	+0.02	-0.02	1.025	0.186	-0.012	0.645	0.956	-0.034	0.992	0.034	0.945
	2.214	2.214	2.214		4.556	4.556	4.556		0.357	0.357	0.357	0.473	+0.08	-0.08	+0.02	-0.02	1.031	0.185	-0.012	0.645	0.946	-0.039	0.998	0.033	0.948
	1.277	1.277	1.277		5.778	5.778	5.778		0.594	0.594	0.594	0.586	+0.099	-0.099	+0.022	-0.022	1.002	0.137	-0.017	0.642	0.886	-0.014	0.851	0.149	0.914
	1.326	1.326	1.326		5.775	5.775	5.775		0.58	0.58	0.58	0.61	+0.086	-0.086	+0.023	-0.023	1.004	0.142	-0.015	0.643	0.914	-0.017	0.92	0.068	0.924
	1.374	1.374	1.374		5.752	5.752	5.752		0.569	0.569	0.569	0.515	+0.07	-0.07	+0.024	-0.024	1.004	0.152	-0.013	0.643	0.934	0.002	0.945	0.045	0.921
	1.425	1.425	1.425		5.724	5.724	5.724		0.557	0.557	0.557	0.732	+0.06	-0.06	+0.025	-0.025	1.005	0.161	-0.012	0.642	0.948	-0.002	0.944	0.05	0.915
	1.476	1.476	1.476		5.695	5.695	5.695		0.543	0.543	0.543	0.678	+0.053	-0.053	+0.025	-0.025	1.007	0.188	-0.011	0.643	0.961	-0.008	0.919	0.085	0.904
	1.524	1.524	1.524		5.685	5.685	5.685		0.529	0.529	0.529	0.68	+0.047	-0.047	+0.025	-0.025	1.006	0.202	-0.011	0.643	0.967	-0.012	0.926	0.082	0.899
	1.576	1.576	1.576		5.631	5.631	5.631		0.517	0.517	0.517	0.674	+0.051	-0.051	+0.024	-0.024	1.008	0.18	-0.013	0.643	0.966	-0.021	0.964	0.043	0.905
	1.625	1.625	1.625		5.613	5.613	5.613		0.501	0.501	0.501	0.622	+0.054	-0.054	+0.023	-0.023	1.009	0.181	-0.013	0.644	0.968	-0.021	0.983	0.028	0.908
	1.674	1.674	1.674		5.597	5.597	5.597		0.484	0.484	0.484	0.581	+0.056	-0.056	+0.023	-0.023	1.014	0.199	-0.012	0.645	0.972	-0.023	0.993	0.023	0.909
	1.723	1.723	1.723		5.568	5.568	5.568		0.467	0.467	0.467	0.654	+0.056	-0.056	+0.023	-0.023	1.025	0.202	-0.012	0.645	0.972	-0.018	0.997	0.024	0.91
	1.771	1.771	1.771		5.503	5.503	5.503		0.455	0.455	0.455	0.746	+0.069	-0.069	+0.023	-0.023	1.033	0.193	-0.012	0.645	0.971	-0.025	0.995	0.029	0.913
	1.818	1.818	1.818		5.482	5.482	5.482		0.436	0.436	0.436	0.593	+0.086	-0.086	+0.022	-0.022	1.022	0.192	-0.012	0.645	0.969	-0.03	0.999	0.031	0.916

Path: /HepData/8619/d4-x1-y1
Results for G1(DEUT)/F1(DEUT) for the deuteron in bins of (W;Q**2), along with average kinematic values and correction factors for each bin. All values are averaged over the event distribution
Location: Table 8
RE : E- DEUT --> E- X
SQRT(S) : 5.1 GeV
x : W IN GEV
x2: Q**2 IN GEV**2
x3: EPSILON
y : G1(DEUT)/F1(DEUT) : CS : F : C1 : PB*PT : FRC : ARC : DPRIME : EPSILON*R : CG2 : C2AP
xdesc	x	xlow	xhigh	x2desc	x2	x2low	x2high	x3desc	x3	x3low	x3high	y	dy+	dy-	dy+	dy-	y	y	y	y	y	y	y	y	y	y	
	2.932	2.932	2.932		0.62	0.62	0.62		0.42	0.42	0.42	0.034	+0.057	-0.057	+0.013	-0.013	1.072	0.22	-0.044	0.236	0.825	-0.023	0.804	0.146	1.164	0.0
	2.969	2.969	2.969		0.595	0.595	0.595		0.39	0.39	0.39	0.1	+0.045	-0.045	+0.012	-0.012	1.086	0.223	-0.044	0.236	0.797	-0.026	0.821	0.138	1.166	0.004
	2.83	2.83	2.83		0.744	0.744	0.744		0.489	0.489	0.489	0.132	+0.047	-0.047	+0.015	-0.015	1.051	0.216	-0.044	0.233	0.876	-0.02	0.768	0.159	1.087	0.0
	2.877	2.877	2.877		0.718	0.718	0.718		0.453	0.453	0.453	0.028	+0.033	-0.033	+0.014	-0.014	1.059	0.217	-0.044	0.233	0.858	-0.022	0.789	0.151	1.09	0.005
	2.926	2.926	2.926		0.711	0.711	0.711		0.41	0.41	0.41	-0.006	+0.028	-0.028	+0.012	-0.012	1.075	0.22	-0.044	0.233	0.836	-0.025	0.814	0.14	1.092	0.019
	2.957	2.957	2.957		0.694	0.694	0.694		0.383	0.383	0.383	-0.025	+0.049	-0.049	+0.012	-0.012	1.101	0.222	-0.044	0.233	0.808	-0.029	0.829	0.133	1.096	0.016
	2.679	2.679	2.679		0.893	0.893	0.893		0.582	0.582	0.582	0.095	+0.056	-0.056	+0.018	-0.018	1.025	0.214	-0.044	0.226	0.92	-0.016	0.715	0.172	1.054	0.0
	2.727	2.727	2.727		0.87	0.87	0.87		0.55	0.55	0.55	0.062	+0.036	-0.036	+0.017	-0.017	1.032	0.214	-0.044	0.227	0.91	-0.017	0.736	0.166	1.058	0.03
	2.775	2.775	2.775		0.851	0.851	0.851		0.515	0.515	0.515	0.039	+0.027	-0.027	+0.016	-0.016	1.035	0.215	-0.044	0.228	0.898	-0.019	0.758	0.159	1.061	0.018
	2.826	2.826	2.826		0.85	0.85	0.85		0.474	0.474	0.474	0.022	+0.024	-0.024	+0.014	-0.014	1.046	0.217	-0.044	0.227	0.884	-0.021	0.784	0.149	1.064	0.018
	2.876	2.876	2.876		0.849	0.849	0.849		0.43	0.43	0.43	0.007	+0.022	-0.022	+0.013	-0.013	1.063	0.218	-0.044	0.227	0.866	-0.024	0.81	0.138	1.067	0.017
	2.922	2.922	2.922		0.835	0.835	0.835		0.391	0.391	0.391	-0.013	+0.022	-0.022	+0.012	-0.012	1.08	0.22	-0.044	0.227	0.844	-0.027	0.832	0.128	1.07	0.017
	2.481	2.481	2.481		1.076	1.076	1.076		0.681	0.681	0.681	0.141	+0.089	-0.089	+0.021	-0.021	1.008	0.213	-0.044	0.225	0.951	-0.012	0.65	0.178	1.028	0.0
	2.528	2.528	2.528		1.065	1.065	1.065		0.655	0.655	0.655	0.057	+0.045	-0.045	+0.02	-0.02	1.01	0.213	-0.044	0.225	0.946	-0.013	0.671	0.174	1.031	0.0
	2.577	2.577	2.577		1.044	1.044	1.044		0.628	0.628	0.628	0.099	+0.033	-0.033	+0.019	-0.019	1.014	0.213	-0.044	0.225	0.941	-0.014	0.691	0.17	1.034	0.013
	2.625	2.625	2.625		1.011	1.011	1.011		0.601	0.601	0.601	0.007	+0.027	-0.027	+0.019	-0.019	1.017	0.214	-0.044	0.225	0.934	-0.016	0.709	0.167	1.037	0.024
	2.675	2.675	2.675		1.006	1.006	1.006		0.567	0.567	0.567	0.081	+0.024	-0.024	+0.017	-0.017	1.02	0.214	-0.044	0.226	0.926	-0.017	0.733	0.16	1.041	0.021
	2.725	2.725	2.725		1.004	1.004	1.004		0.53	0.53	0.53	0.054	+0.022	-0.022	+0.016	-0.016	1.026	0.214	-0.044	0.226	0.916	-0.019	0.758	0.152	1.044	0.02
	2.775	2.775	2.775		1.004	1.004	1.004		0.49	0.49	0.49	0.068	+0.022	-0.022	+0.015	-0.015	1.036	0.215	-0.044	0.225	0.904	-0.021	0.784	0.143	1.047	0.019
	2.825	2.825	2.825		1.011	1.011	1.011		0.447	0.447	0.447	0.042	+0.021	-0.021	+0.014	-0.014	1.05	0.216	-0.044	0.226	0.889	-0.023	0.811	0.133	1.05	0.019
	2.875	2.875	2.875		1.008	1.008	1.008		0.403	0.403	0.403	0.002	+0.019	-0.019	+0.013	-0.013	1.071	0.218	-0.044	0.225	0.871	-0.026	0.836	0.122	1.053	0.019
	2.91	2.91	2.91		0.968	0.968	0.968		0.378	0.378	0.378	-0.021	+0.038	-0.038	+0.012	-0.012	1.097	0.22	-0.044	0.225	0.848	-0.031	0.847	0.118	1.056	0.02
	2.276	2.276	2.276		1.281	1.281	1.281		0.756	0.756	0.756	0.215	+0.068	-0.068	+0.024	-0.024	1.004	0.212	-0.044	0.223	0.966	-0.01	0.593	0.181	1.008	0.0
	2.328	2.328	2.328		1.254	1.254	1.254		0.736	0.736	0.736	0.158	+0.047	-0.047	+0.024	-0.024	1.004	0.212	-0.044	0.223	0.964	-0.01	0.612	0.177	1.011	0.0
	2.378	2.378	2.378		1.239	1.239	1.239		0.714	0.714	0.714	0.042	+0.037	-0.037	+0.023	-0.023	1.004	0.212	-0.044	0.224	0.962	-0.011	0.632	0.173	1.013	0.026
	2.426	2.426	2.426		1.212	1.212	1.212		0.692	0.692	0.692	0.05	+0.03	-0.03	+0.022	-0.022	1.005	0.213	-0.044	0.224	0.959	-0.012	0.65	0.17	1.016	0.022
	2.476	2.476	2.476		1.202	1.202	1.202		0.667	0.667	0.667	0.112	+0.026	-0.026	+0.021	-0.021	1.007	0.213	-0.044	0.224	0.955	-0.013	0.671	0.166	1.019	0.024
	2.526	2.526	2.526		1.201	1.201	1.201		0.637	0.637	0.637	0.106	+0.025	-0.025	+0.02	-0.02	1.009	0.213	-0.044	0.225	0.95	-0.014	0.695	0.16	1.022	0.022
	2.575	2.575	2.575		1.213	1.213	1.213		0.604	0.604	0.604	0.111	+0.023	-0.023	+0.019	-0.019	1.011	0.214	-0.044	0.225	0.946	-0.015	0.721	0.153	1.025	0.023
	2.626	2.626	2.626		1.201	1.201	1.201		0.572	0.572	0.572	0.098	+0.023	-0.023	+0.018	-0.018	1.015	0.214	-0.044	0.225	0.938	-0.017	0.743	0.148	1.028	0.024
	2.675	2.675	2.675		1.2	1.2	1.2		0.536	0.536	0.536	0.05	+0.022	-0.022	+0.017	-0.017	1.021	0.214	-0.044	0.224	0.93	-0.018	0.768	0.14	1.031	0.024
	2.725	2.725	2.725		1.201	1.201	1.201		0.498	0.498	0.498	0.07	+0.021	-0.021	+0.016	-0.016	1.031	0.215	-0.044	0.224	0.92	-0.02	0.792	0.132	1.034	0.024
	2.775	2.775	2.775		1.2	1.2	1.2		0.457	0.457	0.457	0.073	+0.02	-0.02	+0.015	-0.015	1.047	0.216	-0.044	0.224	0.908	-0.023	0.817	0.124	1.037	0.024
	2.826	2.826	2.826		1.205	1.205	1.205		0.412	0.412	0.412	0.059	+0.019	-0.019	+0.013	-0.013	1.07	0.216	-0.044	0.224	0.892	-0.026	0.843	0.113	1.041	0.024
	2.868	2.868	2.868		1.181	1.181	1.181		0.379	0.379	0.379	0.08	+0.025	-0.025	+0.012	-0.012	1.094	0.218	-0.044	0.224	0.873	-0.03	0.86	0.107	1.044	0.024
	2.029	2.029	2.029		1.508	1.508	1.508		0.821	0.821	0.821	0.3	+0.073	-0.073	+0.028	-0.028	1.006	0.211	-0.044	0.224	0.974	-0.004	0.517	0.226	0.991	0.0
	2.079	2.079	2.079		1.492	1.492	1.492		0.807	0.807	0.807	0.242	+0.059	-0.059	+0.028	-0.028	1.006	0.212	-0.044	0.224	0.973	-0.005	0.54	0.205	0.991	0.035
	2.125	2.125	2.125		1.472	1.472	1.472		0.794	0.794	0.794	0.109	+0.045	-0.045	+0.027	-0.027	1.006	0.212	-0.044	0.224	0.973	-0.007	0.559	0.192	0.993	0.029
	2.175	2.175	2.175		1.453	1.453	1.453		0.777	0.777	0.777	0.234	+0.036	-0.036	+0.026	-0.026	1.004	0.212	-0.044	0.224	0.971	-0.008	0.579	0.181	0.996	0.032
	2.225	2.225	2.225		1.445	1.445	1.445		0.758	0.758	0.758	0.156	+0.033	-0.033	+0.026	-0.026	1.004	0.212	-0.044	0.224	0.97	-0.009	0.6	0.173	0.998	0.031
	2.274	2.274	2.274		1.437	1.437	1.437		0.738	0.738	0.738	0.123	+0.031	-0.031	+0.025	-0.025	1.004	0.213	-0.044	0.224	0.968	-0.01	0.621	0.166	1.001	0.028
	2.324	2.324	2.324		1.429	1.429	1.429		0.716	0.716	0.716	0.175	+0.028	-0.028	+0.024	-0.024	1.003	0.213	-0.044	0.224	0.967	-0.011	0.643	0.161	1.004	0.027
	2.374	2.374	2.374		1.431	1.431	1.431		0.691	0.691	0.691	0.113	+0.027	-0.027	+0.023	-0.023	1.003	0.213	-0.044	0.224	0.964	-0.012	0.666	0.155	1.006	0.03
	2.425	2.425	2.425		1.437	1.437	1.437		0.663	0.663	0.663	0.143	+0.025	-0.025	+0.022	-0.022	1.004	0.213	-0.044	0.224	0.961	-0.013	0.69	0.149	1.009	0.026
	2.476	2.476	2.476		1.439	1.439	1.439		0.633	0.633	0.633	0.11	+0.024	-0.024	+0.021	-0.021	1.007	0.214	-0.044	0.224	0.958	-0.014	0.714	0.144	1.012	0.027
	2.525	2.525	2.525		1.434	1.434	1.434		0.604	0.604	0.604	0.107	+0.023	-0.023	+0.02	-0.02	1.009	0.214	-0.044	0.224	0.953	-0.015	0.736	0.139	1.015	0.027
	2.575	2.575	2.575		1.436	1.436	1.436		0.57	0.57	0.57	0.129	+0.023	-0.023	+0.019	-0.019	1.014	0.214	-0.044	0.223	0.948	-0.016	0.76	0.132	1.018	0.028
	2.626	2.626	2.626		1.435	1.435	1.435		0.535	0.535	0.535	0.086	+0.021	-0.021	+0.018	-0.018	1.019	0.215	-0.044	0.224	0.941	-0.018	0.784	0.126	1.021	0.028
	2.676	2.676	2.676		1.429	1.429	1.429		0.499	0.499	0.499	0.137	+0.021	-0.021	+0.017	-0.017	1.027	0.215	-0.044	0.224	0.932	-0.02	0.806	0.12	1.024	0.027
	2.725	2.725	2.725		1.43	1.43	1.43		0.459	0.459	0.459	0.092	+0.02	-0.02	+0.016	-0.016	1.045	0.216	-0.044	0.223	0.922	-0.022	0.83	0.112	1.027	0.028
	2.775	2.775	2.775		1.427	1.427	1.427		0.418	0.418	0.418	0.067	+0.02	-0.02	+0.014	-0.014	1.066	0.216	-0.044	0.223	0.908	-0.025	0.853	0.103	1.03	0.028
	2.821	2.821	2.821		1.417	1.417	1.417		0.379	0.379	0.379	0.059	+0.022	-0.022	+0.013	-0.013	1.09	0.217	-0.044	0.223	0.892	-0.029	0.873	0.096	1.033	0.029
	1.676	1.676	1.676		1.785	1.785	1.785		0.882	0.882	0.882	0.271	+0.077	-0.077	+0.036	-0.036	1.002	0.226	-0.044	0.223	0.973	-0.004	0.467	0.219	0.97	0.039
	1.726	1.726	1.726		1.778	1.778	1.778		0.873	0.873	0.873	0.267	+0.066	-0.066	+0.035	-0.035	1.002	0.225	-0.044	0.223	0.974	-0.007	0.472	0.23	0.969	0.041
	1.775	1.775	1.775		1.763	1.763	1.763		0.864	0.864	0.864	0.35	+0.059	-0.059	+0.033	-0.033	1.003	0.219	-0.044	0.223	0.975	-0.01	0.478	0.238	0.969	0.042
	1.826	1.826	1.826		1.743	1.743	1.743		0.854	0.854	0.854	0.292	+0.052	-0.052	+0.031	-0.031	1.004	0.215	-0.044	0.223	0.975	-0.012	0.481	0.254	0.972	0.036
	1.876	1.876	1.876		1.719	1.719	1.719		0.844	0.844	0.844	0.218	+0.049	-0.049	+0.03	-0.03	1.004	0.214	-0.044	0.223	0.976	-0.015	0.487	0.264	0.977	0.032
	1.925	1.925	1.925		1.708	1.708	1.708		0.833	0.833	0.833	0.083	+0.043	-0.043	+0.029	-0.029	1.004	0.214	-0.044	0.223	0.976	-0.015	0.501	0.257	0.982	0.031
	1.976	1.976	1.976		1.702	1.702	1.702		0.819	0.819	0.819	0.286	+0.039	-0.039	+0.029	-0.029	1.005	0.213	-0.044	0.223	0.976	-0.009	0.524	0.235	0.982	0.031
	2.025	2.025	2.025		1.702	1.702	1.702		0.804	0.804	0.804	0.204	+0.038	-0.038	+0.029	-0.029	1.005	0.213	-0.044	0.223	0.976	-0.004	0.55	0.209	0.983	0.031
	2.074	2.074	2.074		1.705	1.705	1.705		0.787	0.787	0.787	0.214	+0.034	-0.034	+0.028	-0.028	1.004	0.213	-0.044	0.223	0.976	-0.005	0.576	0.188	0.984	0.034
	2.126	2.126	2.126		1.699	1.699	1.699		0.769	0.769	0.769	0.193	+0.033	-0.033	+0.028	-0.028	1.004	0.214	-0.044	0.223	0.975	-0.006	0.6	0.171	0.986	0.033
	2.175	2.175	2.175		1.718	1.718	1.718		0.747	0.747	0.747	0.212	+0.031	-0.031	+0.027	-0.027	1.003	0.213	-0.044	0.224	0.974	-0.008	0.627	0.158	0.989	0.034
	2.226	2.226	2.226		1.713	1.713	1.713		0.727	0.727	0.727	0.223	+0.03	-0.03	+0.026	-0.026	1.002	0.213	-0.044	0.224	0.973	-0.009	0.649	0.149	0.992	0.033
	2.275	2.275	2.275		1.712	1.712	1.712		0.704	0.704	0.704	0.196	+0.027	-0.027	+0.025	-0.025	1.002	0.214	-0.044	0.223	0.971	-0.01	0.671	0.143	0.994	0.033
	2.325	2.325	2.325		1.708	1.708	1.708		0.68	0.68	0.68	0.138	+0.026	-0.026	+0.024	-0.024	1.003	0.214	-0.044	0.223	0.969	-0.011	0.692	0.137	0.997	0.033
	2.375	2.375	2.375		1.695	1.695	1.695		0.655	0.655	0.655	0.118	+0.025	-0.025	+0.023	-0.023	1.004	0.214	-0.044	0.223	0.966	-0.012	0.713	0.133	1.0	0.034
	2.425	2.425	2.425		1.709	1.709	1.709		0.625	0.625	0.625	0.119	+0.025	-0.025	+0.022	-0.022	1.007	0.215	-0.044	0.223	0.963	-0.014	0.737	0.127	1.002	0.035
	2.475	2.475	2.475		1.717	1.717	1.717		0.594	0.594	0.594	0.141	+0.023	-0.023	+0.021	-0.021	1.009	0.215	-0.044	0.223	0.96	-0.015	0.761	0.121	1.005	0.034
	2.525	2.525	2.525		1.715	1.715	1.715		0.561	0.561	0.561	0.145	+0.022	-0.022	+0.02	-0.02	1.012	0.215	-0.044	0.223	0.955	-0.017	0.783	0.116	1.008	0.034
	2.576	2.576	2.576		1.703	1.703	1.703		0.528	0.528	0.528	0.118	+0.021	-0.021	+0.019	-0.019	1.019	0.215	-0.044	0.223	0.949	-0.018	0.804	0.111	1.011	0.035
	2.627	2.627	2.627		1.711	1.711	1.711		0.49	0.49	0.49	0.117	+0.021	-0.021	+0.018	-0.018	1.03	0.216	-0.044	0.222	0.942	-0.021	0.828	0.104	1.014	0.033
	2.675	2.675	2.675		1.699	1.699	1.699		0.454	0.454	0.454	0.109	+0.021	-0.021	+0.017	-0.017	1.045	0.216	-0.044	0.222	0.933	-0.023	0.848	0.099	1.017	0.033
	2.724	2.724	2.724		1.713	1.713	1.713		0.411	0.411	0.411	0.128	+0.02	-0.02	+0.016	-0.016	1.067	0.216	-0.044	0.223	0.921	-0.026	0.872	0.09	1.02	0.033
	2.771	2.771	2.771		1.675	1.675	1.675		0.377	0.377	0.377	0.098	+0.022	-0.022	+0.015	-0.015	1.09	0.217	-0.044	0.223	0.905	-0.03	0.888	0.085	1.024	0.034
	2.806	2.806	2.806		1.589	1.589	1.589		0.362	0.362	0.362	0.157	+0.097	-0.097	+0.015	-0.015	1.127	0.217	-0.044	0.223	0.886	-0.035	0.891	0.085	1.027	0.032
	1.325	1.325	1.325		2.063	2.063	2.063		0.913	0.913	0.913	0.239	+0.097	-0.097	+0.031	-0.031	1.001	0.223	-0.044	0.223	0.923	0.008	0.49	0.132	0.954	0.02
	1.377	1.377	1.377		2.047	2.047	2.047		0.908	0.908	0.908	0.245	+0.086	-0.086	+0.035	-0.035	1.001	0.216	-0.044	0.223	0.935	0.013	0.491	0.137	0.953	0.026
	1.428	1.428	1.428		2.049	2.049	2.049		0.901	0.901	0.901	0.272	+0.08	-0.08	+0.038	-0.038	1.001	0.217	-0.044	0.223	0.947	0.007	0.487	0.16	0.951	0.029
	1.477	1.477	1.477		2.04	2.04	2.04		0.895	0.895	0.895	0.412	+0.073	-0.073	+0.039	-0.039	1.001	0.224	-0.044	0.223	0.957	0.005	0.469	0.217	0.949	0.043
	1.526	1.526	1.526		2.044	2.044	2.044		0.888	0.888	0.888	0.433	+0.067	-0.067	+0.039	-0.039	1.002	0.227	-0.044	0.223	0.964	0.002	0.476	0.218	0.95	0.042
	1.575	1.575	1.575		2.033	2.033	2.033		0.881	0.881	0.881	0.402	+0.061	-0.061	+0.038	-0.038	1.002	0.222	-0.044	0.223	0.968	-0.002	0.5	0.175	0.955	0.041
	1.624	1.624	1.624		2.029	2.029	2.029		0.873	0.873	0.873	0.376	+0.055	-0.055	+0.037	-0.037	1.003	0.222	-0.044	0.223	0.971	-0.002	0.51	0.171	0.958	0.04
	1.676	1.676	1.676		2.053	2.053	2.053		0.861	0.861	0.861	0.373	+0.05	-0.05	+0.036	-0.036	1.003	0.229	-0.044	0.223	0.975	-0.005	0.517	0.186	0.957	0.046
	1.727	1.727	1.727		2.026	2.026	2.026		0.853	0.853	0.853	0.406	+0.049	-0.049	+0.035	-0.035	1.004	0.228	-0.044	0.223	0.977	-0.007	0.518	0.2	0.956	0.046
	1.776	1.776	1.776		2.04	2.04	2.04		0.841	0.841	0.841	0.274	+0.049	-0.049	+0.034	-0.034	1.004	0.222	-0.044	0.223	0.977	-0.011	0.527	0.208	0.957	0.04
	1.826	1.826	1.826		2.047	2.047	2.047		0.828	0.828	0.828	0.365	+0.045	-0.045	+0.032	-0.032	1.004	0.218	-0.044	0.223	0.977	-0.011	0.534	0.222	0.96	0.038
	1.877	1.877	1.877		2.041	2.041	2.041		0.815	0.815	0.815	0.247	+0.044	-0.044	+0.031	-0.031	1.004	0.216	-0.044	0.223	0.978	-0.015	0.543	0.23	0.966	0.037
	1.925	1.925	1.925		2.043	2.043	2.043		0.801	0.801	0.801	0.306	+0.041	-0.041	+0.03	-0.03	1.005	0.216	-0.044	0.223	0.978	-0.015	0.56	0.222	0.97	0.039
	1.975	1.975	1.975		2.045	2.045	2.045		0.785	0.785	0.785	0.259	+0.037	-0.037	+0.03	-0.03	1.005	0.216	-0.044	0.223	0.978	-0.008	0.584	0.201	0.973	0.037
	2.027	2.027	2.027		2.036	2.036	2.036		0.768	0.768	0.768	0.258	+0.035	-0.035	+0.029	-0.029	1.004	0.215	-0.044	0.223	0.978	-0.004	0.609	0.178	0.974	0.04
	2.076	2.076	2.076		2.044	2.044	2.044		0.75	0.75	0.75	0.268	+0.033	-0.033	+0.029	-0.029	1.003	0.215	-0.044	0.223	0.977	-0.005	0.636	0.158	0.977	0.042
	2.127	2.127	2.127		2.038	2.038	2.038		0.73	0.73	0.73	0.251	+0.031	-0.031	+0.028	-0.028	1.002	0.215	-0.044	0.223	0.977	-0.007	0.66	0.144	0.979	0.041
	2.175	2.175	2.175		2.043	2.043	2.043		0.709	0.709	0.709	0.265	+0.03	-0.03	+0.027	-0.027	1.002	0.216	-0.044	0.223	0.976	-0.008	0.684	0.133	0.982	0.042
	2.225	2.225	2.225		2.02	2.02	2.02		0.689	0.689	0.689	0.208	+0.028	-0.028	+0.027	-0.027	1.002	0.215	-0.044	0.222	0.974	-0.009	0.702	0.127	0.985	0.045
	2.276	2.276	2.276		2.05	2.05	2.05		0.66	0.66	0.66	0.207	+0.028	-0.028	+0.025	-0.025	1.003	0.215	-0.044	0.222	0.973	-0.011	0.729	0.119	0.987	0.042
	2.324	2.324	2.324		2.033	2.033	2.033		0.637	0.637	0.637	0.177	+0.026	-0.026	+0.025	-0.025	1.004	0.215	-0.044	0.223	0.97	-0.012	0.747	0.115	0.99	0.04
	2.375	2.375	2.375		2.034	2.034	2.034		0.608	0.608	0.608	0.173	+0.024	-0.024	+0.024	-0.024	1.007	0.216	-0.044	0.223	0.968	-0.013	0.769	0.11	0.993	0.04
	2.425	2.425	2.425		2.036	2.036	2.036		0.578	0.578	0.578	0.21	+0.024	-0.024	+0.022	-0.022	1.009	0.216	-0.044	0.222	0.964	-0.015	0.79	0.105	0.996	0.041
	2.476	2.476	2.476		2.036	2.036	2.036		0.545	0.545	0.545	0.185	+0.024	-0.024	+0.021	-0.021	1.013	0.216	-0.044	0.222	0.96	-0.016	0.812	0.1	0.999	0.039
	2.525	2.525	2.525		2.039	2.039	2.039		0.51	0.51	0.51	0.18	+0.023	-0.023	+0.02	-0.02	1.018	0.216	-0.044	0.222	0.955	-0.018	0.834	0.095	1.002	0.041
	2.575	2.575	2.575		2.038	2.038	2.038		0.474	0.474	0.474	0.16	+0.023	-0.023	+0.019	-0.019	1.031	0.216	-0.044	0.222	0.949	-0.021	0.855	0.089	1.005	0.04
	2.624	2.624	2.624		2.03	2.03	2.03		0.438	0.438	0.438	0.186	+0.023	-0.023	+0.018	-0.018	1.048	0.216	-0.044	0.223	0.94	-0.024	0.874	0.084	1.008	0.041
	2.674	2.674	2.674		2.032	2.032	2.032		0.397	0.397	0.397	0.156	+0.021	-0.021	+0.017	-0.017	1.07	0.216	-0.044	0.223	0.929	-0.027	0.895	0.077	1.011	0.041
	2.72	2.72	2.72		1.977	1.977	1.977		0.368	0.368	0.368	0.153	+0.029	-0.029	+0.016	-0.016	1.094	0.217	-0.044	0.223	0.915	-0.031	0.906	0.074	1.014	0.04
	1.278	1.278	1.278		2.46	2.46	2.46		0.893	0.893	0.893	0.067	+0.099	-0.099	+0.028	-0.028	1.001	0.23	-0.044	0.223	0.91	-0.009	0.531	0.146	0.931	0.015
	1.324	1.324	1.324		2.41	2.41	2.41		0.891	0.891	0.891	0.179	+0.093	-0.093	+0.031	-0.031	1.002	0.222	-0.044	0.223	0.926	0.009	0.541	0.12	0.935	0.024
	1.375	1.375	1.375		2.432	2.432	2.432		0.883	0.883	0.883	0.342	+0.081	-0.081	+0.035	-0.035	1.002	0.216	-0.044	0.223	0.938	0.014	0.552	0.116	0.937	0.03
	1.428	1.428	1.428		2.433	2.433	2.433		0.875	0.875	0.875	0.078	+0.076	-0.076	+0.038	-0.038	1.002	0.219	-0.044	0.223	0.95	0.007	0.546	0.141	0.938	0.042
	1.48	1.48	1.48		2.433	2.433	2.433		0.867	0.867	0.867	0.256	+0.072	-0.072	+0.04	-0.04	1.002	0.226	-0.044	0.223	0.96	0.003	0.523	0.208	0.938	0.054
	1.531	1.531	1.531		2.44	2.44	2.44		0.858	0.858	0.858	0.367	+0.065	-0.065	+0.04	-0.04	1.003	0.229	-0.044	0.223	0.967	0.001	0.536	0.198	0.94	0.05
	1.579	1.579	1.579		2.425	2.425	2.425		0.851	0.851	0.851	0.384	+0.061	-0.061	+0.039	-0.039	1.003	0.225	-0.044	0.223	0.97	-0.003	0.565	0.149	0.945	0.048
	1.627	1.627	1.627		2.437	2.437	2.437		0.84	0.84	0.84	0.403	+0.054	-0.054	+0.038	-0.038	1.004	0.226	-0.044	0.223	0.974	-0.004	0.581	0.138	0.95	0.048
	1.676	1.676	1.676		2.436	2.436	2.436		0.829	0.829	0.829	0.325	+0.049	-0.049	+0.037	-0.037	1.004	0.231	-0.044	0.223	0.977	-0.006	0.588	0.144	0.952	0.057
	1.725	1.725	1.725		2.419	2.419	2.419		0.819	0.819	0.819	0.281	+0.046	-0.046	+0.036	-0.036	1.004	0.232	-0.044	0.223	0.979	-0.008	0.59	0.156	0.953	0.057
	1.775	1.775	1.775		2.425	2.425	2.425		0.806	0.806	0.806	0.339	+0.044	-0.044	+0.035	-0.035	1.004	0.225	-0.044	0.223	0.979	-0.011	0.595	0.17	0.955	0.05
	1.826	1.826	1.826		2.425	2.425	2.425		0.792	0.792	0.792	0.346	+0.044	-0.044	+0.033	-0.033	1.004	0.221	-0.044	0.223	0.979	-0.01	0.6	0.185	0.957	0.046
	1.876	1.876	1.876		2.427	2.427	2.427		0.777	0.777	0.777	0.285	+0.043	-0.043	+0.032	-0.032	1.004	0.219	-0.044	0.222	0.979	-0.014	0.61	0.191	0.961	0.047
	1.925	1.925	1.925		2.427	2.427	2.427		0.761	0.761	0.761	0.359	+0.043	-0.043	+0.031	-0.031	1.004	0.218	-0.044	0.222	0.98	-0.016	0.627	0.184	0.964	0.045
	1.975	1.975	1.975		2.43	2.43	2.43		0.744	0.744	0.744	0.231	+0.037	-0.037	+0.031	-0.031	1.003	0.219	-0.044	0.222	0.979	-0.008	0.65	0.166	0.966	0.042
	2.026	2.026	2.026		2.42	2.42	2.42		0.726	0.726	0.726	0.256	+0.037	-0.037	+0.03	-0.03	1.002	0.218	-0.044	0.222	0.979	-0.004	0.675	0.147	0.967	0.047
	2.075	2.075	2.075		2.426	2.426	2.426		0.705	0.705	0.705	0.274	+0.034	-0.034	+0.03	-0.03	1.002	0.217	-0.044	0.222	0.978	-0.006	0.701	0.13	0.969	0.048
	2.124	2.124	2.124		2.42	2.42	2.42		0.685	0.685	0.685	0.274	+0.033	-0.033	+0.029	-0.029	1.002	0.217	-0.044	0.222	0.978	-0.008	0.723	0.118	0.972	0.05
	2.175	2.175	2.175		2.434	2.434	2.434		0.659	0.659	0.659	0.273	+0.03	-0.03	+0.028	-0.028	1.002	0.218	-0.044	0.222	0.977	-0.009	0.748	0.108	0.975	0.051
	2.226	2.226	2.226		2.411	2.411	2.411		0.637	0.637	0.637	0.235	+0.029	-0.029	+0.027	-0.027	1.003	0.218	-0.044	0.222	0.975	-0.011	0.766	0.103	0.978	0.051
	2.275	2.275	2.275		2.43	2.43	2.43		0.608	0.608	0.608	0.199	+0.029	-0.029	+0.026	-0.026	1.005	0.218	-0.044	0.222	0.973	-0.012	0.789	0.096	0.98	0.05
	2.325	2.325	2.325		2.433	2.433	2.433		0.579	0.579	0.579	0.22	+0.028	-0.028	+0.025	-0.025	1.008	0.218	-0.044	0.222	0.97	-0.013	0.81	0.092	0.983	0.048
	2.375	2.375	2.375		2.427	2.427	2.427		0.55	0.55	0.55	0.278	+0.027	-0.027	+0.024	-0.024	1.012	0.217	-0.044	0.222	0.967	-0.015	0.829	0.088	0.986	0.049
	2.426	2.426	2.426		2.426	2.426	2.426		0.517	0.517	0.517	0.207	+0.026	-0.026	+0.023	-0.023	1.017	0.217	-0.044	0.222	0.964	-0.017	0.849	0.083	0.989	0.046
	2.475	2.475	2.475		2.42	2.42	2.42		0.485	0.485	0.485	0.265	+0.026	-0.026	+0.022	-0.022	1.024	0.217	-0.044	0.222	0.959	-0.019	0.867	0.079	0.992	0.049
	2.525	2.525	2.525		2.425	2.425	2.425		0.447	0.447	0.447	0.2	+0.026	-0.026	+0.021	-0.021	1.037	0.217	-0.044	0.223	0.952	-0.022	0.887	0.074	0.995	0.052
	2.575	2.575	2.575		2.425	2.425	2.425		0.409	0.409	0.409	0.195	+0.025	-0.025	+0.02	-0.02	1.054	0.217	-0.044	0.223	0.944	-0.025	0.906	0.069	0.998	0.05
	2.624	2.624	2.624		2.396	2.396	2.396		0.375	0.375	0.375	0.188	+0.027	-0.027	+0.019	-0.019	1.076	0.217	-0.044	0.222	0.934	-0.029	0.921	0.065	1.001	0.05
	2.665	2.665	2.665		2.31	2.31	2.31		0.356	0.356	0.356	0.21	+0.048	-0.048	+0.019	-0.019	1.097	0.217	-0.044	0.222	0.919	-0.034	0.926	0.063	1.004	0.05
	1.372	1.372	1.372		2.87	2.87	2.87		0.852	0.852	0.852	0.352	+0.09	-0.09	+0.036	-0.036	1.002	0.215	-0.044	0.223	0.942	0.016	0.618	0.097	0.923	0.04
	1.428	1.428	1.428		2.891	2.891	2.891		0.841	0.841	0.841	0.318	+0.076	-0.076	+0.039	-0.039	1.002	0.221	-0.044	0.222	0.954	0.006	0.614	0.122	0.925	0.052
	1.478	1.478	1.478		2.851	2.851	2.851		0.835	0.835	0.835	0.509	+0.082	-0.082	+0.04	-0.04	1.003	0.229	-0.044	0.222	0.963	0.001	0.581	0.191	0.927	0.059
	1.525	1.525	1.525		2.919	2.919	2.919		0.82	0.82	0.82	0.482	+0.071	-0.071	+0.04	-0.04	1.003	0.231	-0.044	0.222	0.969	-0.001	0.599	0.186	0.929	0.064
	1.575	1.575	1.575		2.875	2.875	2.875		0.813	0.813	0.813	0.372	+0.062	-0.062	+0.039	-0.039	1.003	0.229	-0.044	0.222	0.972	-0.004	0.633	0.129	0.935	0.055
	1.624	1.624	1.624		2.888	2.888	2.888		0.801	0.801	0.801	0.399	+0.058	-0.058	+0.038	-0.038	1.004	0.23	-0.044	0.222	0.976	-0.005	0.655	0.108	0.939	0.056
	1.674	1.674	1.674		2.888	2.888	2.888		0.788	0.788	0.788	0.436	+0.051	-0.051	+0.037	-0.037	1.004	0.234	-0.044	0.222	0.978	-0.008	0.667	0.106	0.941	0.07
	1.726	1.726	1.726		2.881	2.881	2.881		0.775	0.775	0.775	0.445	+0.05	-0.05	+0.036	-0.036	1.004	0.234	-0.044	0.222	0.98	-0.009	0.672	0.116	0.942	0.065
	1.776	1.776	1.776		2.902	2.902	2.902		0.758	0.758	0.758	0.359	+0.047	-0.047	+0.035	-0.035	1.003	0.229	-0.044	0.222	0.98	-0.011	0.678	0.131	0.944	0.06
	1.826	1.826	1.826		2.901	2.901	2.901		0.743	0.743	0.743	0.416	+0.046	-0.046	+0.034	-0.034	1.003	0.224	-0.044	0.222	0.98	-0.01	0.682	0.144	0.947	0.057
	1.877	1.877	1.877		2.9	2.9	2.9		0.725	0.725	0.725	0.346	+0.044	-0.044	+0.033	-0.033	1.002	0.222	-0.044	0.222	0.98	-0.014	0.691	0.149	0.95	0.053
	1.925	1.925	1.925		2.893	2.893	2.893		0.709	0.709	0.709	0.375	+0.043	-0.043	+0.032	-0.032	1.002	0.22	-0.044	0.222	0.98	-0.016	0.706	0.144	0.953	0.056
	1.975	1.975	1.975		2.898	2.898	2.898		0.689	0.689	0.689	0.302	+0.041	-0.041	+0.032	-0.032	1.001	0.22	-0.044	0.222	0.98	-0.009	0.729	0.129	0.956	0.055
	2.025	2.025	2.025		2.876	2.876	2.876		0.67	0.67	0.67	0.229	+0.037	-0.037	+0.031	-0.031	1.002	0.221	-0.044	0.222	0.98	-0.006	0.75	0.115	0.959	0.058
	2.074	2.074	2.074		2.871	2.871	2.871		0.649	0.649	0.649	0.286	+0.038	-0.038	+0.031	-0.031	1.002	0.22	-0.044	0.222	0.979	-0.008	0.772	0.103	0.961	0.058
	2.124	2.124	2.124		2.874	2.874	2.874		0.625	0.625	0.625	0.291	+0.033	-0.033	+0.03	-0.03	1.003	0.22	-0.044	0.222	0.977	-0.01	0.795	0.093	0.964	0.06
	2.176	2.176	2.176		2.895	2.895	2.895		0.596	0.596	0.596	0.295	+0.034	-0.034	+0.029	-0.029	1.005	0.22	-0.044	0.222	0.976	-0.011	0.819	0.084	0.967	0.063
	2.225	2.225	2.225		2.889	2.889	2.889		0.57	0.57	0.57	0.343	+0.032	-0.032	+0.028	-0.028	1.007	0.221	-0.044	0.222	0.974	-0.013	0.837	0.079	0.97	0.06
	2.275	2.275	2.275		2.895	2.895	2.895		0.54	0.54	0.54	0.26	+0.031	-0.031	+0.027	-0.027	1.01	0.22	-0.044	0.222	0.971	-0.015	0.857	0.075	0.973	0.06
	2.325	2.325	2.325		2.88	2.88	2.88		0.511	0.511	0.511	0.216	+0.031	-0.031	+0.026	-0.026	1.014	0.219	-0.044	0.223	0.968	-0.017	0.873	0.071	0.976	0.058
	2.376	2.376	2.376		2.891	2.891	2.891		0.477	0.477	0.477	0.262	+0.03	-0.03	+0.025	-0.025	1.022	0.219	-0.044	0.223	0.964	-0.019	0.892	0.067	0.979	0.06
	2.425	2.425	2.425		2.879	2.879	2.879		0.445	0.445	0.445	0.265	+0.031	-0.031	+0.024	-0.024	1.03	0.219	-0.044	0.222	0.959	-0.022	0.908	0.063	0.982	0.059
	2.475	2.475	2.475		2.879	2.879	2.879		0.408	0.408	0.408	0.222	+0.03	-0.03	+0.023	-0.023	1.048	0.219	-0.044	0.221	0.952	-0.025	0.925	0.059	0.985	0.057
	2.523	2.523	2.523		2.853	2.853	2.853		0.376	0.376	0.376	0.238	+0.033	-0.033	+0.022	-0.022	1.073	0.22	-0.044	0.22	0.945	-0.028	0.939	0.055	0.988	0.059
	2.57	2.57	2.57		2.766	2.766	2.766		0.354	0.354	0.354	0.192	+0.049	-0.049	+0.022	-0.022	1.094	0.22	-0.044	0.219	0.932	-0.033	0.945	0.054	0.991	0.058
	1.375	1.375	1.375		3.45	3.45	3.45		0.803	0.803	0.803	0.369	+0.096	-0.096	+0.038	-0.038	1.005	0.214	-0.044	0.222	0.945	0.018	0.699	0.081	0.916	0.057
	1.426	1.426	1.426		3.453	3.453	3.453		0.792	0.792	0.792	0.425	+0.098	-0.098	+0.04	-0.04	1.005	0.221	-0.044	0.222	0.956	0.006	0.695	0.1	0.917	0.066
	1.475	1.475	1.475		3.42	3.42	3.42		0.785	0.785	0.785	0.489	+0.083	-0.083	+0.041	-0.041	1.005	0.23	-0.044	0.222	0.965	-0.003	0.66	0.166	0.919	0.079
	1.525	1.525	1.525		3.457	3.457	3.457		0.769	0.769	0.769	0.459	+0.083	-0.083	+0.041	-0.041	1.005	0.23	-0.044	0.222	0.97	-0.001	0.673	0.165	0.923	0.074
	1.575	1.575	1.575		3.424	3.424	3.424		0.76	0.76	0.76	0.469	+0.068	-0.068	+0.04	-0.04	1.004	0.231	-0.044	0.222	0.974	-0.005	0.715	0.104	0.927	0.065
	1.625	1.625	1.625		3.444	3.444	3.444		0.745	0.745	0.745	0.433	+0.065	-0.065	+0.039	-0.039	1.004	0.234	-0.044	0.222	0.977	-0.006	0.742	0.081	0.93	0.07
	1.675	1.675	1.675		3.433	3.433	3.433		0.731	0.731	0.731	0.362	+0.059	-0.059	+0.038	-0.038	1.003	0.236	-0.044	0.222	0.979	-0.01	0.756	0.074	0.932	0.081
	1.724	1.724	1.724		3.425	3.425	3.425		0.717	0.717	0.717	0.347	+0.054	-0.054	+0.037	-0.037	1.002	0.236	-0.044	0.222	0.981	-0.01	0.761	0.081	0.933	0.083
	1.775	1.775	1.775		3.459	3.459	3.459		0.696	0.696	0.696	0.287	+0.055	-0.055	+0.036	-0.036	1.001	0.232	-0.044	0.222	0.981	-0.011	0.768	0.095	0.935	0.072
	1.826	1.826	1.826		3.447	3.447	3.447		0.679	0.679	0.679	0.353	+0.052	-0.052	+0.035	-0.035	1.001	0.228	-0.044	0.222	0.981	-0.01	0.77	0.106	0.937	0.067
	1.876	1.876	1.876		3.467	3.467	3.467		0.657	0.657	0.657	0.382	+0.052	-0.052	+0.034	-0.034	1.002	0.225	-0.044	0.222	0.98	-0.014	0.783	0.108	0.941	0.063
	1.926	1.926	1.926		3.465	3.465	3.465		0.637	0.637	0.637	0.368	+0.048	-0.048	+0.033	-0.033	1.002	0.223	-0.044	0.222	0.98	-0.016	0.799	0.103	0.944	0.068
	1.976	1.976	1.976		3.445	3.445	3.445		0.617	0.617	0.617	0.294	+0.047	-0.047	+0.033	-0.033	1.003	0.222	-0.044	0.222	0.979	-0.011	0.816	0.095	0.947	0.067
	2.026	2.026	2.026		3.431	3.431	3.431		0.596	0.596	0.596	0.313	+0.043	-0.043	+0.032	-0.032	1.004	0.222	-0.044	0.222	0.978	-0.009	0.835	0.084	0.951	0.065
	2.076	2.076	2.076		3.436	3.436	3.436		0.571	0.571	0.571	0.314	+0.043	-0.043	+0.032	-0.032	1.005	0.223	-0.044	0.222	0.977	-0.011	0.856	0.075	0.954	0.071
	2.126	2.126	2.126		3.44	3.44	3.44		0.543	0.543	0.543	0.317	+0.039	-0.039	+0.031	-0.031	1.008	0.223	-0.044	0.222	0.976	-0.013	0.876	0.068	0.957	0.072
	2.175	2.175	2.175		3.436	3.436	3.436		0.516	0.516	0.516	0.267	+0.039	-0.039	+0.03	-0.03	1.011	0.222	-0.044	0.222	0.973	-0.016	0.893	0.063	0.96	0.077
	2.225	2.225	2.225		3.44	3.44	3.44		0.486	0.486	0.486	0.403	+0.038	-0.038	+0.029	-0.029	1.014	0.223	-0.044	0.222	0.971	-0.018	0.91	0.058	0.963	0.074
	2.276	2.276	2.276		3.437	3.437	3.437		0.454	0.454	0.454	0.292	+0.038	-0.038	+0.028	-0.028	1.021	0.223	-0.044	0.221	0.967	-0.02	0.926	0.054	0.966	0.074
	2.325	2.325	2.325		3.425	3.425	3.425		0.424	0.424	0.424	0.228	+0.038	-0.038	+0.027	-0.027	1.034	0.223	-0.044	0.22	0.962	-0.023	0.939	0.051	0.969	0.068
	2.374	2.374	2.374		3.433	3.433	3.433		0.388	0.388	0.388	0.253	+0.039	-0.039	+0.026	-0.026	1.051	0.223	-0.044	0.218	0.956	-0.026	0.955	0.048	0.972	0.071
	2.423	2.423	2.423		3.383	3.383	3.383		0.36	0.36	0.36	0.207	+0.044	-0.044	+0.026	-0.026	1.075	0.223	-0.044	0.217	0.947	-0.031	0.965	0.045	0.975	0.069
	2.472	2.472	2.472		3.275	3.275	3.275		0.343	0.343	0.343	0.34	+0.063	-0.063	+0.025	-0.025	1.093	0.223	-0.044	0.216	0.936	-0.036	0.968	0.045	0.978	0.07
	1.525	1.525	1.525		4.111	4.111	4.111		0.7	0.7	0.7	0.548	+0.098	-0.098	+0.041	-0.041	1.003	0.229	-0.044	0.222	0.971	-0.004	0.76	0.138	0.917	0.092
	1.576	1.576	1.576		4.095	4.095	4.095		0.686	0.686	0.686	0.509	+0.085	-0.085	+0.04	-0.04	1.002	0.232	-0.044	0.222	0.974	-0.007	0.809	0.08	0.921	0.081
	1.627	1.627	1.627		4.116	4.116	4.116		0.668	0.668	0.668	0.353	+0.077	-0.077	+0.039	-0.039	1.001	0.235	-0.044	0.222	0.977	-0.009	0.838	0.057	0.923	0.086
	1.677	1.677	1.677		4.094	4.094	4.094		0.653	0.653	0.653	0.3	+0.07	-0.07	+0.039	-0.039	1.001	0.237	-0.044	0.222	0.979	-0.014	0.852	0.049	0.925	0.095
	1.725	1.725	1.725		4.076	4.076	4.076		0.638	0.638	0.638	0.297	+0.069	-0.069	+0.038	-0.038	1.001	0.237	-0.044	0.222	0.98	-0.01	0.856	0.055	0.927	0.095
	1.774	1.774	1.774		4.124	4.124	4.124		0.613	0.613	0.613	0.392	+0.063	-0.063	+0.037	-0.037	1.002	0.233	-0.044	0.222	0.98	-0.013	0.864	0.064	0.929	0.087
	1.826	1.826	1.826		4.107	4.107	4.107		0.594	0.594	0.594	0.509	+0.061	-0.061	+0.036	-0.036	1.003	0.229	-0.044	0.222	0.979	-0.011	0.868	0.071	0.931	0.082
	1.877	1.877	1.877		4.111	4.111	4.111		0.571	0.571	0.571	0.373	+0.061	-0.061	+0.035	-0.035	1.004	0.228	-0.044	0.222	0.979	-0.016	0.878	0.073	0.934	0.079
	1.925	1.925	1.925		4.132	4.132	4.132		0.545	0.545	0.545	0.369	+0.059	-0.059	+0.035	-0.035	1.006	0.227	-0.044	0.222	0.978	-0.016	0.894	0.069	0.937	0.082
	1.975	1.975	1.975		4.094	4.094	4.094		0.526	0.526	0.526	0.374	+0.057	-0.057	+0.034	-0.034	1.009	0.225	-0.044	0.221	0.976	-0.015	0.906	0.064	0.941	0.082
	2.025	2.025	2.025		4.086	4.086	4.086		0.501	0.501	0.501	0.379	+0.054	-0.054	+0.033	-0.033	1.012	0.225	-0.044	0.22	0.974	-0.014	0.922	0.057	0.944	0.082
	2.076	2.076	2.076		4.069	4.069	4.069		0.475	0.475	0.475	0.385	+0.052	-0.052	+0.033	-0.033	1.017	0.225	-0.044	0.22	0.972	-0.017	0.937	0.051	0.947	0.081
	2.126	2.126	2.126		4.083	4.083	4.083		0.444	0.444	0.444	0.332	+0.055	-0.055	+0.032	-0.032	1.022	0.227	-0.044	0.218	0.969	-0.021	0.954	0.046	0.95	0.084
	2.175	2.175	2.175		4.053	4.053	4.053		0.418	0.418	0.418	0.299	+0.057	-0.057	+0.031	-0.031	1.029	0.226	-0.044	0.217	0.965	-0.024	0.965	0.043	0.953	0.083
	2.225	2.225	2.225		3.999	3.999	3.999		0.395	0.395	0.395	0.278	+0.063	-0.063	+0.03	-0.03	1.042	0.226	-0.044	0.216	0.959	-0.028	0.973	0.041	0.956	0.088
	2.274	2.274	2.274		3.945	3.945	3.945		0.371	0.371	0.371	0.356	+0.072	-0.072	+0.03	-0.03	1.057	0.227	-0.044	0.216	0.952	-0.032	0.98	0.04	0.959	0.081
	2.321	2.321	2.321		3.891	3.891	3.891		0.348	0.348	0.348	0.362	+0.088	-0.088	+0.029	-0.029	1.059	0.226	-0.044	0.216	0.942	-0.038	0.987	0.038	0.962	0.079
	1.676	1.676	1.676		4.87	4.87	4.87		0.55	0.55	0.55	0.445	+0.092	-0.092	+0.04	-0.04	1.006	0.237	-0.044	0.22	0.976	-0.019	0.947	0.032	0.92	0.119
	1.726	1.726	1.726		4.854	4.854	4.854		0.531	0.531	0.531	0.323	+0.089	-0.089	+0.039	-0.039	1.009	0.237	-0.044	0.219	0.977	-0.013	0.952	0.034	0.921	0.119
	1.775	1.775	1.775		4.827	4.827	4.827		0.514	0.514	0.514	0.366	+0.093	-0.093	+0.038	-0.038	1.008	0.235	-0.044	0.219	0.976	-0.014	0.952	0.041	0.923	0.1
	1.824	1.824	1.824		4.821	4.821	4.821		0.492	0.492	0.492	0.475	+0.094	-0.094	+0.038	-0.038	1.01	0.232	-0.044	0.218	0.975	-0.015	0.957	0.045	0.925	0.097

