 iw iq       W      Q2   epsln   g1/F1    stat    syst     c_s       f      c_1    PBPT    f_RC     A_RC      D'   eps*R    C_g2  Aparr    err
 60  1  2.9871  0.6338  0.4132  0.0800  0.0919  0.0134  1.0982  0.1597 -0.0010  0.5908  0.7510 -0.0287  0.8058  0.1467  1.0181  0.0634  0.0727
 61  1  3.0185  0.6098  0.3880  0.0884  0.0583  0.0128  1.1048  0.1629 -0.0009  0.5939  0.7159 -0.0344  0.8196  0.1399  1.0184  0.0711  0.0469
 58  2  2.8883  0.7521  0.4798  0.1053  0.0831  0.0152  1.0689  0.1539 -0.0023  0.6144  0.8190 -0.0233  0.7713  0.1596  1.0207  0.0796  0.0628
 59  2  2.9303  0.7378  0.4459  0.1649  0.0327  0.0143  1.0746  0.1559 -0.0022  0.6168  0.7948 -0.0272  0.7914  0.1513  1.0211  0.1278  0.0253
 60  2  2.9788  0.7272  0.4030  0.1585  0.0229  0.0135  1.1122  0.1583 -0.0022  0.6202  0.7658 -0.0322  0.8163  0.1398  1.0215  0.1267  0.0183
 61  2  3.0067  0.7054  0.3823  0.1337  0.0417  0.0127  1.0984  0.1615 -0.0021  0.6157  0.7308 -0.0386  0.8269  0.1350  1.0220  0.1082  0.0337
 55  3  2.7393  0.9058  0.5711  0.3148  0.0837  0.0178  1.0299  0.1501 -0.0039  0.6393  0.8830 -0.0171  0.7203  0.1712  1.0190  0.2225  0.0592
 56  3  2.7795  0.8950  0.5431  0.1898  0.0205  0.0170  1.0371  0.1509 -0.0037  0.6392  0.8679 -0.0194  0.7390  0.1656  1.0202  0.1375  0.0148
 57  3  2.8283  0.8772  0.5077  0.1752  0.0144  0.0160  1.0427  0.1519 -0.0036  0.6384  0.8517 -0.0223  0.7613  0.1585  1.0212  0.1306  0.0107
 58  3  2.8773  0.8603  0.4692  0.1662  0.0119  0.0150  1.0541  0.1532 -0.0035  0.6376  0.8309 -0.0257  0.7846  0.1500  1.0221  0.1275  0.0092
 59  3  2.9255  0.8576  0.4264  0.1746  0.0099  0.0140  1.0729  0.1549 -0.0034  0.6383  0.8047 -0.0304  0.8103  0.1391  1.0228  0.1382  0.0079
 60  3  2.9701  0.8471  0.3881  0.1323  0.0096  0.0130  1.0848  0.1574 -0.0033  0.6386  0.7752 -0.0361  0.8316  0.1294  1.0235  0.1075  0.0078
 52  4  2.5845  1.0763  0.6480  0.1592  0.0370  0.0203  1.0098  0.1501 -0.0055  0.6408  0.9240 -0.0118  0.6744  0.1738  1.0128  0.1060  0.0247
 53  4  2.6272  1.0606  0.6237  0.2668  0.0202  0.0196  1.0145  0.1503 -0.0053  0.6408  0.9159 -0.0135  0.6924  0.1702  1.0144  0.1821  0.0138
 54  4  2.6765  1.0432  0.5938  0.2160  0.0131  0.0187  1.0165  0.1507 -0.0052  0.6409  0.9059 -0.0156  0.7135  0.1656  1.0160  0.1517  0.0092
 55  4  2.7265  1.0244  0.5613  0.2086  0.0096  0.0177  1.0229  0.1510 -0.0050  0.6408  0.8937 -0.0182  0.7354  0.1601  1.0176  0.1507  0.0069
 56  4  2.7763  1.0194  0.5237  0.1955  0.0091  0.0167  1.0280  0.1514 -0.0049  0.6401  0.8780 -0.0213  0.7606  0.1522  1.0190  0.1458  0.0068
 57  4  2.8262  1.0132  0.4844  0.1958  0.0082  0.0156  1.0378  0.1520 -0.0047  0.6399  0.8603 -0.0248  0.7853  0.1436  1.0204  0.1506  0.0063
 58  4  2.8754  1.0096  0.4435  0.1758  0.0074  0.0146  1.0525  0.1531 -0.0046  0.6398  0.8395 -0.0288  0.8099  0.1341  1.0216  0.1394  0.0059
 59  4  2.9254  1.0093  0.3995  0.1771  0.0069  0.0137  1.0739  0.1549 -0.0045  0.6398  0.8139 -0.0341  0.8351  0.1232  1.0227  0.1447  0.0057
 60  4  2.9597  0.9731  0.3767  0.1639  0.0141  0.0131  1.0788  0.1574 -0.0044  0.6401  0.7837 -0.0406  0.8454  0.1194  1.0237  0.1353  0.0116
 48  5  2.3817  1.2883  0.7285  0.3106  0.0274  0.0231  1.0046  0.1515 -0.0073  0.6425  0.9520 -0.0074  0.6188  0.1729  1.0028  0.1917  0.0169
 49  5  2.4280  1.2664  0.7088  0.2505  0.0191  0.0225  1.0045  0.1516 -0.0071  0.6422  0.9490 -0.0085  0.6357  0.1706  1.0045  0.1585  0.0121
 50  5  2.4755  1.2426  0.6872  0.2748  0.0140  0.0218  1.0043  0.1516 -0.0069  0.6419  0.9440 -0.0097  0.6532  0.1683  1.0061  0.1785  0.0091
 51  5  2.5262  1.2137  0.6630  0.2405  0.0117  0.0211  1.0070  0.1516 -0.0067  0.6415  0.9388 -0.0111  0.6717  0.1660  1.0078  0.1602  0.0078
 52  5  2.5755  1.2090  0.6341  0.2499  0.0097  0.0202  1.0086  0.1516 -0.0065  0.6412  0.9318 -0.0128  0.6946  0.1610  1.0096  0.1718  0.0067
 53  5  2.6260  1.2071  0.6017  0.2485  0.0088  0.0192  1.0117  0.1516 -0.0063  0.6408  0.9234 -0.0146  0.7191  0.1550  1.0115  0.1766  0.0063
 54  5  2.6748  1.2140  0.5670  0.2333  0.0080  0.0182  1.0152  0.1518 -0.0062  0.6404  0.9139 -0.0169  0.7445  0.1477  1.0133  0.1714  0.0059
 55  5  2.7253  1.2094  0.5310  0.2316  0.0077  0.0172  1.0204  0.1519 -0.0060  0.6402  0.9014 -0.0196  0.7686  0.1408  1.0152  0.1753  0.0058
 56  5  2.7755  1.2087  0.4927  0.2239  0.0070  0.0161  1.0299  0.1526 -0.0059  0.6404  0.8864 -0.0232  0.7930  0.1329  1.0170  0.1746  0.0054
 57  5  2.8253  1.2045  0.4529  0.2142  0.0067  0.0152  1.0487  0.1532 -0.0057  0.6402  0.8687 -0.0275  0.8167  0.1245  1.0187  0.1717  0.0053
 58  5  2.8755  1.2017  0.4108  0.2027  0.0065  0.0145  1.0706  0.1541 -0.0056  0.6404  0.8472 -0.0325  0.8405  0.1152  1.0202  0.1671  0.0053
 59  5  2.9162  1.1836  0.3785  0.1888  0.0083  0.0140  1.0859  0.1555 -0.0055  0.6408  0.8201 -0.0388  0.8571  0.1085  1.0216  0.1584  0.0069
 42  6  2.0757  1.5536  0.8172  0.4796  0.0501  0.0264  1.0051  0.1563 -0.0090  0.6417  0.9680 -0.0011  0.5284  0.2047  0.9860  0.2570  0.0269
 43  6  2.1283  1.5258  0.8031  0.3723  0.0296  0.0259  1.0063  0.1551 -0.0090  0.6419  0.9670 -0.0021  0.5487  0.1897  0.9883  0.2067  0.0165
 44  6  2.1785  1.5116  0.7872  0.4019  0.0233  0.0254  1.0070  0.1545 -0.0089  0.6419  0.9660 -0.0030  0.5692  0.1789  0.9905  0.2309  0.0134
 45  6  2.2260  1.4820  0.7726  0.3740  0.0182  0.0249  1.0052  0.1541 -0.0087  0.6418  0.9640 -0.0042  0.5851  0.1732  0.9926  0.2205  0.0107
 46  6  2.2761  1.4626  0.7547  0.3245  0.0141  0.0243  1.0042  0.1540 -0.0085  0.6420  0.9620 -0.0051  0.6036  0.1680  0.9946  0.1970  0.0086
 47  6  2.3251  1.4479  0.7351  0.3221  0.0117  0.0237  1.0040  0.1539 -0.0083  0.6419  0.9599 -0.0062  0.6227  0.1638  0.9965  0.2012  0.0073
 48  6  2.3751  1.4447  0.7121  0.3263  0.0102  0.0230  1.0038  0.1538 -0.0081  0.6416  0.9569 -0.0075  0.6444  0.1590  0.9984  0.2107  0.0066
 49  6  2.4261  1.4435  0.6864  0.2779  0.0100  0.0222  1.0031  0.1536 -0.0079  0.6412  0.9537 -0.0088  0.6674  0.1541  1.0003  0.1854  0.0067
 50  6  2.4751  1.4363  0.6606  0.2933  0.0088  0.0214  1.0040  0.1534 -0.0077  0.6409  0.9488 -0.0103  0.6887  0.1500  1.0022  0.2015  0.0060
 51  6  2.5258  1.4370  0.6312  0.2719  0.0080  0.0205  1.0058  0.1535 -0.0075  0.6409  0.9435 -0.0120  0.7121  0.1448  1.0041  0.1929  0.0057
 52  6  2.5751  1.4366  0.6004  0.2792  0.0076  0.0196  1.0091  0.1534 -0.0073  0.6407  0.9364 -0.0139  0.7353  0.1394  1.0061  0.2040  0.0055
 53  6  2.6245  1.4341  0.5683  0.2661  0.0071  0.0187  1.0131  0.1535 -0.0071  0.6406  0.9291 -0.0159  0.7579  0.1339  1.0082  0.2001  0.0053
 54  6  2.6761  1.4344  0.5321  0.2545  0.0068  0.0176  1.0185  0.1537 -0.0070  0.6407  0.9188 -0.0186  0.7822  0.1273  1.0103  0.1970  0.0052
 55  6  2.7258  1.4341  0.4948  0.2543  0.0065  0.0166  1.0271  0.1537 -0.0069  0.6406  0.9066 -0.0216  0.8057  0.1203  1.0124  0.2024  0.0051
 56  6  2.7756  1.4364  0.4552  0.2487  0.0063  0.0158  1.0456  0.1542 -0.0067  0.6406  0.8910 -0.0253  0.8294  0.1124  1.0145  0.2033  0.0052
 57  6  2.8257  1.4355  0.4137  0.2454  0.0061  0.0152  1.0671  0.1548 -0.0066  0.6408  0.8723 -0.0301  0.8526  0.1040  1.0165  0.2059  0.0051
 58  6  2.8703  1.4152  0.3787  0.2378  0.0067  0.0149  1.0854  0.1556 -0.0065  0.6410  0.8499 -0.0364  0.8701  0.0975  1.0184  0.2032  0.0057
 59  6  2.9019  1.3392  0.3686  0.1655  0.0334  0.0143  1.0803  0.1572 -0.0064  0.6427  0.8240 -0.0433  0.8709  0.0988  1.0201  0.1413  0.0286
 34  7  1.6761  1.8559  0.8857  0.4851  0.0527  0.0295  1.0019  0.1808 -0.0107  0.6424  0.9710 -0.0029  0.4621  0.2124  0.9642  0.2325  0.0253
 35  7  1.7280  1.8264  0.8786  0.5364  0.0427  0.0290  1.0020  0.1820 -0.0112  0.6425  0.9730 -0.0057  0.4631  0.2270  0.9611  0.2585  0.0206
 36  7  1.7745  1.8155  0.8705  0.5877  0.0383  0.0285  1.0021  0.1662 -0.0118  0.6426  0.9720 -0.0096  0.4690  0.2344  0.9635  0.2860  0.0186
 37  7  1.8234  1.8094  0.8607  0.4848  0.0267  0.0280  1.0022  0.1631 -0.0109  0.6426  0.9720 -0.0107  0.4736  0.2497  0.9659  0.2377  0.0131
 38  7  1.8748  1.7885  0.8507  0.4061  0.0229  0.0273  1.0031  0.1640 -0.0106  0.6425  0.9730 -0.0157  0.4794  0.2603  0.9726  0.2001  0.0113
 39  7  1.9250  1.7733  0.8397  0.3888  0.0192  0.0267  1.0040  0.1645 -0.0106  0.6424  0.9740 -0.0152  0.4930  0.2535  0.9773  0.1961  0.0097
 40  7  1.9764  1.7495  0.8281  0.4018  0.0163  0.0269  1.0041  0.1632 -0.0094  0.6423  0.9740 -0.0030  0.5122  0.2334  0.9761  0.2108  0.0085
 41  7  2.0271  1.7251  0.8157  0.4003  0.0146  0.0268  1.0046  0.1613 -0.0093  0.6421  0.9730  0.0008  0.5339  0.2100  0.9774  0.2186  0.0080
 42  7  2.0775  1.7248  0.7999  0.4159  0.0131  0.0262  1.0045  0.1594 -0.0096  0.6420  0.9729 -0.0005  0.5595  0.1884  0.9800  0.2375  0.0075
 43  7  2.1263  1.7121  0.7845  0.3962  0.0123  0.0257  1.0048  0.1582 -0.0096  0.6417  0.9710 -0.0015  0.5812  0.1737  0.9825  0.2343  0.0073
 44  7  2.1753  1.7188  0.7658  0.3891  0.0110  0.0252  1.0049  0.1573 -0.0095  0.6416  0.9704 -0.0026  0.6050  0.1617  0.9848  0.2389  0.0068
 45  7  2.2253  1.7130  0.7465  0.3652  0.0098  0.0245  1.0044  0.1569 -0.0093  0.6414  0.9688 -0.0038  0.6265  0.1535  0.9871  0.2319  0.0062
 46  7  2.2758  1.7170  0.7243  0.3607  0.0092  0.0238  1.0030  0.1564 -0.0091  0.6411  0.9667 -0.0048  0.6495  0.1465  0.9893  0.2368  0.0060
 47  7  2.3267  1.7140  0.7011  0.3521  0.0087  0.0231  1.0023  0.1563 -0.0089  0.6408  0.9647 -0.0061  0.6713  0.1412  0.9915  0.2383  0.0059
 48  7  2.3779  1.7171  0.6753  0.3399  0.0080  0.0223  1.0025  0.1562 -0.0087  0.6408  0.9617 -0.0075  0.6940  0.1361  0.9936  0.2374  0.0056
 49  7  2.4262  1.7078  0.6507  0.3348  0.0078  0.0216  1.0041  0.1561 -0.0085  0.6408  0.9584 -0.0092  0.7137  0.1323  0.9956  0.2400  0.0056
 50  7  2.4761  1.7085  0.6223  0.3133  0.0073  0.0207  1.0059  0.1559 -0.0084  0.6408  0.9533 -0.0111  0.7358  0.1277  0.9977  0.2312  0.0054
 51  7  2.5249  1.7128  0.5920  0.3171  0.0069  0.0199  1.0087  0.1558 -0.0082  0.6407  0.9473 -0.0133  0.7583  0.1226  0.9998  0.2405  0.0052
 52  7  2.5753  1.7157  0.5590  0.3077  0.0066  0.0189  1.0123  0.1558 -0.0080  0.6408  0.9413 -0.0156  0.7812  0.1172  1.0020  0.2399  0.0051
 53  7  2.6259  1.7099  0.5251  0.2924  0.0062  0.0180  1.0186  0.1557 -0.0079  0.6409  0.9336 -0.0182  0.8029  0.1119  1.0043  0.2338  0.0050
 54  7  2.6751  1.7132  0.4886  0.2887  0.0061  0.0171  1.0283  0.1559 -0.0077  0.6409  0.9233 -0.0215  0.8254  0.1056  1.0067  0.2366  0.0050
 55  7  2.7251  1.7099  0.4505  0.2919  0.0059  0.0164  1.0453  0.1558 -0.0076  0.6410  0.9093 -0.0255  0.8472  0.0991  1.0091  0.2450  0.0049
 56  7  2.7760  1.7072  0.4096  0.2750  0.0058  0.0159  1.0659  0.1563 -0.0075  0.6410  0.8927 -0.0302  0.8692  0.0917  1.0114  0.2363  0.0050
 57  7  2.8218  1.6812  0.3754  0.2645  0.0066  0.0158  1.0855  0.1567 -0.0074  0.6411  0.8722 -0.0359  0.8855  0.0862  1.0136  0.2311  0.0057
 58  7  2.8571  1.5905  0.3629  0.2654  0.0256  0.0156  1.0875  0.1579 -0.0073  0.6421  0.8474 -0.0429  0.8872  0.0870  1.0158  0.2317  0.0224
 25  8  1.2278  2.1603  0.9226  0.0968  0.0492  0.0277  1.0000  0.2129 -0.0022  0.6428  0.8910 -0.0315  0.4688  0.1572  0.8882  0.0511  0.0260
 26  8  1.2769  2.1442  0.9191  0.1717  0.0587  0.0279  1.0000  0.1775 -0.0085  0.6428  0.8960 -0.0081  0.4765  0.1401  0.9547  0.0856  0.0293
 27  8  1.3268  2.1292  0.9151  0.3463  0.0530  0.0291  1.0000  0.1573 -0.0103  0.6426  0.9040  0.0081  0.4824  0.1299  0.9517  0.1756  0.0269
 28  8  1.3733  2.1173  0.9109  0.4343  0.0499  0.0302  1.0000  0.1532 -0.0113  0.6426  0.9200  0.0131  0.4839  0.1328  0.9470  0.2219  0.0255
 29  8  1.4235  2.1135  0.9053  0.4288  0.0368  0.0301  1.0007  0.1560 -0.0132  0.6425  0.9360  0.0026  0.4794  0.1548  0.9377  0.2192  0.0188
 30  8  1.4755  2.0919  0.9001  0.5156  0.0285  0.0300  1.0011  0.1856 -0.0116  0.6425  0.9560 -0.0014  0.4595  0.2145  0.9244  0.2563  0.0142
 31  8  1.5274  2.0644  0.8948  0.4986  0.0218  0.0302  1.0013  0.2007 -0.0112  0.6425  0.9660  0.0010  0.4622  0.2170  0.9317  0.2474  0.0108
 32  8  1.5773  2.0590  0.8877  0.5710  0.0245  0.0298  1.0011  0.1671 -0.0139  0.6424  0.9630 -0.0019  0.4863  0.1741  0.9473  0.2932  0.0126
 33  8  1.6224  2.0520  0.8809  0.5545  0.0226  0.0296  1.0015  0.1639 -0.0132  0.6423  0.9660 -0.0022  0.4951  0.1700  0.9561  0.2871  0.0117
 34  8  1.6738  2.0596  0.8713  0.5230  0.0159  0.0293  1.0020  0.1853 -0.0108  0.6422  0.9740 -0.0033  0.4992  0.1865  0.9510  0.2745  0.0083
 35  8  1.7261  2.0363  0.8630  0.5325  0.0159  0.0288  1.0022  0.1868 -0.0112  0.6421  0.9760 -0.0057  0.5009  0.2012  0.9491  0.2810  0.0084
 36  8  1.7748  2.0562  0.8512  0.4984  0.0155  0.0282  1.0024  0.1708 -0.0119  0.6419  0.9750 -0.0103  0.5110  0.2091  0.9535  0.2671  0.0083
 37  8  1.8256  2.0428  0.8408  0.4674  0.0158  0.0278  1.0031  0.1677 -0.0111  0.6417  0.9750 -0.0101  0.5140  0.2261  0.9569  0.2509  0.0085
 38  8  1.8755  2.0525  0.8274  0.4346  0.0145  0.0270  1.0038  0.1682 -0.0110  0.6413  0.9760 -0.0155  0.5252  0.2324  0.9633  0.2367  0.0079
 39  8  1.9260  2.0524  0.8139  0.4312  0.0135  0.0264  1.0041  0.1683 -0.0111  0.6414  0.9770 -0.0155  0.5417  0.2242  0.9683  0.2413  0.0076
 40  8  1.9755  2.0543  0.7990  0.4235  0.0123  0.0265  1.0044  0.1669 -0.0099  0.6411  0.9767 -0.0022  0.5652  0.2038  0.9684  0.2471  0.0072
 41  8  2.0257  2.0483  0.7838  0.4523  0.0112  0.0263  1.0045  0.1649 -0.0098  0.6411  0.9760  0.0004  0.5900  0.1811  0.9708  0.2749  0.0068
 42  8  2.0762  2.0489  0.7663  0.4461  0.0102  0.0257  1.0043  0.1631 -0.0101  0.6410  0.9750 -0.0008  0.6159  0.1613  0.9736  0.2823  0.0065
 43  8  2.1259  2.0421  0.7488  0.4317  0.0096  0.0252  1.0037  0.1618 -0.0101  0.6410  0.9740 -0.0018  0.6386  0.1474  0.9762  0.2824  0.0063
 44  8  2.1749  2.0410  0.7293  0.4253  0.0091  0.0246  1.0027  0.1608 -0.0100  0.6408  0.9730 -0.0028  0.6609  0.1371  0.9788  0.2871  0.0061
 45  8  2.2254  2.0464  0.7073  0.4311  0.0087  0.0239  1.0021  0.1603 -0.0098  0.6410  0.9710 -0.0041  0.6835  0.1290  0.9812  0.3004  0.0060
 46  8  2.2747  2.0479  0.6844  0.3999  0.0082  0.0232  1.0025  0.1599 -0.0097  0.6410  0.9697 -0.0053  0.7048  0.1231  0.9836  0.2866  0.0058
 47  8  2.3250  2.0319  0.6615  0.3767  0.0077  0.0225  1.0026  0.1595 -0.0095  0.6409  0.9677 -0.0067  0.7236  0.1191  0.9859  0.2764  0.0057
 48  8  2.3754  2.0426  0.6336  0.3636  0.0074  0.0217  1.0038  0.1593 -0.0093  0.6410  0.9647 -0.0081  0.7463  0.1140  0.9882  0.2746  0.0056
 49  8  2.4253  2.0422  0.6055  0.3648  0.0070  0.0209  1.0060  0.1590 -0.0091  0.6410  0.9607 -0.0099  0.7672  0.1097  0.9904  0.2826  0.0054
 50  8  2.4749  2.0383  0.5761  0.3381  0.0068  0.0200  1.0088  0.1589 -0.0090  0.6409  0.9563 -0.0120  0.7875  0.1056  0.9927  0.2682  0.0054
 51  8  2.5254  2.0398  0.5437  0.3478  0.0066  0.0191  1.0116  0.1587 -0.0088  0.6411  0.9500 -0.0147  0.8089  0.1009  0.9950  0.2827  0.0053
 52  8  2.5747  2.0371  0.5102  0.3345  0.0064  0.0182  1.0172  0.1585 -0.0087  0.6409  0.9429 -0.0174  0.8296  0.0961  0.9974  0.2782  0.0054
 53  8  2.6251  2.0440  0.4729  0.3375  0.0062  0.0174  1.0293  0.1585 -0.0085  0.6410  0.9346 -0.0209  0.8516  0.0902  0.9999  0.2874  0.0052
 54  8  2.6757  2.0416  0.4347  0.3264  0.0062  0.0169  1.0485  0.1584 -0.0084  0.6409  0.9232 -0.0250  0.8724  0.0843  1.0024  0.2840  0.0054
 55  8  2.7258  2.0350  0.3956  0.3156  0.0063  0.0169  1.0716  0.1585 -0.0083  0.6409  0.9079 -0.0302  0.8920  0.0782  1.0050  0.2801  0.0056
 56  8  2.7705  1.9776  0.3689  0.3062  0.0079  0.0171  1.0874  0.1588 -0.0082  0.6412  0.8894 -0.0364  0.9025  0.0753  1.0076  0.2743  0.0071
 57  8  2.8045  1.8952  0.3585  0.3159  0.0358  0.0162  1.0795  0.1596 -0.0081  0.6430  0.8680 -0.0430  0.9036  0.0760  1.0100  0.2826  0.0320
 24  9  1.1759  2.4435  0.9117  0.0928  0.0585  0.0274  1.0000  0.1451  0.0136  0.6417  0.7690 -0.1079  0.4870  0.1890  0.8894  0.0506  0.0320
 25  9  1.2240  2.4368  0.9077  0.1459  0.0301  0.0272  1.0000  0.2076  0.0282  0.6418  0.8913 -0.0377  0.4919  0.1808  0.8643  0.0826  0.0171
 26  9  1.2759  2.4371  0.9024  0.2119  0.0338  0.0277  1.0001  0.1744 -0.0104  0.6417  0.8970 -0.0073  0.5097  0.1476  0.9370  0.1153  0.0184
 27  9  1.3250  2.4138  0.8984  0.3587  0.0359  0.0291  1.0003  0.1575 -0.0106  0.6416  0.9080  0.0089  0.5228  0.1217  0.9395  0.1998  0.0200
 28  9  1.3751  2.4385  0.8908  0.4658  0.0309  0.0302  1.0010  0.1550 -0.0112  0.6415  0.9250  0.0137  0.5337  0.1167  0.9360  0.2650  0.0176
 29  9  1.4270  2.4443  0.8835  0.5174  0.0275  0.0300  1.0014  0.1593 -0.0128  0.6414  0.9400  0.0011  0.5296  0.1407  0.9279  0.2952  0.0157
 30  9  1.4777  2.4369  0.8766  0.5529  0.0209  0.0297  1.0016  0.1900 -0.0113  0.6413  0.9600 -0.0039  0.5063  0.2067  0.9141  0.3063  0.0116
 31  9  1.5275  2.4483  0.8680  0.5470  0.0173  0.0298  1.0016  0.2054 -0.0110  0.6413  0.9690 -0.0005  0.5162  0.2037  0.9219  0.3060  0.0097
 32  9  1.5758  2.4484  0.8596  0.5896  0.0191  0.0293  1.0019  0.1714 -0.0139  0.6412  0.9670 -0.0038  0.5477  0.1515  0.9362  0.3449  0.0112
 33  9  1.6236  2.4496  0.8506  0.5281  0.0181  0.0290  1.0028  0.1683 -0.0133  0.6411  0.9700 -0.0037  0.5631  0.1386  0.9442  0.3151  0.0108
 34  9  1.6742  2.4329  0.8418  0.5458  0.0139  0.0287  1.0035  0.1897 -0.0108  0.6411  0.9760 -0.0037  0.5672  0.1463  0.9393  0.3297  0.0084
 35  9  1.7260  2.4572  0.8283  0.5484  0.0127  0.0281  1.0041  0.1913 -0.0112  0.6410  0.9780 -0.0062  0.5772  0.1549  0.9383  0.3374  0.0078
 36  9  1.7759  2.4335  0.8184  0.5336  0.0140  0.0276  1.0040  0.1755 -0.0123  0.6409  0.9780 -0.0116  0.5770  0.1723  0.9438  0.3262  0.0086
 37  9  1.8247  2.4291  0.8064  0.4941  0.0128  0.0273  1.0042  0.1721 -0.0115  0.6410  0.9780 -0.0098  0.5804  0.1877  0.9478  0.3025  0.0079
 38  9  1.8755  2.4362  0.7916  0.4679  0.0121  0.0265  1.0042  0.1725 -0.0114  0.6410  0.9787 -0.0154  0.5908  0.1940  0.9539  0.2897  0.0075
 39  9  1.9255  2.4316  0.7770  0.4326  0.0113  0.0258  1.0039  0.1727 -0.0115  0.6409  0.9790 -0.0160  0.6066  0.1873  0.9589  0.2737  0.0071
 40  9  1.9750  2.4315  0.7610  0.4318  0.0105  0.0259  1.0038  0.1713 -0.0104  0.6410  0.9790 -0.0019  0.6292  0.1699  0.9603  0.2828  0.0069
 41  9  2.0250  2.4308  0.7437  0.4639  0.0099  0.0256  1.0034  0.1694 -0.0103  0.6410  0.9780 -0.0008  0.6543  0.1502  0.9635  0.3150  0.0067
 42  9  2.0745  2.4338  0.7247  0.4642  0.0094  0.0250  1.0025  0.1676 -0.0105  0.6410  0.9777 -0.0020  0.6794  0.1335  0.9665  0.3263  0.0066
 43  9  2.1256  2.4298  0.7044  0.4696  0.0089  0.0244  1.0016  0.1662 -0.0105  0.6410  0.9760 -0.0030  0.7026  0.1210  0.9693  0.3404  0.0064
 44  9  2.1756  2.4363  0.6820  0.4556  0.0085  0.0238  1.0016  0.1652 -0.0104  0.6410  0.9750 -0.0042  0.7254  0.1118  0.9720  0.3400  0.0064
 45  9  2.2248  2.4202  0.6609  0.4484  0.0081  0.0231  1.0020  0.1644 -0.0103  0.6409  0.9730 -0.0055  0.7436  0.1063  0.9746  0.3421  0.0062
 46  9  2.2760  2.4241  0.6351  0.4218  0.0079  0.0224  1.0026  0.1639 -0.0101  0.6410  0.9716 -0.0069  0.7648  0.1009  0.9771  0.3302  0.0061
 47  9  2.3255  2.4236  0.6091  0.4074  0.0075  0.0216  1.0046  0.1635 -0.0100  0.6412  0.9687 -0.0084  0.7842  0.0966  0.9796  0.3261  0.0060
 48  9  2.3747  2.4284  0.5802  0.4030  0.0074  0.0208  1.0072  0.1631 -0.0098  0.6410  0.9656 -0.0100  0.8046  0.0924  0.9821  0.3302  0.0060
 49  9  2.4250  2.4278  0.5501  0.3748  0.0072  0.0200  1.0110  0.1627 -0.0097  0.6411  0.9613 -0.0121  0.8243  0.0884  0.9846  0.3138  0.0060
 50  9  2.4754  2.4271  0.5180  0.3917  0.0069  0.0192  1.0161  0.1624 -0.0095  0.6411  0.9563 -0.0146  0.8438  0.0844  0.9870  0.3349  0.0059
 51  9  2.5245  2.4214  0.4853  0.3957  0.0071  0.0184  1.0230  0.1621 -0.0094  0.6409  0.9499 -0.0176  0.8624  0.0803  0.9895  0.3450  0.0062
 52  9  2.5743  2.4249  0.4491  0.3807  0.0068  0.0177  1.0352  0.1618 -0.0092  0.6409  0.9416 -0.0210  0.8820  0.0754  0.9921  0.3385  0.0060
 53  9  2.6245  2.4299  0.4103  0.3710  0.0070  0.0175  1.0534  0.1617 -0.0091  0.6409  0.9316 -0.0254  0.9018  0.0699  0.9947  0.3364  0.0063
 54  9  2.6731  2.4106  0.3751  0.3732  0.0074  0.0178  1.0752  0.1615 -0.0090  0.6409  0.9180 -0.0313  0.9177  0.0653  0.9974  0.3434  0.0068
 55  9  2.7153  2.3168  0.3575  0.3185  0.0119  0.0178  1.0819  0.1615 -0.0089  0.6413  0.8998 -0.0388  0.9221  0.0647  1.0001  0.2936  0.0110
 24 10  1.1751  2.9033  0.8842  0.1829  0.0552  0.0265  1.0014  0.1404  0.0843  0.6410  0.7633 -0.1334  0.5192  0.2327  0.8746  0.1088  0.0328
 26 10  1.2760  2.9056  0.8723  0.2360  0.0338  0.0272  1.0008  0.1701 -0.0112  0.6411  0.8970 -0.0068  0.5610  0.1577  0.9254  0.1431  0.0205
 27 10  1.3260  2.8695  0.8682  0.3971  0.0315  0.0288  1.0009  0.1565 -0.0110  0.6411  0.9113  0.0094  0.5858  0.1099  0.9297  0.2501  0.0198
 28 10  1.3769  2.9126  0.8578  0.4862  0.0273  0.0299  1.0016  0.1562 -0.0111  0.6411  0.9290  0.0142  0.6038  0.0974  0.9268  0.3165  0.0178
 29 10  1.4269  2.9026  0.8507  0.5531  0.0250  0.0296  1.0019  0.1616 -0.0124  0.6413  0.9440 -0.0001  0.5961  0.1215  0.9201  0.3583  0.0162
 30 10  1.4738  2.8762  0.8446  0.5312  0.0200  0.0293  1.0018  0.1931 -0.0111  0.6408  0.9620 -0.0067  0.5675  0.1865  0.9065  0.3325  0.0125
 31 10  1.5227  2.9025  0.8337  0.5823  0.0164  0.0294  1.0021  0.2090 -0.0109  0.6409  0.9710 -0.0020  0.5751  0.1922  0.9149  0.3660  0.0103
 32 10  1.5748  2.9027  0.8233  0.5666  0.0174  0.0287  1.0026  0.1760 -0.0137  0.6410  0.9697 -0.0058  0.6163  0.1290  0.9275  0.3765  0.0115
 33 10  1.6252  2.8999  0.8128  0.5561  0.0164  0.0283  1.0036  0.1734 -0.0132  0.6412  0.9720 -0.0053  0.6362  0.1094  0.9344  0.3787  0.0112
 34 10  1.6747  2.9008  0.8010  0.5483  0.0129  0.0279  1.0038  0.1947 -0.0108  0.6410  0.9787 -0.0041  0.6483  0.1070  0.9297  0.3824  0.0090
 35 10  1.7251  2.8957  0.7889  0.5588  0.0122  0.0274  1.0040  0.1965 -0.0112  0.6410  0.9800 -0.0067  0.6529  0.1167  0.9292  0.3926  0.0085
 36 10  1.7745  2.8830  0.7768  0.5511  0.0125  0.0269  1.0042  0.1807 -0.0124  0.6411  0.9797 -0.0130  0.6523  0.1345  0.9350  0.3845  0.0087
 37 10  1.8248  2.8852  0.7620  0.5340  0.0124  0.0265  1.0040  0.1772 -0.0117  0.6411  0.9797 -0.0099  0.6566  0.1484  0.9393  0.3731  0.0086
 38 10  1.8746  2.8942  0.7454  0.4648  0.0117  0.0258  1.0036  0.1774 -0.0116  0.6411  0.9800 -0.0155  0.6672  0.1533  0.9450  0.3281  0.0082
 39 10  1.9242  2.8826  0.7298  0.4713  0.0113  0.0251  1.0033  0.1773 -0.0118  0.6409  0.9806 -0.0166  0.6814  0.1487  0.9499  0.3382  0.0081
 40 10  1.9759  2.8775  0.7118  0.4654  0.0104  0.0251  1.0028  0.1760 -0.0108  0.6410  0.9800 -0.0031  0.7031  0.1345  0.9524  0.3437  0.0077
 41 10  2.0251  2.8980  0.6901  0.4908  0.0103  0.0247  1.0018  0.1741 -0.0108  0.6409  0.9796 -0.0032  0.7301  0.1177  0.9562  0.3748  0.0079
 42 10  2.0746  2.8840  0.6715  0.4843  0.0094  0.0241  1.0013  0.1725 -0.0109  0.6412  0.9787 -0.0044  0.7505  0.1057  0.9592  0.3789  0.0073
 43 10  2.1247  2.8881  0.6485  0.4842  0.0092  0.0235  1.0018  0.1711 -0.0109  0.6411  0.9777 -0.0055  0.7730  0.0957  0.9621  0.3891  0.0074
 44 10  2.1749  2.8885  0.6247  0.5047  0.0090  0.0228  1.0027  0.1701 -0.0108  0.6412  0.9757 -0.0068  0.7932  0.0886  0.9650  0.4149  0.0074
 45 10  2.2242  2.8847  0.5996  0.4762  0.0087  0.0221  1.0040  0.1692 -0.0107  0.6409  0.9736 -0.0084  0.8121  0.0836  0.9677  0.3995  0.0073
 46 10  2.2741  2.8818  0.5735  0.4644  0.0082  0.0214  1.0061  0.1686 -0.0105  0.6412  0.9717 -0.0101  0.8299  0.0795  0.9704  0.3971  0.0070
 47 10  2.3254  2.8929  0.5422  0.4363  0.0081  0.0206  1.0096  0.1680 -0.0104  0.6410  0.9683 -0.0120  0.8503  0.0752  0.9731  0.3813  0.0071
 48 10  2.3755  2.8937  0.5112  0.4412  0.0080  0.0198  1.0140  0.1674 -0.0103  0.6409  0.9643 -0.0140  0.8686  0.0715  0.9757  0.3928  0.0071
 49 10  2.4254  2.8896  0.4799  0.4305  0.0078  0.0191  1.0205  0.1671 -0.0101  0.6410  0.9600 -0.0166  0.8856  0.0681  0.9783  0.3897  0.0071
 50 10  2.4753  2.8906  0.4451  0.4064  0.0080  0.0185  1.0309  0.1665 -0.0100  0.6408  0.9519 -0.0203  0.9035  0.0641  0.9809  0.3744  0.0073
 51 10  2.5245  2.8860  0.4103  0.4334  0.0078  0.0184  1.0485  0.1660 -0.0099  0.6409  0.9445 -0.0237  0.9199  0.0601  0.9836  0.4054  0.0073
 52 10  2.5731  2.8812  0.3747  0.4172  0.0082  0.0188  1.0693  0.1657 -0.0097  0.6414  0.9343 -0.0285  0.9357  0.0559  0.9863  0.3958  0.0077
 53 10  2.6207  2.7713  0.3568  0.4119  0.0109  0.0196  1.0849  0.1652 -0.0096  0.6416  0.9210 -0.0349  0.9396  0.0554  0.9891  0.3913  0.0104
 54 10  2.6569  2.6947  0.3432  0.3782  0.0384  0.0194  1.0860  0.1651 -0.0095  0.6427  0.9027 -0.0434  0.9424  0.0550  0.9919  0.3595  0.0365
 24 11  1.1748  3.4395  0.8478 -0.1457  0.0149  0.0254  1.0012  0.1339  2.7617  0.6418  0.7543 -0.1679  0.5524  0.2793  0.6871 -0.1172  0.0120
 25 11  1.2266  3.4313  0.8411  0.1613  0.0427  0.0252  1.0015  0.1903 -0.0881  0.6411  0.8833 -0.0565  0.5683  0.2523  0.9742  0.0938  0.0249
 26 11  1.2760  3.4474  0.8325  0.3080  0.0388  0.0266  1.0021  0.1644 -0.0129  0.6411  0.8970 -0.0060  0.6164  0.1676  0.9180  0.2068  0.0261
 27 11  1.3258  3.4229  0.8267  0.4650  0.0348  0.0281  1.0026  0.1550 -0.0118  0.6413  0.9140  0.0084  0.6564  0.1006  0.9229  0.3306  0.0247
 28 11  1.3742  3.4497  0.8155  0.5295  0.0307  0.0293  1.0030  0.1567 -0.0113  0.6404  0.9320  0.0144  0.6783  0.0820  0.9201  0.3905  0.0226
 29 11  1.4244  3.4530  0.8068  0.5682  0.0260  0.0290  1.0036  0.1634 -0.0123  0.6416  0.9470 -0.0005  0.6724  0.1016  0.9143  0.4181  0.0191
 30 11  1.4735  3.4335  0.7977  0.6052  0.0215  0.0286  1.0044  0.1946 -0.0110  0.6405  0.9640 -0.0088  0.6416  0.1662  0.9012  0.4309  0.0153
 31 11  1.5246  3.4311  0.7874  0.5887  0.0167  0.0287  1.0044  0.2109 -0.0107  0.6411  0.9730 -0.0032  0.6474  0.1689  0.9100  0.4188  0.0119
 32 11  1.5762  3.4349  0.7752  0.5972  0.0187  0.0278  1.0047  0.1799 -0.0137  0.6413  0.9710 -0.0078  0.6941  0.1051  0.9208  0.4501  0.0141
 33 11  1.6259  3.4412  0.7619  0.5906  0.0170  0.0274  1.0045  0.1780 -0.0132  0.6411  0.9737 -0.0070  0.7190  0.0829  0.9264  0.4584  0.0132
 34 11  1.6762  3.4431  0.7482  0.5663  0.0142  0.0269  1.0045  0.1996 -0.0108  0.6411  0.9790 -0.0056  0.7347  0.0755  0.9223  0.4511  0.0113
 35 11  1.7251  3.4355  0.7347  0.5561  0.0134  0.0264  1.0041  0.2014 -0.0112  0.6410  0.9810 -0.0078  0.7394  0.0832  0.9221  0.4461  0.0107
 36 11  1.7752  3.4386  0.7189  0.5602  0.0138  0.0258  1.0031  0.1860 -0.0124  0.6412  0.9800 -0.0141  0.7405  0.0987  0.9278  0.4471  0.0110
 37 11  1.8251  3.4368  0.7022  0.5239  0.0131  0.0255  1.0025  0.1822 -0.0119  0.6410  0.9800 -0.0110  0.7448  0.1097  0.9321  0.4186  0.0105
 38 11  1.8761  3.4474  0.6829  0.4835  0.0127  0.0247  1.0019  0.1823 -0.0118  0.6412  0.9807 -0.0158  0.7559  0.1130  0.9373  0.3899  0.0103
 39 11  1.9258  3.4397  0.6645  0.4898  0.0122  0.0240  1.0019  0.1819 -0.0118  0.6411  0.9806 -0.0171  0.7702  0.1091  0.9418  0.4006  0.0100
 40 11  1.9749  3.4351  0.6453  0.4925  0.0113  0.0240  1.0024  0.1810 -0.0112  0.6413  0.9800 -0.0061  0.7888  0.0994  0.9450  0.4112  0.0094
 41 11  2.0257  3.4405  0.6219  0.4840  0.0107  0.0235  1.0027  0.1791 -0.0112  0.6410  0.9796 -0.0071  0.8118  0.0876  0.9490  0.4139  0.0091
 42 11  2.0739  3.4521  0.5981  0.5155  0.0112  0.0228  1.0035  0.1775 -0.0112  0.6410  0.9780 -0.0082  0.8331  0.0780  0.9521  0.4510  0.0098
 43 11  2.1235  3.4455  0.5743  0.5204  0.0100  0.0222  1.0041  0.1762 -0.0112  0.6409  0.9766 -0.0096  0.8512  0.0714  0.9551  0.4637  0.0089
 44 11  2.1754  3.4348  0.5486  0.5340  0.0098  0.0215  1.0064  0.1753 -0.0111  0.6410  0.9746 -0.0115  0.8682  0.0664  0.9580  0.4839  0.0089
 45 11  2.2254  3.4331  0.5209  0.5147  0.0097  0.0208  1.0099  0.1744 -0.0110  0.6410  0.9717 -0.0134  0.8849  0.0624  0.9609  0.4740  0.0089
 46 11  2.2748  3.4408  0.4903  0.5001  0.0095  0.0201  1.0139  0.1738 -0.0109  0.6409  0.9693 -0.0155  0.9021  0.0588  0.9637  0.4682  0.0089
 47 11  2.3245  3.4535  0.4574  0.4705  0.0094  0.0194  1.0200  0.1730 -0.0108  0.6410  0.9656 -0.0178  0.9192  0.0551  0.9665  0.4475  0.0089
 48 11  2.3744  3.4539  0.4245  0.4648  0.0093  0.0189  1.0292  0.1723 -0.0107  0.6414  0.9593 -0.0211  0.9346  0.0519  0.9692  0.4483  0.0090
 49 11  2.4253  3.4269  0.3943  0.4671  0.0096  0.0191  1.0466  0.1719 -0.0105  0.6420  0.9521 -0.0250  0.9468  0.0493  0.9720  0.4550  0.0094
 50 11  2.4739  3.3764  0.3682  0.4567  0.0105  0.0194  1.0606  0.1714 -0.0104  0.6426  0.9427 -0.0301  0.9559  0.0473  0.9747  0.4479  0.0103
 51 11  2.5213  3.2866  0.3478  0.4581  0.0149  0.0197  1.0704  0.1707 -0.0103  0.6430  0.9303 -0.0364  0.9611  0.0463  0.9775  0.4504  0.0147
 52 11  2.5566  3.2118  0.3331  0.4732  0.0407  0.0208  1.0854  0.1700 -0.0102  0.6430  0.9125 -0.0453  0.9644  0.0456  0.9803  0.4654  0.0400
 25 12  1.2292  4.1150  0.7844  0.2494  0.0637  0.0236  1.0024  0.1780 -0.0986  0.6414  0.8840 -0.0563  0.6189  0.2836  0.9927  0.1555  0.0397
 26 12  1.2789  4.0953  0.7770  0.5256  0.0499  0.0256  1.0022  0.1572 -0.0142  0.6413  0.8980 -0.0004  0.6847  0.1672  0.9132  0.3941  0.0374
 27 12  1.3263  4.0977  0.7673  0.4673  0.0446  0.0269  1.0027  0.1524 -0.0125  0.6410  0.9197  0.0073  0.7384  0.0916  0.9190  0.3755  0.0358
 28 12  1.3747  4.0963  0.7572  0.5873  0.0376  0.0281  1.0026  0.1568 -0.0116  0.6410  0.9370  0.0126  0.7604  0.0694  0.9159  0.4876  0.0312
 29 12  1.4253  4.0877  0.7469  0.6203  0.0310  0.0281  1.0032  0.1640 -0.0122  0.6412  0.9510 -0.0023  0.7554  0.0858  0.9104  0.5145  0.0258
 30 12  1.4760  4.0996  0.7336  0.6449  0.0258  0.0276  1.0036  0.1947 -0.0108  0.6412  0.9677 -0.0076  0.7252  0.1453  0.8981  0.5207  0.0208
 31 12  1.5242  4.1200  0.7189  0.6148  0.0214  0.0277  1.0033  0.2105 -0.0106  0.6412  0.9727 -0.0050  0.7370  0.1424  0.9060  0.5002  0.0174
 32 12  1.5747  4.1048  0.7064  0.6236  0.0219  0.0267  1.0033  0.1820 -0.0136  0.6410  0.9720 -0.0104  0.7850  0.0827  0.9150  0.5350  0.0188
 33 12  1.6254  4.1186  0.6898  0.5949  0.0204  0.0261  1.0029  0.1812 -0.0131  0.6410  0.9746 -0.0089  0.8134  0.0595  0.9197  0.5264  0.0181
 34 12  1.6755  4.1184  0.6740  0.5712  0.0165  0.0255  1.0020  0.2029 -0.0109  0.6411  0.9800 -0.0087  0.8303  0.0505  0.9169  0.5173  0.0149
 35 12  1.7249  4.0792  0.6619  0.5964  0.0150  0.0252  1.0017  0.2052 -0.0112  0.6411  0.9807 -0.0089  0.8317  0.0566  0.9171  0.5408  0.0136
 36 12  1.7745  4.1010  0.6413  0.6014  0.0160  0.0245  1.0018  0.1906 -0.0124  0.6410  0.9800 -0.0165  0.8364  0.0673  0.9223  0.5453  0.0145
 37 12  1.8259  4.0990  0.6218  0.5657  0.0155  0.0241  1.0017  0.1871 -0.0121  0.6410  0.9790 -0.0131  0.8417  0.0748  0.9263  0.5140  0.0140
 38 12  1.8758  4.1018  0.6010  0.5159  0.0148  0.0234  1.0019  0.1871 -0.0119  0.6410  0.9800 -0.0186  0.8513  0.0770  0.9309  0.4718  0.0136
 39 12  1.9248  4.1034  0.5794  0.5236  0.0140  0.0227  1.0029  0.1868 -0.0119  0.6410  0.9797 -0.0167  0.8651  0.0739  0.9350  0.4844  0.0129
 40 12  1.9753  4.0944  0.5568  0.5311  0.0136  0.0225  1.0043  0.1857 -0.0115  0.6408  0.9786 -0.0113  0.8813  0.0675  0.9386  0.4986  0.0128
 41 12  2.0251  4.1157  0.5294  0.5216  0.0132  0.0219  1.0076  0.1841 -0.0115  0.6409  0.9766 -0.0129  0.9014  0.0595  0.9426  0.4988  0.0126
 42 12  2.0749  4.1045  0.5051  0.5189  0.0127  0.0214  1.0102  0.1827 -0.0115  0.6411  0.9746 -0.0148  0.9166  0.0540  0.9456  0.5030  0.0123
 43 12  2.1253  4.0989  0.4788  0.5311  0.0123  0.0208  1.0136  0.1816 -0.0115  0.6416  0.9727 -0.0168  0.9313  0.0495  0.9486  0.5214  0.0121
 44 12  2.1747  4.0775  0.4537  0.5272  0.0125  0.0203  1.0173  0.1807 -0.0114  0.6420  0.9694 -0.0195  0.9431  0.0466  0.9516  0.5225  0.0124
 45 12  2.2244  4.0509  0.4281  0.5488  0.0127  0.0198  1.0217  0.1800 -0.0113  0.6425  0.9652 -0.0224  0.9539  0.0443  0.9545  0.5484  0.0127
 46 12  2.2733  4.0364  0.4002  0.5055  0.0139  0.0198  1.0358  0.1793 -0.0112  0.6432  0.9602 -0.0260  0.9651  0.0419  0.9573  0.5095  0.0140
 47 12  2.3220  3.9950  0.3759  0.4924  0.0162  0.0198  1.0459  0.1786 -0.0111  0.6441  0.9526 -0.0303  0.9733  0.0402  0.9602  0.4991  0.0165
 48 12  2.3715  3.9588  0.3492  0.4904  0.0198  0.0204  1.0605  0.1781 -0.0110  0.6450  0.9430 -0.0359  0.9818  0.0383  0.9630  0.5000  0.0202
 49 12  2.4164  3.8681  0.3322  0.4454  0.0299  0.0201  1.0625  0.1773 -0.0109  0.6450  0.9290 -0.0442  0.9852  0.0377  0.9658  0.4543  0.0305
 25 13  1.2269  4.8981  0.7078 -0.4523  0.0864  0.0212  1.0030  0.1629 -0.2614  0.6411  0.8760 -0.0751  0.6778  0.3029 -0.7504  0.4080  0.0780
 26 13  1.2742  4.8696  0.7004  0.4563  0.0655  0.0237  1.0030  0.1481 -0.0155  0.6411  0.8950 -0.0033  0.7543  0.1760  0.9113  0.3777  0.0542
 27 13  1.3246  4.8556  0.6900  0.4929  0.0543  0.0250  1.0020  0.1483 -0.0134  0.6410  0.9190 -0.0016  0.8222  0.0845  0.9190  0.4410  0.0486
 28 13  1.3765  4.8752  0.6747  0.5702  0.0448  0.0264  1.0025  0.1554 -0.0121  0.6410  0.9376  0.0103  0.8524  0.0573  0.9156  0.5306  0.0417
 29 13  1.4272  4.8747  0.6610  0.6938  0.0395  0.0267  1.0031  0.1635 -0.0121  0.6410  0.9510 -0.0003  0.8508  0.0687  0.9099  0.6490  0.0370
 30 13  1.4766  4.8830  0.6458  0.6526  0.0314  0.0263  1.0039  0.1927 -0.0108  0.6411  0.9660 -0.0067  0.8232  0.1157  0.8983  0.5981  0.0288
 31 13  1.5255  4.8920  0.6297  0.6438  0.0273  0.0263  1.0046  0.2075 -0.0106  0.6411  0.9710 -0.0074  0.8358  0.1101  0.9024  0.5965  0.0253
 32 13  1.5757  4.9058  0.6112  0.6270  0.0280  0.0250  1.0039  0.1823 -0.0134  0.6409  0.9706 -0.0135  0.8855  0.0593  0.9098  0.6101  0.0272
 33 13  1.6263  4.8981  0.5946  0.6505  0.0254  0.0245  1.0025  0.1824 -0.0130  0.6410  0.9730 -0.0132  0.9093  0.0407  0.9138  0.6473  0.0252
 34 13  1.6762  4.9129  0.5742  0.6291  0.0211  0.0238  1.0021  0.2030 -0.0112  0.6412  0.9777 -0.0139  0.9268  0.0326  0.9128  0.6388  0.0215
 35 13  1.7253  4.8767  0.5594  0.6346  0.0197  0.0235  1.0027  0.2058 -0.0114  0.6411  0.9786 -0.0112  0.9299  0.0358  0.9134  0.6462  0.0200
 36 13  1.7759  4.8553  0.5420  0.6004  0.0197  0.0230  1.0041  0.1935 -0.0124  0.6417  0.9777 -0.0187  0.9304  0.0433  0.9175  0.6088  0.0200
 37 13  1.8261  4.8597  0.5193  0.5757  0.0201  0.0224  1.0069  0.1909 -0.0123  0.6419  0.9767 -0.0192  0.9369  0.0470  0.9211  0.5856  0.0204
 38 13  1.8749  4.8440  0.4993  0.5743  0.0201  0.0219  1.0080  0.1913 -0.0121  0.6423  0.9767 -0.0211  0.9433  0.0484  0.9252  0.5856  0.0205
 39 13  1.9242  4.8107  0.4801  0.5334  0.0201  0.0215  1.0115  0.1913 -0.0119  0.6425  0.9755 -0.0203  0.9510  0.0473  0.9288  0.5462  0.0206
 40 13  1.9735  4.7579  0.4634  0.5136  0.0209  0.0213  1.0141  0.1905 -0.0118  0.6430  0.9736 -0.0221  0.9580  0.0449  0.9327  0.5273  0.0214
 41 13  2.0240  4.7342  0.4413  0.5408  0.0227  0.0209  1.0181  0.1894 -0.0118  0.6441  0.9708 -0.0217  0.9687  0.0410  0.9365  0.5593  0.0235
 42 13  2.0744  4.6992  0.4193  0.5221  0.0270  0.0207  1.0242  0.1881 -0.0118  0.6446  0.9669 -0.0251  0.9780  0.0380  0.9394  0.5435  0.0281
 43 13  2.1237  4.6635  0.3966  0.5899  0.0316  0.0206  1.0323  0.1872 -0.0117  0.6450  0.9630 -0.0288  0.9864  0.0356  0.9424  0.6175  0.0330
 44 13  2.1737  4.5984  0.3764  0.6160  0.0400  0.0198  1.0249  0.1862 -0.0116  0.6450  0.9560 -0.0340  0.9923  0.0342  0.9453  0.6466  0.0420
 45 13  2.2144  4.5561  0.3573  0.4727  0.0796  0.0196  1.0307  0.1853 -0.0116  0.6450  0.9460 -0.0389  0.9978  0.0330  0.9482  0.4975  0.0837
 26 14  1.2775  5.7776  0.5936  0.5859  0.0994  0.0216  1.0022  0.1368 -0.0173  0.6417  0.8860 -0.0142  0.8510  0.1493  0.9137  0.5455  0.0926
 27 14  1.3261  5.7749  0.5804  0.6100  0.0861  0.0227  1.0041  0.1423 -0.0149  0.6428  0.9140 -0.0169  0.9200  0.0681  0.9243  0.6071  0.0857
 28 14  1.3739  5.7523  0.5687  0.5151  0.0705  0.0242  1.0044  0.1521 -0.0130  0.6426  0.9337  0.0018  0.9449  0.0447  0.9211  0.5284  0.0723
 29 14  1.4250  5.7241  0.5567  0.7320  0.0604  0.0251  1.0050  0.1610 -0.0122  0.6423  0.9477 -0.0018  0.9440  0.0501  0.9153  0.7548  0.0623
 30 14  1.4757  5.6951  0.5434  0.6777  0.0530  0.0249  1.0067  0.1879 -0.0110  0.6427  0.9607 -0.0076  0.9187  0.0846  0.9041  0.6886  0.0539
 31 14  1.5240  5.6848  0.5287  0.6803  0.0472  0.0250  1.0056  0.2016 -0.0108  0.6434  0.9668 -0.0118  0.9263  0.0816  0.8988  0.7009  0.0487
 32 14  1.5760  5.6312  0.5166  0.6745  0.0512  0.0237  1.0078  0.1803 -0.0132  0.6433  0.9658 -0.0211  0.9640  0.0426  0.9049  0.7186  0.0546
 33 14  1.6255  5.6126  0.5006  0.6222  0.0542  0.0233  1.0088  0.1810 -0.0129  0.6439  0.9679 -0.0211  0.9825  0.0285  0.9084  0.6731  0.0586
 34 14  1.6735  5.5965  0.4842  0.5805  0.0556  0.0227  1.0138  0.1988 -0.0118  0.6447  0.9720 -0.0230  0.9933  0.0227  0.9092  0.6343  0.0607
 35 14  1.7229  5.5682  0.4674  0.6536  0.0556  0.0229  1.0251  0.2018 -0.0117  0.6450  0.9720 -0.0175  0.9973  0.0238  0.9100  0.7164  0.0610
 36 14  1.7710  5.5025  0.4552  0.7457  0.0693  0.0231  1.0327  0.1934 -0.0122  0.6450  0.9710 -0.0249  0.9951  0.0286  0.9127  0.8130  0.0755
 37 14  1.8180  5.4816  0.4359  0.5932  0.0865  0.0219  1.0217  0.1924 -0.0124  0.6450  0.9690 -0.0302  0.9985  0.0310  0.9159  0.6467  0.0943
