 iw iq       W      Q2   epsln   g1/F1    stat    syst     c_s       f      c_1    PBPT    f_RC     A_RC      D'   eps*R    C_g2  Aparr    err
 53  1  2.6304  0.6213  0.4499  0.1710  0.0674  0.0149  1.1298  0.1551 -0.0013  0.6520  0.7820 -0.0334  0.8012  0.1417  1.0154  0.1349  0.0532
 54  1  2.6794  0.6146  0.4020  0.1405  0.0482  0.0138  1.1436  0.1581 -0.0012  0.6520  0.7490 -0.0403  0.8295  0.1284  1.0160  0.1147  0.0393
 50  2  2.4803  0.7378  0.5606  0.2357  0.0527  0.0176  1.0493  0.1491 -0.0034  0.6520  0.8630 -0.0227  0.7351  0.1662  1.0139  0.1709  0.0382
 51  2  2.5277  0.7264  0.5229  0.1909  0.0365  0.0166  1.0640  0.1505 -0.0032  0.6520  0.8460 -0.0262  0.7605  0.1570  1.0149  0.1430  0.0273
 52  2  2.5760  0.7165  0.4815  0.1710  0.0294  0.0155  1.0762  0.1523 -0.0030  0.6520  0.8240 -0.0307  0.7870  0.1466  1.0159  0.1325  0.0227
 53  2  2.6255  0.7123  0.4350  0.2011  0.0271  0.0148  1.1164  0.1545 -0.0029  0.6520  0.7960 -0.0366  0.8155  0.1342  1.0168  0.1613  0.0218
 54  2  2.6707  0.7028  0.3913  0.1452  0.0271  0.0142  1.1437  0.1573 -0.0027  0.6520  0.7620 -0.0447  0.8404  0.1226  1.0178  0.1199  0.0224
 46  3  2.2798  0.8844  0.6778  0.2475  0.0798  0.0212  1.0186  0.1476 -0.0059  0.6520  0.9170 -0.0137  0.6533  0.1883  1.0079  0.1605  0.0518
 47  3  2.3285  0.8736  0.6482  0.2819  0.0486  0.0203  1.0195  0.1479 -0.0056  0.6520  0.9100 -0.0157  0.6780  0.1805  1.0091  0.1894  0.0326
 48  3  2.3783  0.8612  0.6157  0.1655  0.0374  0.0194  1.0272  0.1483 -0.0053  0.6520  0.9010 -0.0181  0.7032  0.1727  1.0104  0.1152  0.0260
 49  3  2.4260  0.8485  0.5824  0.2431  0.0296  0.0184  1.0366  0.1490 -0.0050  0.6520  0.8890 -0.0208  0.7274  0.1650  1.0116  0.1748  0.0213
 50  3  2.4747  0.8471  0.5437  0.1940  0.0258  0.0174  1.0486  0.1497 -0.0048  0.6520  0.8740 -0.0241  0.7549  0.1554  1.0128  0.1446  0.0192
 51  3  2.5254  0.8497  0.4996  0.2248  0.0237  0.0164  1.0713  0.1508 -0.0046  0.6520  0.8560 -0.0281  0.7846  0.1441  1.0140  0.1739  0.0184
 52  3  2.5758  0.8453  0.4543  0.1874  0.0233  0.0156  1.0965  0.1525 -0.0044  0.6520  0.8340 -0.0334  0.8127  0.1328  1.0153  0.1500  0.0186
 53  3  2.6266  0.8483  0.4041  0.1794  0.0212  0.0151  1.1316  0.1545 -0.0042  0.6520  0.8060 -0.0403  0.8424  0.1196  1.0165  0.1486  0.0176
 54  3  2.6596  0.8166  0.3775  0.2172  0.0410  0.0158  1.1745  0.1574 -0.0041  0.6520  0.7710 -0.0500  0.8553  0.1140  1.0178  0.1825  0.0345
 42  4  2.0778  1.0567  0.7600  0.3333  0.0838  0.0241  1.0057  0.1501 -0.0077  0.6520  0.9450 -0.0071  0.5786  0.2223  0.9970  0.1934  0.0486
 43  4  2.1283  1.0452  0.7372  0.3652  0.0575  0.0234  1.0063  0.1494 -0.0076  0.6520  0.9410 -0.0087  0.6053  0.2058  0.9989  0.2213  0.0348
 44  4  2.1772  1.0436  0.7118  0.2691  0.0403  0.0226  1.0093  0.1491 -0.0074  0.6520  0.9370 -0.0102  0.6324  0.1924  1.0007  0.1701  0.0254
 45  4  2.2266  1.0312  0.6857  0.2975  0.0323  0.0218  1.0121  0.1492 -0.0072  0.6520  0.9310 -0.0121  0.6569  0.1825  1.0024  0.1950  0.0212
 46  4  2.2757  1.0207  0.6572  0.2538  0.0282  0.0209  1.0150  0.1492 -0.0069  0.6520  0.9250 -0.0138  0.6816  0.1738  1.0040  0.1723  0.0192
 47  4  2.3267  1.0120  0.6248  0.2346  0.0249  0.0200  1.0224  0.1495 -0.0067  0.6520  0.9180 -0.0158  0.7077  0.1653  1.0055  0.1651  0.0175
 48  4  2.3756  1.0098  0.5901  0.2206  0.0233  0.0190  1.0285  0.1499 -0.0064  0.6520  0.9090 -0.0183  0.7342  0.1565  1.0070  0.1608  0.0170
 49  4  2.4257  1.0093  0.5516  0.2170  0.0216  0.0181  1.0483  0.1504 -0.0062  0.6520  0.8970 -0.0218  0.7619  0.1472  1.0084  0.1640  0.0163
 50  4  2.4759  1.0090  0.5102  0.2100  0.0218  0.0172  1.0658  0.1511 -0.0059  0.6520  0.8820 -0.0259  0.7897  0.1372  1.0098  0.1642  0.0170
 51  4  2.5249  1.0093  0.4668  0.2285  0.0206  0.0164  1.0863  0.1519 -0.0057  0.6520  0.8640 -0.0308  0.8170  0.1268  1.0113  0.1846  0.0166
 52  4  2.5747  1.0101  0.4198  0.2036  0.0194  0.0165  1.1282  0.1532 -0.0055  0.6520  0.8410 -0.0371  0.8447  0.1154  1.0128  0.1698  0.0162
 53  4  2.6181  0.9945  0.3803  0.2112  0.0230  0.0170  1.1657  0.1553 -0.0054  0.6520  0.8110 -0.0456  0.8656  0.1063  1.0144  0.1802  0.0196
 37  5  1.8283  1.2601  0.8295  0.4561  0.0900  0.0264  1.0034  0.1538 -0.0105  0.6520  0.9580 -0.0190  0.5010  0.2807  0.9837  0.2323  0.0458
 38  5  1.8775  1.2463  0.8151  0.2436  0.0713  0.0256  1.0032  0.1551 -0.0099  0.6520  0.9580 -0.0238  0.5115  0.2862  0.9911  0.1257  0.0368
 39  5  1.9269  1.2376  0.7984  0.3424  0.0556  0.0250  1.0025  0.1558 -0.0093  0.6520  0.9580 -0.0220  0.5301  0.2762  0.9943  0.1826  0.0296
 40  5  1.9752  1.2292  0.7807  0.2945  0.0448  0.0247  1.0025  0.1551 -0.0082  0.6520  0.9560 -0.0111  0.5545  0.2548  0.9908  0.1648  0.0251
 41  5  2.0253  1.2145  0.7614  0.3023  0.0363  0.0245  1.0036  0.1538 -0.0080  0.6520  0.9540 -0.0044  0.5815  0.2299  0.9894  0.1777  0.0213
 42  5  2.0759  1.2172  0.7375  0.3319  0.0296  0.0238  1.0048  0.1525 -0.0084  0.6520  0.9510 -0.0069  0.6128  0.2064  0.9916  0.2051  0.0183
 43  5  2.1255  1.2092  0.7137  0.3165  0.0278  0.0230  1.0086  0.1517 -0.0084  0.6520  0.9480 -0.0088  0.6401  0.1892  0.9937  0.2039  0.0179
 44  5  2.1746  1.2133  0.6861  0.3222  0.0258  0.0222  1.0109  0.1514 -0.0082  0.6520  0.9440 -0.0106  0.6688  0.1748  0.9957  0.2164  0.0173
 45  5  2.2256  1.2062  0.6570  0.2881  0.0243  0.0213  1.0147  0.1512 -0.0080  0.6520  0.9340 -0.0138  0.6953  0.1638  0.9976  0.2008  0.0170
 46  5  2.2747  1.2032  0.6259  0.3169  0.0229  0.0204  1.0197  0.1514 -0.0078  0.6520  0.9320 -0.0148  0.7213  0.1543  0.9994  0.2287  0.0165
 47  5  2.3244  1.2008  0.5919  0.3006  0.0213  0.0195  1.0254  0.1515 -0.0076  0.6520  0.9240 -0.0173  0.7476  0.1454  1.0011  0.2245  0.0159
 48  5  2.3759  1.2024  0.5532  0.2556  0.0205  0.0186  1.0441  0.1518 -0.0073  0.6520  0.9150 -0.0201  0.7756  0.1360  1.0028  0.1977  0.0159
 49  5  2.4252  1.2044  0.5133  0.2641  0.0203  0.0177  1.0576  0.1522 -0.0071  0.6520  0.9030 -0.0236  0.8024  0.1267  1.0045  0.2110  0.0162
 50  5  2.4751  1.1995  0.4717  0.2500  0.0189  0.0172  1.0808  0.1528 -0.0069  0.6520  0.8870 -0.0282  0.8280  0.1176  1.0061  0.2057  0.0155
 51  5  2.5257  1.2002  0.4254  0.2421  0.0188  0.0177  1.1247  0.1536 -0.0067  0.6520  0.8680 -0.0345  0.8549  0.1071  1.0078  0.2054  0.0160
 52  5  2.5736  1.1925  0.3809  0.2635  0.0202  0.0185  1.1617  0.1548 -0.0065  0.6520  0.8430 -0.0426  0.8786  0.0973  1.0096  0.2293  0.0176
 53  5  2.6054  1.1223  0.3648  0.3570  0.0733  0.0219  1.2263  0.1566 -0.0064  0.6520  0.8110 -0.0536  0.8824  0.0966  1.0115  0.3114  0.0639
 31  6  1.5281  1.4823  0.8810  0.4379  0.0870  0.0295  1.0043  0.1880 -0.0112  0.6520  0.9560  0.0042  0.4905  0.2217  0.9604  0.2236  0.0444
 32  6  1.5761  1.4815  0.8714  0.6683  0.0819  0.0292  1.0043  0.1568 -0.0135  0.6520  0.9510  0.0010  0.5087  0.1993  0.9769  0.3480  0.0426
 33  6  1.6250  1.4713  0.8617  0.4874  0.0728  0.0289  1.0044  0.1541 -0.0128  0.6520  0.9550 -0.0013  0.5132  0.2093  0.9855  0.2538  0.0379
 34  6  1.6749  1.4643  0.8503  0.5084  0.0521  0.0285  1.0046  0.1745 -0.0107  0.6520  0.9640 -0.0048  0.5093  0.2436  0.9794  0.2644  0.0271
 35  6  1.7271  1.4573  0.8371  0.4382  0.0423  0.0277  1.0039  0.1753 -0.0112  0.6520  0.9650 -0.0086  0.5175  0.2525  0.9745  0.2327  0.0225
 36  6  1.7759  1.4504  0.8237  0.4753  0.0440  0.0269  1.0026  0.1602 -0.0116  0.6520  0.9630 -0.0138  0.5301  0.2511  0.9739  0.2587  0.0239
 37  6  1.8259  1.4417  0.8087  0.4470  0.0382  0.0261  1.0021  0.1574 -0.0107  0.6520  0.9620 -0.0177  0.5383  0.2620  0.9749  0.2468  0.0211
 38  6  1.8768  1.4431  0.7907  0.3851  0.0339  0.0252  1.0020  0.1584 -0.0103  0.6520  0.9620 -0.0235  0.5522  0.2661  0.9819  0.2165  0.0190
 39  6  1.9259  1.4257  0.7742  0.3320  0.0329  0.0245  1.0021  0.1590 -0.0100  0.6520  0.9620 -0.0224  0.5688  0.2573  0.9860  0.1915  0.0190
 40  6  1.9753  1.4336  0.7525  0.3308  0.0287  0.0243  1.0042  0.1582 -0.0089  0.6520  0.9600 -0.0097  0.5979  0.2334  0.9836  0.2011  0.0174
 41  6  2.0251  1.4293  0.7305  0.3611  0.0269  0.0240  1.0053  0.1567 -0.0087  0.6520  0.9580 -0.0040  0.6278  0.2076  0.9836  0.2305  0.0171
 42  6  2.0766  1.4326  0.7045  0.3684  0.0257  0.0233  1.0080  0.1552 -0.0090  0.6520  0.9550 -0.0068  0.6602  0.1838  0.9860  0.2467  0.0172
 43  6  2.1256  1.4379  0.6773  0.3384  0.0244  0.0224  1.0093  0.1544 -0.0090  0.6520  0.9520 -0.0090  0.6903  0.1657  0.9883  0.2363  0.0170
 44  6  2.1746  1.4353  0.6492  0.3094  0.0224  0.0216  1.0121  0.1540 -0.0089  0.6520  0.9480 -0.0112  0.7172  0.1524  0.9905  0.2241  0.0162
 45  6  2.2243  1.4254  0.6197  0.3856  0.0214  0.0208  1.0195  0.1538 -0.0087  0.6520  0.9420 -0.0138  0.7420  0.1422  0.9926  0.2882  0.0160
 46  6  2.2759  1.4288  0.5841  0.3157  0.0202  0.0198  1.0272  0.1538 -0.0085  0.6520  0.9360 -0.0162  0.7700  0.1318  0.9946  0.2444  0.0157
 47  6  2.3253  1.4332  0.5473  0.3113  0.0200  0.0191  1.0450  0.1539 -0.0083  0.6520  0.9280 -0.0192  0.7965  0.1227  0.9965  0.2488  0.0160
 48  6  2.3750  1.4274  0.5096  0.3051  0.0190  0.0184  1.0585  0.1542 -0.0081  0.6520  0.9180 -0.0226  0.8209  0.1146  0.9984  0.2508  0.0156
 49  6  2.4260  1.4229  0.4680  0.3269  0.0189  0.0181  1.0811  0.1545 -0.0079  0.6520  0.9050 -0.0268  0.8459  0.1060  1.0003  0.2765  0.0160
 50  6  2.4762  1.4296  0.4220  0.2904  0.0193  0.0193  1.1277  0.1550 -0.0077  0.6520  0.8890 -0.0321  0.8723  0.0961  1.0022  0.2528  0.0168
 51  6  2.5245  1.4144  0.3799  0.2718  0.0206  0.0209  1.1685  0.1556 -0.0075  0.6520  0.8670 -0.0392  0.8934  0.0879  1.0041  0.2419  0.0184
 52  6  2.5592  1.3496  0.3604  0.2280  0.0512  0.0245  1.2239  0.1567 -0.0074  0.6520  0.8400 -0.0496  0.8993  0.0862  1.0061  0.2038  0.0457
 25  7  1.2264  1.7571  0.9041 -0.0638  0.0692  0.0272  1.0036  0.2136 -0.0084  0.6520  0.8940 -0.0351  0.5513  0.1198  0.9000 -0.0391  0.0424
 26  7  1.2753  1.7350  0.8998  0.1766  0.0804  0.0271  1.0038  0.1766 -0.0048  0.6520  0.8950 -0.0119  0.5481  0.1231  0.9811  0.0987  0.0449
 27  7  1.3244  1.7352  0.8931  0.2765  0.0820  0.0280  1.0042  0.1539 -0.0096  0.6520  0.9010  0.0083  0.5455  0.1358  0.9641  0.1564  0.0464
 28  7  1.3751  1.7370  0.8852  0.5181  0.0720  0.0291  1.0041  0.1479 -0.0113  0.6520  0.9140  0.0152  0.5450  0.1478  0.9583  0.2946  0.0409
 29  7  1.4262  1.7210  0.8781  0.5291  0.0637  0.0290  1.0043  0.1502 -0.0135  0.6520  0.9290  0.0039  0.5389  0.1686  0.9490  0.3004  0.0362
 30  7  1.4755  1.7322  0.8680  0.6638  0.0482  0.0288  1.0042  0.1785 -0.0118  0.6520  0.9500 -0.0001  0.5285  0.2119  0.9375  0.3742  0.0272
 31  7  1.5238  1.7110  0.8602  0.4829  0.0403  0.0291  1.0043  0.1932 -0.0111  0.6520  0.9600  0.0022  0.5306  0.2175  0.9442  0.2714  0.0226
 32  7  1.5736  1.7121  0.8491  0.5944  0.0439  0.0286  1.0040  0.1608 -0.0137  0.6520  0.9560 -0.0021  0.5551  0.1845  0.9607  0.3434  0.0254
 33  7  1.6246  1.7110  0.8368  0.5673  0.0403  0.0283  1.0034  0.1580 -0.0130  0.6520  0.9590 -0.0034  0.5651  0.1862  0.9697  0.3306  0.0235
 34  7  1.6735  1.7110  0.8237  0.4899  0.0337  0.0279  1.0026  0.1789 -0.0108  0.6520  0.9670 -0.0054  0.5650  0.2109  0.9642  0.2871  0.0197
 35  7  1.7239  1.7073  0.8094  0.5423  0.0303  0.0271  1.0018  0.1801 -0.0112  0.6520  0.9690 -0.0088  0.5724  0.2209  0.9611  0.3230  0.0181
 36  7  1.7750  1.7088  0.7928  0.4973  0.0312  0.0263  1.0022  0.1646 -0.0118  0.6520  0.9670 -0.0144  0.5855  0.2223  0.9635  0.3022  0.0189
 37  7  1.8250  1.7133  0.7747  0.4080  0.0295  0.0256  1.0028  0.1617 -0.0109  0.6520  0.9660 -0.0165  0.5956  0.2323  0.9659  0.2516  0.0182
 38  7  1.8748  1.7194  0.7547  0.3750  0.0292  0.0246  1.0033  0.1624 -0.0106  0.6520  0.9660 -0.0234  0.6096  0.2358  0.9726  0.2350  0.0183
 39  7  1.9244  1.6986  0.7370  0.3299  0.0264  0.0238  1.0034  0.1629 -0.0106  0.6520  0.9660 -0.0234  0.6258  0.2278  0.9773  0.2112  0.0169
 40  7  1.9750  1.7083  0.7126  0.3827  0.0251  0.0237  1.0049  0.1618 -0.0094  0.6520  0.9640 -0.0083  0.6562  0.2041  0.9761  0.2573  0.0169
 41  7  2.0248  1.7031  0.6889  0.4284  0.0239  0.0233  1.0076  0.1603 -0.0093  0.6520  0.9610 -0.0043  0.6862  0.1796  0.9774  0.3008  0.0168
 42  7  2.0746  1.7012  0.6626  0.4061  0.0222  0.0226  1.0102  0.1588 -0.0096  0.6520  0.9580 -0.0071  0.7165  0.1582  0.9800  0.2969  0.0163
 43  7  2.1255  1.7017  0.6332  0.3865  0.0223  0.0217  1.0128  0.1578 -0.0096  0.6520  0.9550 -0.0096  0.7461  0.1409  0.9825  0.2935  0.0170
 44  7  2.1746  1.7099  0.6012  0.4150  0.0212  0.0208  1.0176  0.1572 -0.0095  0.6520  0.9500 -0.0123  0.7745  0.1275  0.9848  0.3264  0.0167
 45  7  2.2250  1.7001  0.5692  0.3899  0.0203  0.0200  1.0251  0.1568 -0.0093  0.6520  0.9440 -0.0156  0.7987  0.1177  0.9871  0.3155  0.0164
 46  7  2.2751  1.6999  0.5334  0.3498  0.0203  0.0194  1.0432  0.1567 -0.0091  0.6520  0.9380 -0.0190  0.8238  0.1087  0.9893  0.2913  0.0169
 47  7  2.3254  1.7115  0.4924  0.3636  0.0204  0.0189  1.0602  0.1568 -0.0089  0.6520  0.9290 -0.0229  0.8506  0.0994  0.9915  0.3119  0.0175
 48  7  2.3749  1.6982  0.4546  0.3598  0.0204  0.0190  1.0836  0.1569 -0.0087  0.6520  0.9180 -0.0275  0.8717  0.0923  0.9936  0.3157  0.0179
 49  7  2.4254  1.7030  0.4096  0.3296  0.0205  0.0212  1.1336  0.1570 -0.0085  0.6520  0.9030 -0.0333  0.8961  0.0835  0.9956  0.2966  0.0185
 50  7  2.4726  1.6821  0.3707  0.3471  0.0235  0.0236  1.1740  0.1574 -0.0084  0.6520  0.8840 -0.0408  0.9142  0.0768  0.9977  0.3181  0.0216
 51  7  2.5076  1.5990  0.3557  0.3664  0.0583  0.0265  1.2131  0.1581 -0.0082  0.6520  0.8580 -0.0507  0.9167  0.0764  0.9998  0.3359  0.0535
 24  8  1.1748  2.0366  0.8886  0.0868  0.0922  0.0267  1.0042  0.1464 -0.0005  0.6520  0.7790 -0.1122  0.5831  0.1427  0.8963  0.0565  0.0600
 25  8  1.2253  2.0408  0.8817 -0.0401  0.0550  0.0265  1.0042  0.2105 -0.0030  0.6520  0.8920 -0.0409  0.5866  0.1406  0.8882 -0.0265  0.0363
 26  8  1.2747  2.0446  0.8742  0.1314  0.0619  0.0265  1.0043  0.1755 -0.0084  0.6520  0.8960 -0.0113  0.5955  0.1307  0.9547  0.0819  0.0386
 27  8  1.3267  2.0302  0.8672  0.2630  0.0637  0.0277  1.0042  0.1558 -0.0103  0.6520  0.9040  0.0092  0.6003  0.1258  0.9517  0.1659  0.0402
 28  8  1.3767  2.0523  0.8563  0.4380  0.0614  0.0288  1.0041  0.1519 -0.0114  0.6520  0.9190  0.0155  0.6080  0.1288  0.9470  0.2812  0.0394
 29  8  1.4241  2.0385  0.8485  0.5152  0.0546  0.0286  1.0039  0.1546 -0.0133  0.6520  0.9340  0.0023  0.6018  0.1483  0.9377  0.3306  0.0351
 30  8  1.4748  2.0409  0.8375  0.5477  0.0422  0.0283  1.0037  0.1834 -0.0116  0.6520  0.9540 -0.0024  0.5838  0.2000  0.9244  0.3459  0.0267
 31  8  1.5261  2.0425  0.8254  0.5404  0.0341  0.0284  1.0033  0.1983 -0.0111  0.6520  0.9630  0.0002  0.5920  0.2020  0.9317  0.3433  0.0217
 32  8  1.5748  2.0420  0.8131  0.6254  0.0405  0.0278  1.0022  0.1655 -0.0139  0.6520  0.9600 -0.0048  0.6223  0.1611  0.9473  0.4108  0.0266
 33  8  1.6237  2.0420  0.7995  0.6294  0.0359  0.0274  1.0013  0.1626 -0.0132  0.6520  0.9620 -0.0055  0.6359  0.1556  0.9561  0.4187  0.0239
 34  8  1.6778  2.0229  0.7855  0.5405  0.0303  0.0270  1.0010  0.1838 -0.0108  0.6520  0.9700 -0.0063  0.6360  0.1734  0.9510  0.3615  0.0203
 35  8  1.7266  2.0390  0.7673  0.5141  0.0289  0.0262  1.0015  0.1850 -0.0112  0.6520  0.9710 -0.0096  0.6479  0.1788  0.9491  0.3509  0.0197
 36  8  1.7754  2.0367  0.7500  0.5375  0.0301  0.0255  1.0014  0.1697 -0.0119  0.6520  0.9690 -0.0162  0.6565  0.1859  0.9535  0.3701  0.0207
 37  8  1.8252  2.0408  0.7300  0.4612  0.0310  0.0248  1.0022  0.1664 -0.0111  0.6520  0.9680 -0.0164  0.6651  0.1964  0.9569  0.3206  0.0216
 38  8  1.8748  2.0466  0.7080  0.4714  0.0283  0.0238  1.0032  0.1669 -0.0110  0.6520  0.9680 -0.0239  0.6787  0.1993  0.9633  0.3321  0.0199
 39  8  1.9256  2.0304  0.6870  0.3693  0.0275  0.0229  1.0061  0.1672 -0.0111  0.6520  0.9670 -0.0246  0.6963  0.1909  0.9683  0.2656  0.0198
 40  8  1.9747  2.0281  0.6629  0.4353  0.0260  0.0229  1.0087  0.1660 -0.0099  0.6520  0.9650 -0.0082  0.7233  0.1710  0.9684  0.3251  0.0195
 41  8  2.0247  2.0375  0.6345  0.4172  0.0252  0.0224  1.0122  0.1643 -0.0098  0.6520  0.9630 -0.0059  0.7557  0.1476  0.9708  0.3248  0.0196
 42  8  2.0759  2.0346  0.6053  0.4338  0.0240  0.0216  1.0171  0.1628 -0.0101  0.6520  0.9600 -0.0089  0.7854  0.1282  0.9736  0.3499  0.0193
 43  8  2.1254  2.0327  0.5747  0.4469  0.0233  0.0209  1.0230  0.1618 -0.0101  0.6520  0.9560 -0.0115  0.8123  0.1136  0.9762  0.3719  0.0194
 44  8  2.1749  2.0360  0.5410  0.4279  0.0232  0.0202  1.0341  0.1610 -0.0100  0.6520  0.9510 -0.0146  0.8382  0.1019  0.9788  0.3665  0.0199
 45  8  2.2248  2.0447  0.5036  0.4292  0.0223  0.0197  1.0472  0.1606 -0.0098  0.6520  0.9440 -0.0183  0.8637  0.0920  0.9812  0.3778  0.0196
 46  8  2.2751  2.0285  0.4684  0.4333  0.0231  0.0197  1.0671  0.1604 -0.0097  0.6520  0.9360 -0.0225  0.8839  0.0848  0.9836  0.3894  0.0208
 47  8  2.3250  2.0335  0.4268  0.3947  0.0226  0.0207  1.0970  0.1601 -0.0095  0.6520  0.9260 -0.0278  0.9067  0.0769  0.9859  0.3630  0.0208
 48  8  2.3746  2.0238  0.3862  0.4082  0.0238  0.0234  1.1412  0.1600 -0.0093  0.6520  0.9130 -0.0342  0.9262  0.0700  0.9882  0.3826  0.0224
 49  8  2.4212  1.9765  0.3544  0.3749  0.0315  0.0276  1.1911  0.1601 -0.0092  0.6520  0.8950 -0.0426  0.9385  0.0655  0.9904  0.3552  0.0298
 25  9  1.2260  2.4160  0.8480  0.0350  0.0536  0.0254  1.0045  0.2053  0.0310  0.6520  0.8890 -0.0495  0.6290  0.1667  0.8643  0.0255  0.0390
 26  9  1.2773  2.4255  0.8382  0.2540  0.0670  0.0259  1.0039  0.1729 -0.0105  0.6520  0.8960 -0.0108  0.6519  0.1358  0.9370  0.1768  0.0466
 27  9  1.3265  2.4083  0.8306  0.4062  0.0663  0.0272  1.0036  0.1563 -0.0106  0.6520  0.9060  0.0095  0.6686  0.1119  0.9395  0.2890  0.0472
 28  9  1.3753  2.4173  0.8196  0.4306  0.0630  0.0283  1.0033  0.1542 -0.0112  0.6520  0.9220  0.0156  0.6785  0.1080  0.9360  0.3122  0.0457
 29  9  1.4271  2.4139  0.8083  0.4734  0.0539  0.0280  1.0029  0.1584 -0.0128  0.6520  0.9370 -0.0003  0.6723  0.1301  0.9279  0.3430  0.0390
 30  9  1.4770  2.4196  0.7953  0.5718  0.0432  0.0276  1.0026  0.1883 -0.0113  0.6520  0.9560 -0.0060  0.6488  0.1869  0.9141  0.4059  0.0307
 31  9  1.5254  2.4246  0.7817  0.6213  0.0381  0.0276  1.0021  0.2033 -0.0109  0.6520  0.9660 -0.0023  0.6585  0.1862  0.9219  0.4438  0.0272
 32  9  1.5743  2.4343  0.7661  0.5550  0.0427  0.0268  1.0020  0.1704 -0.0139  0.6520  0.9620 -0.0082  0.6984  0.1366  0.9362  0.4140  0.0319
 33  9  1.6255  2.4154  0.7523  0.6231  0.0381  0.0264  1.0019  0.1675 -0.0132  0.6520  0.9650 -0.0083  0.7139  0.1248  0.9442  0.4712  0.0288
 34  9  1.6756  2.4107  0.7357  0.5307  0.0321  0.0259  1.0021  0.1889 -0.0108  0.6520  0.9710 -0.0076  0.7218  0.1299  0.9393  0.4079  0.0247
 35  9  1.7248  2.4224  0.7156  0.5137  0.0305  0.0252  1.0033  0.1903 -0.0112  0.6520  0.9730 -0.0110  0.7318  0.1362  0.9383  0.4006  0.0238
 36  9  1.7755  2.4261  0.6945  0.5453  0.0321  0.0244  1.0045  0.1747 -0.0123  0.6520  0.9710 -0.0188  0.7386  0.1467  0.9438  0.4268  0.0252
 37  9  1.8254  2.4205  0.6734  0.4799  0.0315  0.0238  1.0059  0.1710 -0.0115  0.6520  0.9690 -0.0170  0.7442  0.1576  0.9478  0.3768  0.0247
 38  9  1.8765  2.4334  0.6471  0.4636  0.0307  0.0227  1.0091  0.1716 -0.0114  0.6520  0.9690 -0.0250  0.7592  0.1589  0.9539  0.3690  0.0244
 39  9  1.9263  2.4110  0.6253  0.3936  0.0290  0.0218  1.0113  0.1715 -0.0115  0.6520  0.9680 -0.0268  0.7748  0.1519  0.9589  0.3180  0.0234
 40  9  1.9759  2.4309  0.5946  0.4616  0.0286  0.0218  1.0150  0.1707 -0.0104  0.6520  0.9660 -0.0098  0.8052  0.1327  0.9603  0.3871  0.0239
 41  9  2.0247  2.4172  0.5683  0.4799  0.0268  0.0214  1.0192  0.1689 -0.0103  0.6520  0.9630 -0.0098  0.8303  0.1155  0.9635  0.4135  0.0231
 42  9  2.0738  2.4177  0.5372  0.4707  0.0268  0.0207  1.0275  0.1674 -0.0105  0.6520  0.9590 -0.0130  0.8571  0.0997  0.9665  0.4174  0.0238
 43  9  2.1248  2.4239  0.5016  0.4884  0.0262  0.0203  1.0403  0.1662 -0.0105  0.6520  0.9540 -0.0162  0.8836  0.0865  0.9693  0.4452  0.0239
 44  9  2.1758  2.4225  0.4651  0.4511  0.0260  0.0204  1.0599  0.1654 -0.0104  0.6520  0.9480 -0.0200  0.9064  0.0767  0.9720  0.4206  0.0243
 45  9  2.2247  2.4105  0.4302  0.4905  0.0284  0.0211  1.0828  0.1648 -0.0103  0.6520  0.9400 -0.0247  0.9252  0.0694  0.9746  0.4657  0.0269
 46  9  2.2738  2.3461  0.4040  0.4373  0.0329  0.0230  1.1120  0.1644 -0.0101  0.6520  0.9300 -0.0305  0.9352  0.0657  0.9771  0.4185  0.0315
 47  9  2.3212  2.2888  0.3762  0.4303  0.0443  0.0246  1.1347  0.1640 -0.0100  0.6520  0.9160 -0.0381  0.9453  0.0621  0.9796  0.4152  0.0428
 26 10  1.2755  2.8713  0.7911  0.2619  0.0806  0.0249  1.0025  0.1688 -0.0112  0.6520  0.8950 -0.0113  0.7123  0.1423  0.9254  0.2016  0.0620
 27 10  1.3250  2.8657  0.7807  0.3990  0.0807  0.0264  1.0020  0.1559 -0.0110  0.6520  0.9080  0.0088  0.7453  0.0991  0.9297  0.3198  0.0647
 28 10  1.3759  2.8945  0.7647  0.4724  0.0692  0.0275  1.0007  0.1559 -0.0111  0.6520  0.9260  0.0150  0.7648  0.0872  0.9268  0.3898  0.0571
 29 10  1.4256  2.8812  0.7530  0.5307  0.0664  0.0271  1.0009  0.1612 -0.0125  0.6520  0.9400 -0.0029  0.7570  0.1066  0.9201  0.4367  0.0546
 30 10  1.4758  2.8850  0.7380  0.5734  0.0483  0.0266  1.0015  0.1917 -0.0111  0.6520  0.9580 -0.0100  0.7281  0.1647  0.9065  0.4606  0.0388
 31 10  1.5270  2.8866  0.7216  0.5764  0.0422  0.0266  1.0018  0.2068 -0.0109  0.6520  0.9670 -0.0050  0.7388  0.1623  0.9149  0.4655  0.0340
 32 10  1.5753  2.8925  0.7044  0.5746  0.0465  0.0256  1.0025  0.1752 -0.0138  0.6520  0.9640 -0.0122  0.7835  0.1105  0.9275  0.4854  0.0393
 33 10  1.6249  2.8994  0.6851  0.5924  0.0439  0.0250  1.0031  0.1728 -0.0133  0.6520  0.9660 -0.0121  0.8081  0.0924  0.9344  0.5124  0.0380
 34 10  1.6750  2.8777  0.6684  0.5353  0.0349  0.0246  1.0038  0.1943 -0.0108  0.6520  0.9720 -0.0099  0.8177  0.0906  0.9297  0.4708  0.0307
 35 10  1.7256  2.8756  0.6472  0.5899  0.0331  0.0239  1.0051  0.1957 -0.0112  0.6520  0.9730 -0.0132  0.8245  0.0971  0.9292  0.5235  0.0293
 36 10  1.7756  2.8969  0.6207  0.5632  0.0356  0.0229  1.0075  0.1801 -0.0124  0.6520  0.9710 -0.0223  0.8319  0.1072  0.9350  0.5011  0.0317
 37 10  1.8252  2.8776  0.5993  0.5836  0.0356  0.0225  1.0106  0.1762 -0.0117  0.6520  0.9690 -0.0194  0.8341  0.1173  0.9393  0.5183  0.0316
 38 10  1.8754  2.8809  0.5721  0.5321  0.0341  0.0215  1.0115  0.1763 -0.0116  0.6520  0.9680 -0.0275  0.8462  0.1185  0.9450  0.4764  0.0305
 39 10  1.9259  2.8830  0.5430  0.5041  0.0327  0.0205  1.0184  0.1763 -0.0117  0.6520  0.9660 -0.0305  0.8653  0.1107  0.9499  0.4591  0.0298
 40 10  1.9747  2.8788  0.5143  0.5084  0.0329  0.0207  1.0245  0.1750 -0.0108  0.6520  0.9630 -0.0149  0.8875  0.0976  0.9524  0.4738  0.0307
 41 10  2.0237  2.8453  0.4892  0.4911  0.0339  0.0205  1.0331  0.1736 -0.0108  0.6520  0.9590 -0.0172  0.9064  0.0853  0.9562  0.4655  0.0322
 42 10  2.0744  2.7915  0.4652  0.4742  0.0380  0.0206  1.0469  0.1722 -0.0109  0.6520  0.9540 -0.0213  0.9217  0.0755  0.9592  0.4556  0.0365
 43 10  2.1228  2.7390  0.4410  0.5260  0.0473  0.0213  1.0663  0.1711 -0.0109  0.6520  0.9470 -0.0258  0.9346  0.0683  0.9621  0.5109  0.0459
 44 10  2.1649  2.6958  0.4182  0.4503  0.0819  0.0203  1.0594  0.1702 -0.0108  0.6520  0.9370 -0.0318  0.9453  0.0633  0.9650  0.4412  0.0802
 27 11  1.3247  3.4372  0.7084  0.3465  0.0966  0.0250  1.0015  0.1547 -0.0118  0.6520  0.9090  0.0049  0.8335  0.0870  0.9229  0.3129  0.0873
 28 11  1.3753  3.4203  0.6959  0.4539  0.0828  0.0263  1.0021  0.1570 -0.0113  0.6520  0.9380  0.0208  0.8512  0.0705  0.9201  0.4199  0.0766
 29 11  1.4258  3.4202  0.6800  0.6010  0.0747  0.0259  1.0023  0.1633 -0.0123  0.6520  0.9410 -0.0053  0.8459  0.0872  0.9143  0.5560  0.0691
 30 11  1.4762  3.4412  0.6596  0.5726  0.0593  0.0253  1.0037  0.1934 -0.0110  0.6520  0.9580 -0.0138  0.8171  0.1404  0.9012  0.5191  0.0537
 31 11  1.5264  3.4550  0.6388  0.6298  0.0504  0.0252  1.0053  0.2084 -0.0107  0.6520  0.9670 -0.0080  0.8311  0.1352  0.9100  0.5752  0.0461
 32 11  1.5768  3.4559  0.6186  0.5643  0.0550  0.0241  1.0066  0.1791 -0.0137  0.6520  0.9630 -0.0175  0.8803  0.0831  0.9208  0.5395  0.0525
 33 11  1.6260  3.4354  0.6009  0.6569  0.0522  0.0235  1.0088  0.1779 -0.0132  0.6520  0.9650 -0.0174  0.9018  0.0655  0.9264  0.6394  0.0508
 34 11  1.6763  3.4237  0.5800  0.5494  0.0416  0.0230  1.0133  0.1997 -0.0108  0.6520  0.9700 -0.0146  0.9160  0.0592  0.9223  0.5456  0.0413
 35 11  1.7260  3.3929  0.5612  0.5876  0.0439  0.0224  1.0141  0.2010 -0.0112  0.6520  0.9710 -0.0175  0.9178  0.0650  0.9221  0.5849  0.0437
 36 11  1.7748  3.3588  0.5422  0.4996  0.0492  0.0217  1.0143  0.1853 -0.0124  0.6520  0.9680 -0.0271  0.9143  0.0767  0.9278  0.4923  0.0485
 37 11  1.8244  3.3160  0.5229  0.4831  0.0553  0.0215  1.0171  0.1815 -0.0119  0.6520  0.9650 -0.0249  0.9128  0.0854  0.9321  0.4731  0.0541
 38 11  1.8731  3.2598  0.5052  0.4809  0.0614  0.0210  1.0251  0.1813 -0.0118  0.6520  0.9630 -0.0327  0.9137  0.0897  0.9373  0.4688  0.0599
 39 11  1.9228  3.2254  0.4815  0.3747  0.0878  0.0204  1.0342  0.1810 -0.0119  0.6520  0.9600 -0.0369  0.9243  0.0858  0.9418  0.3677  0.0862
