EXPeriment     = CERN-WA25                        
REACtion       = nu deuterium  --> nu X                   
Author         = Allasia et al. 
REFerence      = Zeit. Phys. C28 (1991) 321
Additional info: The neutron structure functions as measured by the WA25
                 collaboration in nu-deuterium deep inelastci scattering. 
                 Delta(C) represents the difference between the values of the 
                 structure functions at the quoted x and Q**2 and the averaged 
                 value over the x-Q**2 range. Delta(R) is the difference in F2
                 calculated for R equiv 0.0 and R equiv 0.1.
       

  x     Q**2     F2       errors     Delta  Delta    xF3      errors     Delta
      (GeV**2)         stat.  sys.     C      R            stat.  sys.     C

 0.030   1.5    1.142  0.080  0.016  -0.028  0.029   0.426  0.129  0.025  0.014  
 0.030   3.0    1.303  0.117  0.040  -0.026  0.045   0.613  0.161  0.054  0.061  
 0.030   6.0    1.483  0.183  0.076  -0.024  0.068   0.556  0.222  0.092  0.087  
 0.030  11.0    1.913  0.449  0.303  -0.021  0.124                                      
 0.080   1.5    1.310  0.102  0.016  -0.019  0.016   0.929  0.226  0.033 -0.017  
 0.080   3.0    1.236  0.098  0.009  -0.017  0.029   0.857  0.160  0.015 -0.010  
 0.080   6.0    1.272  0.113  0.026  -0.016  0.043   0.619  0.157  0.036 -0.003  
 0.080  11.0    1.446  0.199  0.082  -0.013  0.070   0.900  0.236  0.078  0.004  
 0.080  24.0    2.400  0.570  0.209  -0.045  0.159                                      
 0.125   1.5    1.241  0.093  0.020  -0.011  0.008   0.619  0.277  0.062 -0.008  
 0.125   3.0    1.432  0.089  0.015  -0.011  0.023   0.871  0.175  0.029 -0.007  
 0.125   6.0    1.467  0.104  0.015  -0.011  0.041   0.935  0.159  0.013 -0.003  
 0.125  11.0    1.304  0.120  0.038  -0.007  0.050   1.093  0.157  0.054 -0.001  
 0.125  24.0    1.104  0.154  0.064  -0.013  0.066   0.373  0.174  0.073  0.001  
 0.175   1.5    1.408  0.108  0.025  -0.007  0.005   0.248  0.438  0.091 -0.002  
 0.175   3.0    1.520  0.102  0.021  -0.004  0.017   1.242  0.240  0.040 -0.004  
 0.175   6.0    1.370  0.090  0.011  -0.002  0.030   1.074  0.152  0.017  0.000  
 0.175  11.0    1.169  0.104  0.019  -0.002  0.038   0.797  0.146  0.026  0.000  
 0.175  24.0    0.942  0.117  0.046  -0.004  0.047   0.562  0.140  0.055  0.000  
 0.250   1.5    1.104  0.079  0.019   0.002  0.426   0.426  0.458  0.108 -0.003            
 0.250   3.0    1.283  0.069  0.019   0.008  0.009   1.227  0.205  0.058  0.000  
 0.250   6.0    1.216  0.061  0.011   0.008  0.020   1.049  0.119  0.025  0.005  
 0.250  11.0    1.160  0.064  0.008  -0.001  0.032   1.005  0.097  0.009 -0.001  
 0.250  24.0    1.227  0.079  0.036  -0.008  0.049   1.115  0.101  0.046 -0.004  
 0.250  55.0    1.025  0.172  0.081  -0.030  0.063   0.901  0.187  0.090 -0.014  
 0.350   1.5    1.015  0.093  0.022   0.009  0.001   1.657  0.763  0.188  0.004  
 0.350   3.0    1.079  0.070  0.016   0.016  0.004   0.512  0.279  0.046  0.005  
 0.350   6.0    0.917  0.055  0.012   0.016  0.010   0.810  0.127  0.030  0.011  
 0.350  11.0    0.987  0.058  0.007   0.005  0.022   0.894  0.097  0.012  0.003  
 0.350  24.0    0.882  0.056  0.016   0.003  0.028   0.667  0.076  0.020  0.000  
 0.350  55.0    0.881  0.097  0.058  -0.011  0.047   0.883  0.111  0.065 -0.008  
 0.450   1.5    0.770  0.097  0.013   0.014  0.000                                       
 0.450   3.0    0.667  0.061  0.008   0.017  0.001                                       
 0.450   6.0    0.748  0.052  0.009   0.009  0.021   0.770  0.145  0.028  0.017             
 0.450  11.0    0.746  0.051  0.007   0.007  0.013   0.705  0.094  0.013  0.005             
 0.450  24.0    0.564  0.042  0.003   0.003  0.017   0.549  0.060  0.006  0.003             
 0.450  55.0    0.474  0.059  0.016  -0.003  0.023   0.446  0.071  0.020 -0.002             
 0.550   1.5    0.463  0.082  0.013   0.010  0.000                                      
 0.550   3.0    0.482  0.058  0.008   0.015  0.001                                      
 0.550   6.0    0.552  0.046  0.006   0.017  0.003   0.369  0.149  0.025  0.015  
 0.550  11.0    0.455  0.038  0.007   0.003  0.007   0.472  0.078  0.012  0.009  
 0.550  24.0    0.415  0.035  0.003   0.001  0.011   0.430  0.053  0.005  0.008  
 0.550  55.0    0.276  0.041  0.010  -0.003  0.012   0.270  0.051  0.010  0.002  
 0.700   1.5    0.225  0.036  0.013   0.014  0.000                                      
 0.700   3.0    0.191  0.022  0.007   0.019  0.000                                      
 0.700   6.0    0.177  0.018  0.003   0.022  0.001   0.146  0.075  0.016  0.018  
 0.700  11.0    0.156  0.016  0.004   0.013  0.002   0.162  0.039  0.006  0.014  
 0.700  24.0    0.143  0.015  0.001   0.011  0.003   0.153  0.025  0.003  0.012  
 0.700  55.0    0.107  0.017  0.003   0.005  0.004   0.105  0.022  0.003  0.005  
