<title> HEPDATA DIS Structure Function Review </title>
<body bgcoloR=#FFFFFF>
<pre>
EXPeriment     = CERN-WA25                        
REACtion       = nu deuterium -- > nu X                  
Author         = Allasia et al.  
REFerence      = Zeit. Phys. C28 (1991) 321
Additional info: The proton structure functions as measured by the WA25
                 collaboration in nu-deuterium deep inelastic scattering.
                 Delta(C) represents the difference between the values of 
                 the structure functions at the quoted x and Q**2 and the 
                 averaged value over the x-Q**2 range. Delta(R) is the 
                 difference in F2 calculated for R equiv 0.0 and R equiv 0.1.
       

  x     Q**2     F2(N)    errors     Delta   Delta   xF3(N)    errors     Delta
      (GeV**2)         stat.  sys.     C       R            stat.  sys.     C

 0.030   1.5    0.995  0.079  0.016  -0.039  0.025   0.344  0.127  0.025  0.019  
 0.030   3.0    0.909  0.102  0.027  -0.041  0.032   0.186  0.141  0.037  0.022  
 0.030   6.0    0.881  0.144  0.055  -0.045  0.040   0.040  0.176  0.065  0.007  
 0.080   1.5    0.818  0.090  0.014  -0.008  0.010   0.291  0.199  0.029 -0.002  
 0.080   3.0    1.076  0.093  0.009  -0.012  0.025   0.162  0.153  0.014  0.000  
 0.080   6.0    0.910  0.099  0.019  -0.011  0.031   0.465  0.138  0.026  0.002  
 0.080  11.0    0.753  0.144  0.036  -0.009  0.038   0.368  0.172  0.042  0.004  
 0.125   1.5    0.826  0.081  0.018  -0.002  0.005   0.676  0.243  0.054 -0.004  
 0.125   3.0    0.877  0.076  0.009  -0.004  0.014   0.354  0.149  0.020 -0.001  
 0.125   6.0    0.822  0.089  0.009  -0.006  0.022   0.442  0.136  0.016  0.000  
 0.125  11.0    0.643  0.103  0.022  -0.004  0.025   0.328  0.135  0.027  0.001  
 0.125  24.0    1.109  0.165  0.077  -0.019  0.063   0.646  0.186  0.085  0.004  
 0.175   1.5    0.784  0.092  0.021   0.000  0.003   1.200  0.373  0.089 -0.004  
 0.175   3.0    0.708  0.078  0.012   0.000  0.008   0.169  0.185  0.028  0.000  
 0.175   6.0    0.761  0.072  0.008  -0.002  0.017   0.438  0.122  0.014  0.000  
 0.175  11.0    0.711  0.089  0.013  -0.002  0.024   0.547  0.124  0.018  0.000  
 0.175  24.0    0.629  0.108  0.039  -0.005  0.031   0.586  0.128  0.044  0.000  
 0.250   1.5    0.711  0.067  0.015   0.007  0.001   0.450  0.392  0.093 -0.001  
 0.250   3.0    0.539  0.050  0.010   0.006  0.004   0.525  0.150  0.029  0.002  
 0.250   6.0    0.662  0.050  0.008   0.004  0.010   0.618  0.097  0.016  0.002  
 0.250  11.0    0.559  0.049  0.004  -0.001  0.015   0.352  0.076  0.007  0.000  
 0.250  24.0    0.491  0.058  0.017  -0.004  0.020   0.281  0.075  0.021 -0.001  
 0.250  55.0    0.364  0.119  0.081  -0.014  0.023   0.155  0.130  0.090 -0.002  
 0.350   1.5    0.458  0.061  0.017   0.005  0.000   0.311  0.508  0.149  0.001  
 0.350   3.0    0.440  0.046  0.009   0.006  0.002   0.222  0.187  0.048  0.002  
 0.350   6.0    0.498  0.044  0.008   0.006  0.005   0.437  0.102  0.019  0.004  
 0.350  11.0    0.389  0.042  0.004   0.001  0.009   0.382  0.071  0.007  0.001  
 0.350  24.0    0.311  0.040  0.006  -0.001  0.011   0.217  0.055  0.009  0.000  
 0.350  55.0    0.305  0.066  0.058  -0.005  0.017   0.265  0.075  0.065 -0.003  
 0.450   1.5    0.191  0.057  0.011   0.003  0.000                               
 0.450   3.0    0.239  0.040  0.006   0.004  0.001                               
 0.450   6.0    0.310  0.035  0.005   0.005  0.002   0.369  0.097  0.014  0.005  
 0.450  11.0    0.218  0.030  0.002   0.001  0.004   0.233  0.055  0.006  0.001  
 0.450  24.0    0.204  0.027  0.002   0.000  0.006   0.195  0.040  0.003  0.000  
 0.450  55.0    0.184  0.040  0.016  -0.001  0.009   0.164  0.048  0.020 -0.001  
 0.550   1.5    0.212  0.052  0.011   0.002  0.000                                
 0.550   3.0    0.179  0.038  0.006   0.002  0.000                                
 0.550   6.0    0.150  0.024  0.004   0.001  0.001   0.150  0.078  0.013  0.005  
 0.550  11.0    0.138  0.022  0.002  -0.001  0.002   0.131  0.045  0.006  0.003  
 0.550  24.0    0.116  0.020  0.002  -0.001  0.003   0.108  0.031  0.002  0.002  
 0.550  55.0    0.102  0.026  0.000  -0.002  0.004   0.088  0.033  0.015  0.001  
 0.700   1.5    0.109  0.023  0.013   0.000  0.000                                       
 0.700   3.0    0.067  0.012  0.006   0.000  0.000                                   
 0.700   6.0    0.051  0.010  0.003   0.000  0.000   0.049  0.041  0.013  0.000     
 0.700  11.0    0.045  0.008  0.002   0.000  0.000   0.032  0.019  0.005  0.000     
 0.700  24.0    0.033  0.007  0.001   0.000  0.000   0.027  0.012  0.002  0.000   

</pre>
</body>
