2 -0.11308E+00 0.91378E+00
2 -0.10070E+00 0.26810E+00
2 -0.13231E+00 0.12443E+00
2 -0.10969E-01 0.65416E-01
2 -0.10399E+00 0.44876E-01
2 -0.43960E-01 0.41072E-01
2 0.47551E-01 0.44499E-01
2 0.48344E-01 0.48304E-01
2 0.30400E+00 0.47819E-01
2 0.17895E+00 0.46665E-01
2 0.19424E+00 0.44633E-01
2 0.16922E+00 0.43198E-01
2 0.19462E+00 0.41674E-01
2 0.30317E+00 0.40303E-01
2 0.22777E+00 0.35042E-01
2 0.17160E+00 0.38318E-01
2 0.17702E+00 0.42077E-01
2 0.18037E+00 0.41725E-01
2 0.31402E+00 0.39606E-01
2 0.24356E+00 0.36190E-01
2 0.24033E+00 0.32270E-01
2 0.18957E+00 0.32188E-01
2 0.92887E-01 0.33715E-01
2 0.14196E+00 0.35454E-01
2 0.10634E+00 0.38604E-01
2 0.11195E+00 0.46674E-01
2 0.92714E-01 0.71729E-01
2 0.20773E+00 0.25398E+00
