Path: /HepData/7076/d59-x1-y1
A1 and g1/F1 for the P target at incident energy 5.7000 GeV and W = 2.6750 GeV
Location: F 1, 2, 3, 4
ELAB : 5.7 GeV
RE : E- P --> E- X
W : 2.675 GeV
sqrts : 2.675 GeV
x: X
x2: Q**2 IN GEV**2
y : A1 : G1/F1
xdesc	x	xlow	xhigh	x2desc	x2	x2low	x2high	y	dy+	dy-	dy+	dy-	y	dy+	dy-	dy+	dy-	
	0.1013	0.1013	0.1013		0.707	0.707	0.707	0.1903	+0.0377	-0.0377	+0.0138	-0.0138	0.194	+0.0358	-0.0358	+0.0138	-0.0138
	0.1186	0.1186	0.1186		0.844	0.844	0.844	0.2294	+0.037	-0.037	+0.0144	-0.0144	0.2314	+0.035	-0.035	+0.0145	-0.0145
	0.1387	0.1387	0.1387		1.01	1.01	1.01	0.2606	+0.0407	-0.0407	+0.0178	-0.0178	0.261	+0.0381	-0.0381	+0.0181	-0.0181
	0.1606	0.1606	0.1606		1.2	1.2	1.2	0.271	+0.0315	-0.0315	+0.0214	-0.0214	0.2705	+0.0293	-0.0293	+0.0219	-0.0219
	0.1867	0.1867	0.1867		1.44	1.44	1.44	0.2727	+0.0338	-0.0338	+0.0283	-0.0283	0.2717	+0.0312	-0.0312	+0.0285	-0.0285
	0.2142	0.2142	0.2142		1.71	1.71	1.71	0.3038	+0.0331	-0.0331	+0.0314	-0.0314	0.2994	+0.0302	-0.0302	+0.0311	-0.0311
	0.2463	0.2463	0.2463		2.05	2.05	2.05	0.3116	+0.0311	-0.0311	+0.0381	-0.0381	0.305	+0.0282	-0.0282	+0.0369	-0.0369
	0.28	0.28	0.28		2.44	2.44	2.44	0.3955	+0.0453	-0.0453	+0.0542	-0.0542	0.3786	+0.0407	-0.0407	+0.0505	-0.0505
	0.3176	0.3176	0.3176		2.92	2.92	2.92	0.4784	+0.127	-0.127	+0.0879	-0.0879	0.4495	+0.1132	-0.1132	+0.0794	-0.0794

