x_low    x_high     x_mean       Q2((GeV/c)^2)     A1p                       g1p
0.0025   0.004      0.0035       1.03              0.059   0.029   0.014     1.79   0.87   0.45
0.0025   0.004      0.0036       1.10             -0.004   0.027   0.012    -0.12   0.81   0.37
0.0025   0.004      0.0038       1.22              0.002   0.032   0.012     0.05   0.98   0.37
0.004    0.005      0.0044       1.07              0.006   0.021   0.008     0.15   0.50   0.19
0.004    0.005      0.0045       1.24              0.021   0.020   0.008     0.53   0.51   0.20
0.004    0.005      0.0046       1.44              0.023   0.022   0.011     0.60   0.59   0.28
0.005    0.006      0.0055       1.11              0.009   0.024   0.011     0.18   0.46   0.21
0.005    0.006      0.0055       1.36              0.026   0.020   0.008     0.56   0.42   0.17
0.005    0.006      0.0056       1.68              0.022   0.020   0.008     0.51   0.47   0.18
0.006    0.008      0.0069       1.14              0.033   0.020   0.009     0.50   0.32   0.14
0.006    0.008      0.0069       1.50              0.041   0.015   0.007     0.71   0.27   0.12
0.006    0.008      0.0071       2.02              0.006   0.014   0.007     0.12   0.27   0.13
0.008    0.0010     0.0089       1.17              0.007   0.027   0.013     0.08   0.32   0.16
0.008    0.0010     0.0089       1.62              0.029   0.018   0.007     0.40   0.25   0.10
0.008    0.0010     0.0090       2.41              0.015   0.014   0.006     0.24   0.23   0.09
0.010    0.014      0.0116       1.21              0.044   0.026   0.013     0.41   0.24   0.12
0.010    0.014      0.0117       1.75              0.040   0.017   0.011     0.42   0.18   0.11
0.010    0.014      0.0120       2.92              0.044   0.011   0.005     0.56   0.14   0.07
0.014    0.020      0.0164       1.26              0.087   0.034   0.015     0.58   0.22   0.11
0.014    0.020      0.0165       1.92              0.100   0.020   0.011     0.77   0.16   0.09
0.014    0.020      0.0168       3.74              0.063   0.011   0.006     0.60   0.10   0.06
0.020    0.030      0.0239       1.55              0.072   0.030   0.016     0.36   0.15   0.08
0.020    0.030      0.0240       2.49              0.079   0.025   0.011     0.45   0.14   0.07
0.020    0.030      0.0246       5.16              0.079   0.011   0.008     0.545   0.077   0.061
0.030    0.040      0.0341       2.18              0.103   0.035   0.016     0.39   0.13   0.06
0.030    0.040      0.0343       3.50              0.099   0.041   0.018     0.43   0.18   0.08
0.030    0.040      0.0347       7.07              0.083   0.015   0.013     0.421   0.075   0.066
0.040    0.060      0.0473       2.65              0.128   0.040   0.023     0.37   0.12   0.07
0.040    0.060      0.0480       5.00              0.136   0.026   0.016     0.449   0.086   0.057
0.040    0.060      0.0492       10.4              0.103   0.015   0.011     0.378   0.056   0.043
0.060    0.100      0.0740       4.91              0.147   0.031   0.016     0.308   0.066   0.036
0.060    0.100      0.0754       10.7              0.203   0.020   0.017     0.465   0.047   0.043
0.060    0.100      0.0800       19.7              0.129   0.023   0.021     0.292   0.052   0.050
0.100    0.150      0.119        8.23              0.291   0.038   0.024     0.397   0.051   0.035
0.100    0.150      0.121        17.8              0.263   0.028   0.021     0.372   0.040   0.031
0.100    0.150      0.125        31.7              0.242   0.034   0.021     0.337   0.048   0.030
0.150    0.200      0.171        12.9              0.299   0.045   0.027     0.279   0.042   0.026
0.150    0.200      0.172        26.9              0.316   0.045   0.036     0.298   0.042   0.035
0.150    0.200      0.175        43.8              0.344   0.050   0.029     0.318   0.046   0.028
0.200    0.250      0.222        16.1              0.405   0.060   0.043     0.273   0.040   0.030
0.200    0.250      0.222        32.1              0.340   0.066   0.035     0.227   0.044   0.024
0.200    0.250      0.224        52.4              0.268   0.060   0.045     0.174   0.039   0.030
0.250    0.350      0.289        21.7              0.397   0.057   0.035     0.176   0.025   0.016
0.250    0.350      0.290        42.1              0.374   0.077   0.050     0.160   0.033   0.022
0.250    0.350      0.296        66.3              0.392   0.062   0.035     0.159   0.025   0.015
0.350    0.500      0.403        28.4              0.396   0.086   0.051     0.085   0.018   0.011
0.350    0.500      0.405        53.1              0.40   0.12   0.06        0.079   0.024   0.011
0.350    0.500      0.413        85.1              0.631   0.088   0.054     0.114   0.016   0.010
0.500    0.700      0.561        29.8              0.42   0.23   0.10        0.028   0.016   0.006
0.500    0.700      0.567        50.4              0.75   0.23   0.12        0.044   0.013   0.007
0.500    0.700      0.575        96.1              0.87   0.15   0.09        0.0429   0.0071   0.0048
