1	1	5.7	0.012632558711233501	0.11593394325600463	0.1277917183416227	0.0646773500695	0.01
1	1	5.7	0.016273034868167863	0.1434826030396097	0.15815806725448353	0.0427428354729	0.01
1	1	5.7	0.020568072744325434	0.1733269844718485	0.1910549452434161	0.0382802213279	0.01
1	1	5.7	0.025661676166053648	0.20546708755272106	0.2264823523084204	0.0316532920316	0.01
1	1	5.7	0.030473214068143194	0.23301574733632616	0.2568487012212813	0.027017247841	0.01
1	1	5.7	0.03576045499659793	0.26056440711993123	0.2872150501341421	0.0216314459737	0.01
1	1	5.7	0.04159761480818554	0.2881130669035362	0.31758139904700294	0.0193705122972	0.01
1	1	5.7	0.04807519443910163	0.3156617266871413	0.3479477479598638	0.0132172500657	0.01
1	1	5.7	0.05594523068772071	0.3455061081193801	0.3808446259487963	0.0100880627142	0.01
1	1	5.7	0.07343234964031842	0.4006034276865902	0.44157732377451797	0.0143852987143	0.01
1	1	5.7	0.08594393586559355	0.4327435307674628	0.47700473083952233	0.0198420048394	0.01
1	1	5.7	0.09734233584776777	0.4579964689024341	0.5048405506763115	0.0156325560918	0.01
1	1	5.7	0.08286525728040457	0.6444603569689938	0.41538641682140137	0.0771761087257	0.01
1	1	5.7	0.11588950505243269	0.8129477908508514	0.5239848599727849	0.0411826316256	0.01
1	1	5.7	0.20904762145973632	1.1487809238232836	0.7404458420127328	0.0203165150965	0.01
1	1	5.7	0.24200357922287904	1.2352265578557635	0.7961643075200436	0.0257120976346	0.01
1	1	5.7	0.27741703461195166	1.3153763400529104	0.8478247866726664	0.0269522587404	0.01
1	1	5.7	0.0357738647863228	0.3292436921893474	0.21221376315961882	0.11979012687	0.01
1	1	5.7	0.04637416496172643	0.4098827892952671	0.26418962985230443	0.0992179821307	0.01
1	1	5.7	0.058877003673180814	0.49714394817984825	0.3204337412623924	0.0848004573805	0.01
1	1	5.7	0.07152285488789462	0.5778156662771985	0.3724306337894788	0.0691430193497	0.01
1	1	5.7	0.08660749323852597	0.665370414105385	0.42886397772253554	0.0513077735085	0.01
1	1	5.7	0.10341785146571643	0.7533492348594832	0.4855706575268536	0.0310433186767	0.01
1	1	5.7	0.11906657748461778	0.8274315121737488	0.5333203311736108	0.0241468581194	0.01
1	1	5.7	0.1397227232115212	0.9153777119322702	0.5900059851408557	0.0148410566941	0.01
1	1	5.7	0.16108908609063763	0.9963430189773722	0.6421921101935834	0.0105061112176	0.01
1	1	5.7	0.18694651691644604	1.0829843789750198	0.6980367307179881	0.0121008247109	0.01
1	1	5.7	0.21867240519513464	1.1753670339122206	0.7575818983855444	0.0219758313242	0.01
1	1	5.7	0.250317660552805	1.2551253641790323	0.808990067503979	0.0278120887329	0.01
1	1	5.7	0.2905221943286672	1.3422234180940222	0.8651290497340459	0.0257120976346	0.01
1	1	5.7	0.047569480233408616	0.45889089787505527	0.20805594451245843	0.945779307685	0.01
1	1	5.7	0.06857761956418287	0.6341443927983773	0.28751389755581763	0.484316220128	0.01
1	1	5.7	0.08968615123950961	0.7961947571061427	0.3609857004631397	0.244088728553	0.01
1	1	5.7	0.11242464027630651	0.9568656898574031	0.43383208469968854	0.171908295067	0.01
1	1	5.7	0.1393664031869251	1.1308711276617374	0.5127241827568214	0.119158614813	0.01
1	1	5.7	0.16660040542096252	1.2910165626711532	0.5853323122589117	0.0953319583819	0.01
1	1	5.7	0.19966125489987852	1.4670583041981922	0.6651476473998557	0.0403210450504	0.01
1	1	5.7	0.23014127666153442	1.6139349213827536	0.7317398449279248	0.0322585504597	0.01
1	1	5.7	0.27058203663798286	1.7893197907427705	0.8112573616554579	0.0160008503844	0.01
1	1	5.7	0.3158292893167384	1.9632595413254665	0.8901196778690118	0.0112691762766	0.01
1	1	5.7	0.3666434713826047	2.135294362612281	0.9681183206784529	0.0125989872949	0.01
1	1	5.7	0.4151921064515565	2.28052879937106	1.0339659721692656	0.0150127787412	0.01
1	1	5.7	0.48010159202746616	2.450724378591857	1.1111307234219026	0.0262227607293	0.01
1	1	5.7	0.5577503409342229	2.6251896269065256	1.190231294365439	0.0162578667396	0.01
1	1	5.7	0.051135417100813214	0.4896982026424929	0.22202362816221688	0.335704858801	0.01
1	1	5.7	0.07065613884235755	0.6506975714789096	0.29501892160621696	0.218325397494	0.01
1	1	5.7	0.09353750221932045	0.8243745731915061	0.37376211045291463	0.163883544308	0.01
1	1	5.7	0.1165569722725061	0.9846513826441984	0.44642980364216295	0.127001083577	0.01
1	1	5.7	0.1417766894876428	1.1456507514773242	0.5194250970846711	0.0825950573168	0.01
1	1	5.7	0.16927914292861837	1.305993248143428	0.5921225721137685	0.0629949364747	0.01
1	1	5.7	0.20258889148960746	1.4817722408085945	0.6718187798915861	0.0283975509685	0.01
1	1	5.7	0.24228376747076086	1.6687837475676837	0.7566076825558841	0.0209793235547	0.01
1	1	5.7	0.28083131966894725	1.83063705022452	0.8299901399388099	0.0110910248217	0.01
1	1	5.7	0.42953793000363044	2.3203352528703034	1.0520137681025188	0.0150127787412	0.01
1	1	5.7	0.4973481951812945	2.491975950860195	1.1298337198654054	0.0184683254964	0.01
1	1	5.7	0.5648392451168899	2.639772189081878	1.1968428631737413	0.0118209847651	0.01
1	1	5.7	0.07382017475825861	0.7165461243588519	0.24931491093554478	0.867192347247	0.01
1	1	5.7	0.11110053334568344	1.0304038284482229	0.35851849585688084	0.35058819396	0.01
1	1	5.7	0.14530981515271216	1.2947848265122153	0.4505071658735571	0.318281040446	0.01
1	1	5.7	0.1827185027632969	1.5611145788609049	0.5431738850547018	0.217202117451	0.01
1	1	5.7	0.22699253271387	1.849313684852305	0.6434498226382611	0.15057347741	0.01
1	1	5.7	0.2725150908926862	2.1189996251438505	0.7372842931610305	0.0628513718426	0.01
1	1	5.7	0.3262903999859473	2.407523523526707	0.8376732389423815	0.0415469506574	0.01
1	1	5.7	0.3813608446193391	2.6739615399990697	0.9303776275204197	0.027906525132	0.01
1	1	5.7	0.4432464299034362	2.9434309520296447	1.0241367592446613	0.0120239011867	0.01
1	1	5.7	0.5173053166984302	3.2306556808875526	1.124073672249068	0.00961412849288	0.01
1	1	5.7	0.6002618924325508	3.5143076935484467	1.2227674951156926	0.0129728323477	0.01
1	1	5.7	0.6963187915338057	3.80142415827587	1.3226667387208355	0.0105386748837	0.01
1	1	5.7	0.794746634791308	4.058010139201073	1.4119432120796382	0.029966793397	0.01
1	1	5.7	0.9122777556229746	4.32401509916512	1.5044969230653618	0.0214463600121	0.01
1	1	5.7	0.08441506871265386	0.808678896411125	0.28137156866851404	0.466995677336	0.01
1	1	5.7	0.11694178269748139	1.077065667172272	0.3747540064124427	0.23578668277	0.01
1	1	5.7	0.157687411632599	1.3854019007921947	0.482036452035795	0.21400389556	0.01
1	1	5.7	0.19288584808028136	1.6297540353540625	0.56705628341052	0.146059732995	0.01
1	1	5.7	0.23821619619330994	1.9181696696064339	0.6674075597926072	0.0980938031718	0.01
1	1	5.7	0.2848235711068447	2.187747345767494	0.7612043609161128	0.0416001150218	0.01
1	1	5.7	0.3400126176179959	2.476487772397696	0.8616686454912509	0.0266406961433	0.01
1	1	5.7	0.4014764101754344	2.764795142519582	0.9619822524740742	0.0181778835559	0.01
1	1	5.7	0.7124248347121568	3.845812450330578	1.3381111919165076	0.00988844998135	0.01
1	1	5.7	0.8232914606122407	4.1263248033164	1.4357126022424058	0.0211332725469	0.01
1	1	5.7	0.9349518605892125	4.371001730269724	1.5208454418149226	0.0137535732468	0.01
1	1	5.7	0.11419773426046212	1.1044421256959769	0.31009535016124834	0.881304171356	0.01
1	1	5.7	0.16529068634146593	1.5330316073114596	0.43043085917964097	0.531046867791	0.01
1	1	5.7	0.216490624572827	1.9286526672615611	0.5415097905804896	0.309874871014	0.01
1	1	5.7	0.276926459206575	2.357242148883126	0.6618452996005902	0.202206848433	0.01
1	1	5.7	0.3379359002661015	2.7528632088352554	0.7729242310020082	0.117991132001	0.01
1	1	5.7	0.4105334528665834	3.181452690446683	0.8932597400192623	0.0782310869158	0.01
1	1	5.7	0.4844679918414689	3.5770737503988124	1.0043386714206803	0.022284895014	0.01
1	1	5.7	0.5733059111980351	4.00566323201024	1.1246741804379343	0.0206476669259	0.01
1	1	5.7	0.7669086876804286	4.796905351914497	1.3468320432407703	0.0128812145551	0.01
1	1	5.7	0.8817616168524526	5.192526411866627	1.4579109746421883	0.0325608602224	0.01
1	1	5.7	0.1256129758904346	1.203347390684009	0.33786508301160284	0.451650626462	0.01
1	1	5.7	0.17770801067316994	1.631936872297464	0.4582005920294262	0.314118922254	0.01
1	1	5.7	0.22995485326969936	2.0275579322495934	0.5692795234308442	0.189229392999	0.01
1	1	5.7	0.28672768114801905	2.4231789922017226	0.6803584548322622	0.115825341379	0.01
1	1	5.7	0.3540547078081382	2.85176847381315	0.8006939638495163	0.0644478063162	0.01
1	1	5.7	0.4223669879833061	3.247389533765279	0.9117728952509343	0.0376063900959	0.01
1	1	5.7	0.504111444701356	3.6759790153767065	1.0321084042681885	0.0159594448607	0.01
1	1	5.7	0.9232860691565442	5.32440009850382	1.4949372851055327	0.0325946245943	0.01
1	1	5.7	0.17086118310123147	1.639943625860702	0.3837356888608829	0.905866545959	0.01
1	1	5.7	0.23627808875908168	2.1822569148108157	0.5106333213355735	0.599513965178	0.01
1	1	5.7	0.31298091610637957	2.7682176035794868	0.6477441494178692	0.343798272858	0.01
1	1	5.7	0.3831438510300836	3.262360446085553	0.7633702240429774	0.190921130335	0.01
1	1	5.7	0.48116144793898996	3.8940039056559375	0.9111705107421624	0.109500133806	0.01
1	1	5.7	0.5658696658487384	4.39153903313955	1.0275903570507259	0.0772283152603	0.01
1	1	5.7	0.6826652061023697	5.014136399470189	1.1732739192685853	0.0234156527076	0.01
1	1	5.7	0.7979175036962279	5.5664003909727855	1.3024999486701045	0.0312431915249	0.01
1	1	5.7	0.18007319552335815	1.718870789266504	0.4022041099344823	0.377167448669	0.01