2	3	22.66	0.02267392102821741	0.7388999090133239	0.414965986395	0.09286951431730854	0.01
2	3	22.66	0.025160352831043894	0.799465475325512	0.448979591837	0.07582793622127428	0.01
2	3	22.66	0.028589549696584518	0.8782007115320687	0.493197278912	0.058211852044229705	0.01
2	3	22.66	0.031392394245531315	0.9387662778442568	0.527210884354	0.0485072443250074	0.01
2	3	22.66	0.034963835784818514	1.01144495741817	0.568027210884	0.03801017738554891	0.01
2	3	22.66	0.03878466687023573	1.0841236369938643	0.608843537415	0.030156488130973432	0.01
2	3	22.66	0.04288195439254907	1.1568023165695582	0.649659863946	0.022066897879067453	0.01
2	3	22.66	0.0469071655407554	1.223424439512609	0.687074829932	0.017350879459863966	0.01
2	3	22.66	0.05162547368610545	1.296103119088303	0.727891156463	0.014648577857789514	0.01
2	3	22.66	0.0567254478187609	1.3687817986622164	0.768707482993	0.011638045531389618	0.01
2	3	22.66	0.06130155216901496	1.4293473649744044	0.802721088435	0.00907500963431933	0.01
2	3	22.66	0.06723266696109977	1.5020260445500986	0.843537414966	0.006633048500845301	0.01
2	3	22.66	0.07258606003864497	1.562591610862287	0.877551020408	0.006115785467247912	0.01
2	3	22.66	0.08079830418418596	1.6473834036997062	0.925170068027	0.0057846205595987535	0.01
2	3	22.66	0.08792376266498075	1.7140055266445373	0.962585034014	0.004804855527506637	0.01
2	3	22.66	0.09499367196304646	1.7745710929567255	0.996598639456	0.003421937067713561	0.01
2	3	22.66	0.10516006210743636	1.8533063291615015	1.04081632653	0.0036065041660449993	0.01
2	3	22.66	0.11476607865541023	1.9199284521116748	1.07823129252	0.0033980518739433665	0.01
2	3	22.66	0.12648969897370704	1.9926071316855885	1.11904761905	0.0030004872814263697	0.01
2	3	22.66	0.13858925840623332	2.0592292546179554	1.15646258503	0.0024076800073185075	0.01
2	3	22.66	0.15223916132207507	2.1258513775681283	1.19387755102	0.002291888390139046	0.01
2	3	22.66	0.17081047821913686	2.2045866137835888	1.2380952381	0.001846692704794693	0.01
2	3	22.66	0.1873057547532417	2.2651521800922154	1.27210884354	0.0014776516982383816	0.01
2	3	22.66	0.21028576938596058	2.337830859666129	1.31292517007	0.0010024001954614704	0.01
2	3	22.66	0.23520523329414394	2.4044529825984955	1.35034013605	0.0008972519777376473	0.01
2	3	22.66	0.2678893555689151	2.477131662190215	1.39115646259	0.0005791389109605044	0.01
2	3	22.66	0.30828672447526256	2.549810341764129	1.43197278912	0.0005696071300674293	0.01
2	3	22.66	0.3594930390516734	2.6224890213380423	1.47278911565	0.000466323654788514	0.01
2	3	22.66	0.4201504867223748	2.689111144270409	1.51020408163	0.00027098902159204224	0.01
2	3	22.66	0.5005200538467686	2.7557332672205823	1.54761904762	0.0007138056808655602	0.01
2	3	22.66	0.6120748812546014	2.822355390170756	1.58503401361	0.00048077240458953123	0.01
2	3	22.66	0.8163213718200646	2.901090626368409	1.62925170068	0.0007011902236249109	0.01
2	3	22.66	1.115997772080753	2.9677127493185824	1.66666666667	-0.00016258262111770966	0.01
2	3	22.66	1.8062031245057841	3.040391428892496	1.7074829932	-2.0359740634331365e-9	0.01
2	3	22.66	3.5642306356334115	3.1009569952011224	1.74149659864	-5.7474562006140994e-15	0.01
2	3	22.66	0.05388523559761177	1.7630728563141793	0.636054421769	0.015919485660888275	0.01
2	3	22.66	0.06122164659077898	1.9422086010729147	0.700680272109	0.029399117877587807	0.01
2	3	22.66	0.06860935405036983	2.1119161487396685	0.761904761905	0.026795964179816514	0.01
2	3	22.66	0.07646373670965803	2.2816236964064225	0.823129251701	0.02826579793462309	0.01
2	3	22.66	0.08435134646347552	2.441903046978423	0.880952380952	0.02323310625685883	0.01
2	3	22.66	0.09376133103164637	2.62103879173993	0.945578231293	0.019768318809884496	0.01
2	3	22.66	0.10386578150825425	2.8001745364903488	1.01020408163	0.012345543328579274	0.01
2	3	22.66	0.11415121552563966	2.9698820841681903	1.07142857143	0.010022604562681241	0.01
2	3	22.66	0.12330935876636977	3.111305040547913	1.12244897959	0.007371130631651304	0.01
2	3	22.66	0.13782193621935376	3.318725376577048	1.19727891156	0.005612417215252169	0.01
2	3	22.66	0.15002368729889526	3.479004727173995	1.25510204082	0.004608124814340734	0.01
2	3	22.66	0.16481909573275355	3.658140471932731	1.31972789116	0.0037030071323176537	0.01
2	3	22.66	0.17573064374540118	3.780707034122946	1.36394557823	0.002705723854520815	0.01
2	3	22.66	0.19489404667452398	3.9786991730711883	1.43537414966	0.002531878267737532	0.01
2	3	22.66	0.2119881444468688	4.138978523640416	1.49319727891	0.001957895076030728	0.01
2	3	22.66	0.2307152904656772	4.299257874209645	1.55102040816	0.0014312416958791165	0.01
2	3	22.66	0.2538821861327856	4.47839361896838	1.6156462585	0.0014300851544269456	0.01
2	3	22.66	0.278376226911812	4.648101166646222	1.6768707483	0.0013308520085462039	0.01
2	3	22.66	0.3010044118553378	4.789524123025942	1.72789115646	0.0013988739666650782	0.01
2	3	22.66	0.3330873685450467	4.9686598677846785	1.7925170068	0.0010545926744173046	0.01
2	3	22.66	0.37815286701269507	5.185508400922427	1.87074829932	0.0008373942919255289	0.01
2	3	22.66	0.4096782706705167	5.317503160221255	1.91836734694	0.0012307405170253528	0.01
2	3	22.66	0.4614334925835895	5.506067102060884	1.98639455782	0.0008710214880968936	0.01
2	3	25.51	0.02147646432990994	0.8181964324615119	0.408163265306	0.08079892982156597	0.01
2	3	25.51	0.027163450665748386	0.9818357189534133	0.489795918367	0.08347195034844956	0.01
2	3	25.51	0.02998046284312459	1.0568370585969546	0.527210884354	0.06430974125525796	0.01
2	3	25.51	0.03322128164898689	1.1386567018419032	0.568027210884	0.0491534235227654	0.01
2	3	25.51	0.0366520670784001	1.220476345088856	0.608843537415	0.03729292216706154	0.01
2	3	25.51	0.03997849338470326	1.2954776847303928	0.646258503401	0.028660689738331777	0.01
2	3	25.51	0.04349380483486387	1.3704790243739344	0.683673469388	0.018139855248754926	0.01
2	3	25.51	0.04721455980296168	1.4454803640154714	0.721088435374	0.013811589160718658	0.01
2	3	25.51	0.056138754901574085	1.6091196505073724	0.802721088435	0.008069713907967513	0.01
2	3	25.51	0.06963819162937693	1.8204870622271645	0.908163265306	0.0077481909758615455	0.01
2	3	25.51	0.08146616350602182	1.9773080451156542	0.986394557823	0.006506471126598565	0.01
2	3	25.51	0.09021424371263588	2.0795825991808607	1.03741496599	0.005105455446638076	0.01
2	3	25.51	0.09790884540092669	2.1614022424258086	1.07823129252	0.004872720005426108	0.01
2	3	25.51	0.11473452728686079	2.318223225300267	1.15646258503	0.004251417579003953	0.01
2	3	25.51	0.12481264281547895	2.400042868545215	1.19727891156	0.0030167900539468627	0.01
2	3	25.51	0.1359684467179979	2.48186251181021	1.2380952381	0.0027436283171941647	0.01
2	3	25.51	0.14729656418580636	2.5568638514397186	1.27551020408	0.0021403265932302762	0.01
2	3	25.51	0.15985576453628475	2.631865191089274	1.31292517007	0.001271550189020085	0.01
2	3	25.51	0.17657887917120488	2.7205031379296156	1.35714285714	0.0012615748487306087	0.01
2	3	25.51	0.1910916819114914	2.7886861739837774	1.39115646259	0.0008755836094289053	0.01
2	3	25.51	0.2107952762085196	2.870505817228726	1.43197278912	0.00041772102711435457	0.01
2	3	25.51	0.233541142731833	2.9523254604736744	1.47278911565	0.0003565960684209839	0.01
2	3	25.51	0.2577116784434256	3.0273268001031832	1.51020408163	0.002289862316397249	0.01
2	3	25.51	0.28586720907885477	3.1023281397527387	1.54761904762	0.00034170749070675264	0.01
2	3	25.51	0.3223996631558748	3.1841477829976874	1.58843537415	0.0025608291996053047	0.01
2	3	25.51	0.059351440618261725	2.1970986196463596	0.704081632653	0.03405624392746493	0.01
2	3	25.51	0.07259085563719654	2.5579747214228012	0.819727891156	0.040720448449788324	0.01
2	3	25.51	0.0805889129213361	2.7596407783012675	0.884353741497	0.03932979621344395	0.01
2	3	25.51	0.08814949090296201	2.9400788291879287	0.942176870748	0.030189380248800555	0.01
2	3	25.51	0.0966074426071872	3.1311308830580105	1.00340136054	0.022218568453705675	0.01
2	3	25.51	0.1050599206737931	3.311568933972755	1.0612244898	0.015654758542400254	0.01
2	3	25.51	0.1150901363894789	3.5132349908481	1.12585034014	0.012329207326422533	0.01
2	3	25.51	0.12521470710057814	3.7042870447119416	1.18707482993	0.010248345641253532	0.01
2	3	25.51	0.13600559598734072	3.8953390986069865	1.24829931973	0.007870990193862884	0.01
2	3	25.51	0.1468699914938253	4.075777149490527	1.30612244898	0.0045186281587675185	0.01
2	3	25.51	0.1598679743295975	4.277443206365873	1.37074829932	0.00444015505578988	0.01
2	3	25.51	0.17386984036621847	4.479109263241218	1.43537414966	0.0029076493730147484	0.01
2	3	25.51	0.1898264388904509	4.691389323096864	1.50340136054	0.0033945042513647927	0.01
2	3	25.51	0.20182522043909693	4.839985365008299	1.55102040816	0.0022216587451898678	0.01
2	3	25.51	0.22126485187746214	5.062879427875449	1.62244897959	0.0016034582405742269	0.01
2	3	25.51	0.2332357183428249	5.190247463795079	1.66326530612	0.0021895009330086482	0.01
2	3	25.51	0.2593267653707638	5.444983535634337	1.74489795918	0.0011683601131693305	0.01
2	3	25.51	0.27852790890371343	5.6148075835375755	1.79931972789	0.0011813271601906089	0.01
2	3	25.51	0.30350964853932494	5.816473640412922	1.86394557823	0.000993631373424766	0.01
2	3	25.51	0.32969277701694866	6.007525694307967	1.92517006803	0.0007802717159492972	0.01
2	3	25.51	0.3570359835745206	6.1879637451915075	1.98299319728	0.004187941144121274	0.01