Path: /HepData/3087/d1-x1-y1
The measured photon asymmetry (A1+ETA*A2) for the Q**2 region 0.15 to 0.22 GeV**2 obtained with a beam energy of 2.6 GeV.
Location: F 1
Q**2 IN GEV**2 : 0.15 TO 0.22
RE : E- P --> E- X
PLAB : 2.6 GeV
x: W(P=4) IN GEV
y: (A1+ETA*A2)
x	xlow	xhigh	y	dy+	dy-	dy+	dy-	
1.1	1.1	1.1	-0.636425	+0.24881	-0.24881	+0.23	-0.23
1.14	1.14	1.14	-0.5738366	+0.248	-0.248	+0.1	-0.1
1.18	1.18	1.18	-0.424861	+0.1338218	-0.1338218	+0.07	-0.07
1.26	1.26	1.26	-0.4104419	+0.1044	-0.1044	+0.06	-0.06
1.22	1.22	1.22	-0.4385285	+0.105	-0.105	+0.07	-0.07
1.26	1.26	1.26	-0.1067598	+0.114	-0.114	+0.02648644	-0.02648644
1.3	1.3	1.3	-0.05651112	+0.1262664	-0.1262664	+0.0186041	-0.0186041
1.34	1.34	1.34	0.04135435	+0.1075	-0.1075	+0.018	-0.018
1.38	1.38	1.38	-0.07906306	+0.107538	-0.107538	+0.02074	-0.02074
1.42	1.42	1.42	0.007468469	+0.08753687	-0.08753687	+0.01777847	-0.01777847
1.46	1.46	1.46	0.003754059	+0.0666566	-0.0666566	+0.01242873	-0.01242873
1.5	1.5	1.5	0.01639453	+0.0664034	-0.0664034	+0.01463	-0.01463
1.54	1.54	1.54	0.01709433	+0.0665	-0.0665	+0.015738	-0.015738
1.58	1.58	1.58	0.02524298	+0.0676	-0.0676	+0.014526	-0.014526
1.62	1.62	1.62	0.02129971	+0.05	-0.05	+0.01225611	-0.01225611
1.66	1.66	1.66	-0.003676819	+0.05478	-0.05478	+0.01	-0.01
1.7	1.7	1.7	-0.01709835	+0.058408	-0.058408	+0.01135	-0.01135
1.74	1.74	1.74	0.0240343	+0.0552620	-0.0552620	+0.0127992	-0.0127992
1.78	1.78	1.78	0.06193202	+0.05466131	-0.05466131	+0.016734	-0.016734
1.82	1.82	1.82	-0.03451247	+0.0512488	-0.0512488	+0.0176307	-0.0176307
1.86	1.86	1.86	-0.02516174	+0.05434	-0.05434	+0.0201	-0.0201
1.9	1.9	1.9	-0.03242375	+0.05442525	-0.05442525	+0.020176	-0.020176
1.94	1.94	1.94	-0.03529964	+0.061311	-0.061311	+0.017	-0.017
1.98	1.98	1.98	-0.01774363	+0.0434	-0.0434	+0.0136	-0.0136
2.02	2.02	2.02	0.1015765	+0.043	-0.043	+0.02247525	-0.02247525

Path: /HepData/3087/d2-x1-y1
The measured photon asymmetry (A1+ETA*A2) for the Q**2 region 0.6 to 1.10 GeV**2 obtained with a beam energy of 4.3 GeV.
Location: F 1
Q**2 IN GEV**2 : 0.6 TO 1.10
RE : E- P --> E- X
PLAB : 4.3 GeV
x: W(P=4) IN GEV
y: (A1+ETA*A2)
x	xlow	xhigh	y	dy+	dy-	dy+	dy-	
1.1	1.1	1.1	-0.8690705	+0.487	-0.487	+0.233615	-0.233615
1.14	1.14	1.14	-0.1897002	+0.3	-0.3	+0.114	-0.114
1.18	1.18	1.18	-0.4699619	+0.1	-0.1	+0.07584245	-0.07584245
1.26	1.26	1.26	-0.1034205	+0.1	-0.1	+0.02862442	-0.02862442
1.22	1.22	1.22	0.0407503	+0.127	-0.127	+0.0345	-0.0345
1.26	1.26	1.26	0.0473641	+0.139883	-0.139883	+0.041	-0.041
1.3	1.3	1.3	0.3569434	+0.172474	-0.172474	+0.05316178	-0.05316178
1.34	1.34	1.34	0.2971303	+0.15336	-0.15336	+0.05514262	-0.05514262
1.38	1.38	1.38	0.4285906	+0.16	-0.16	+0.0631300	-0.0631300
1.42	1.42	1.42	0.3845901	+0.1515617	-0.1515617	+0.05156675	-0.05156675
1.46	1.46	1.46	0.5798982	+0.124	-0.124	+0.0674	-0.0674
1.5	1.5	1.5	0.4050949	+0.0	-0.0	+0.0480	-0.0480
1.54	1.54	1.54	0.4344973	+0.0	-0.0	+0.044146	-0.044146
1.58	1.58	1.58	0.4763345	+0.0	-0.0	+0.05702	-0.05702
1.62	1.62	1.62	0.4159092	+0.0	-0.0	+0.0434792	-0.0434792
1.66	1.66	1.66	0.3156779	+0.070	-0.070	+0.035	-0.035
1.7	1.7	1.7	0.5180607	+0.08	-0.08	+0.052362	-0.052362
1.74	1.74	1.74	0.3863154	+0.07768851	-0.07768851	+0.04487585	-0.04487585
1.78	1.78	1.78	0.3282347	+0.0817	-0.0817	+0.03	-0.03
1.82	1.82	1.82	0.3014538	+0.07533447	-0.07533447	+0.03526635	-0.03526635
1.86	1.86	1.86	0.2942011	+0.06477737	-0.06477737	+0.03375727	-0.03375727
1.9	1.9	1.9	0.2243837	+0.0650	-0.0650	+0.027808	-0.027808
1.94	1.94	1.94	0.2212715	+0.0610	-0.0610	+0.024	-0.024
1.98	1.98	1.98	0.2598089	+0.06183	-0.06183	+0.0267201	-0.0267201
2.02	2.02	2.02	0.191288	+0.059504	-0.059504	+0.0196	-0.0196
2.06	2.06	2.06	0.3484639	+0.05383373	-0.05383373	+0.03458	-0.03458
2.1	2.1	2.1	0.2857043	+0.0585648	-0.0585648	+0.03124445	-0.03124445
2.14	2.14	2.14	0.3049844	+0.051338	-0.051338	+0.034	-0.034
2.18	2.18	2.18	0.2658292	+0.05268385	-0.05268385	+0.03	-0.03
2.22	2.22	2.22	0.2430954	+0.0506	-0.0506	+0.0315	-0.0315
2.26	2.26	2.26	0.2170711	+0.0486862	-0.0486862	+0.02844225	-0.02844225
2.3	2.3	2.3	0.1895691	+0.044081	-0.044081	+0.02413	-0.02413
2.34	2.34	2.34	0.2421625	+0.0462	-0.0462	+0.031576	-0.031576
2.38	2.38	2.38	0.1996478	+0.04	-0.04	+0.0285883	-0.0285883
2.42	2.42	2.42	0.1563709	+0.04	-0.04	+0.03061	-0.03061
2.46	2.46	2.46	0.248692	+0.056634	-0.056634	+0.04	-0.04
2.5	2.5	2.5	0.2210182	+0.05268711	-0.05268711	+0.05781	-0.05781
2.54	2.54	2.54	0.1609937	+0.04874338	-0.04874338	+0.0451	-0.0451

Path: /HepData/3087/d3-x1-y1
The polarized structure function G1 as a function of Bjorken X for the Q**2range 0.15 to 0.27 GeV.
Location: F 2
PLAB IN GEV : 2.6 + 4.3
Q**2 IN GEV**2 : 0.15 TO 0.27
RE : E- P --> E- X
x: X
y: G1
x	xlow	xhigh	y	dy+	dy-	dy+	dy-	
0.05356	0.05356	0.05356	0.00856	+0.08823	-0.08823	+0.02336	-0.02336
0.05607	0.05607	0.05607	0.10981	+0.04328	-0.04328	+0.02253	-0.02253
0.05876	0.05876	0.05876	-0.01588	+0.038	-0.038	+0.0147	-0.0147
0.06166	0.06166	0.06166	0.06446	+0.04528	-0.04528	+0.022	-0.022
0.06479	0.06479	0.06479	-0.02119	+0.04372	-0.04372	+0.02288	-0.02288
0.06819	0.06819	0.06819	0.02047	+0.04518	-0.04518	+0.0222	-0.0222
0.07188	0.07188	0.07188	0.00997	+0.03	-0.03	+0.01	-0.01
0.0759	0.0759	0.0759	0.08023	+0.0384	-0.0384	+0.01	-0.01
0.08029	0.08029	0.08029	0.04386	+0.03	-0.03	+0.015	-0.015
0.08511	0.08511	0.08511	0.04797	+0.041	-0.041	+0.01473	-0.01473
0.09041	0.09041	0.09041	0.1136	+0.046	-0.046	+0.01742	-0.01742
0.09626	0.09626	0.09626	0.02039	+0.04544	-0.04544	+0.01552	-0.01552
0.10276	0.10276	0.10276	0.06247	+0.04	-0.04	+0.0188	-0.0188
0.11	0.11	0.11	0.06244	+0.03718	-0.03718	+0.0218	-0.0218
0.11812	0.11812	0.11812	0.07196	+0.04275	-0.04275	+0.0232	-0.0232
0.12727	0.12727	0.12727	0.07802	+0.047	-0.047	+0.02565	-0.02565
0.13765	0.13765	0.13765	0.05255	+0.04	-0.04	+0.02225	-0.02225
0.14952	0.14952	0.14952	0.0237	+0.0352	-0.0352	+0.0193	-0.0193
0.1632	0.1632	0.1632	0.04814	+0.033	-0.033	+0.01722	-0.01722
0.17912	0.17912	0.17912	0.00181	+0.034	-0.034	+0.01666	-0.01666
0.19785	0.19785	0.19785	-0.0212	+0.03	-0.03	+0.018	-0.018
0.22017	0.22017	0.22017	-0.16429	+0.04464	-0.04464	+0.0484	-0.0484
0.2472	0.2472	0.2472	-0.3039	+0.04	-0.04	+0.081	-0.081
0.28052	0.28052	0.28052	-0.12435	+0.02813	-0.02813	+0.0277	-0.0277
0.32255	0.32255	0.32255	-0.02296	+0.01371	-0.01371	+0.00811	-0.00811
0.3771	0.3771	0.3771	-0.00433	+0.002	-0.002	+0.00285	-0.00285

Path: /HepData/3087/d4-x1-y1
The polarized structure function G1 as a function of Bjorken X for the Q**2range 0.27 to 0.50 GeV.
Location: F 2
PLAB IN GEV : 2.6 + 4.3
Q**2 IN GEV**2 : 0.27 TO 0.50
RE : E- P --> E- X
x: X
y: G1
x	xlow	xhigh	y	dy+	dy-	dy+	dy-	
0.06073	0.06073	0.06073	0.15266	+0.06714	-0.06714	+0.02575	-0.02575
0.06282	0.06282	0.06282	0.18562	+0.0730	-0.0730	+0.02275	-0.02275
0.06503	0.06503	0.06503	0.02952	+0.07	-0.07	+0.01876	-0.01876
0.06735	0.06735	0.06735	0.13251	+0.06	-0.06	+0.018	-0.018
0.06981	0.06981	0.06981	0.07094	+0.071	-0.071	+0.017	-0.017
0.07241	0.07241	0.07241	0.30053	+0.067	-0.067	+0.02154	-0.02154
0.07516	0.07516	0.07516	0.10806	+0.06666	-0.06666	+0.01664	-0.01664
0.07808	0.07808	0.07808	0.10211	+0.066	-0.066	+0.01624	-0.01624
0.08117	0.08117	0.08117	0.17152	+0.07262	-0.07262	+0.017	-0.017
0.08446	0.08446	0.08446	0.04926	+0.06534	-0.06534	+0.01628	-0.01628
0.08796	0.08796	0.08796	0.14807	+0.06	-0.06	+0.01688	-0.01688
0.09169	0.09169	0.09169	0.17061	+0.0707	-0.0707	+0.01838	-0.01838
0.09568	0.09568	0.09568	0.09381	+0.03252	-0.03252	+0.01782	-0.01782
0.09994	0.09994	0.09994	0.07945	+0.021	-0.021	+0.01368	-0.01368
0.1045	0.1045	0.1045	0.06239	+0.01846	-0.01846	+0.01	-0.01
0.1094	0.1094	0.1094	0.07629	+0.0182	-0.0182	+0.022	-0.022
0.11467	0.11467	0.11467	0.09008	+0.01777	-0.01777	+0.02456	-0.02456
0.12034	0.12034	0.12034	0.07511	+0.01752	-0.01752	+0.0210	-0.0210
0.12647	0.12647	0.12647	0.09216	+0.01835	-0.01835	+0.03177	-0.03177
0.1331	0.1331	0.1331	0.08894	+0.01823	-0.01823	+0.02271	-0.02271
0.1403	0.1403	0.1403	0.11844	+0.02	-0.02	+0.02262	-0.02262
0.14814	0.14814	0.14814	0.11965	+0.0200	-0.0200	+0.02584	-0.02584
0.15669	0.15669	0.15669	0.13486	+0.02313	-0.02313	+0.02437	-0.02437
0.16606	0.16606	0.16606	0.11546	+0.02246	-0.02246	+0.02461	-0.02461
0.17634	0.17634	0.17634	0.08631	+0.01	-0.01	+0.01787	-0.01787
0.18769	0.18769	0.18769	0.14974	+0.017	-0.017	+0.032	-0.032
0.20025	0.20025	0.20025	0.20873	+0.021	-0.021	+0.02	-0.02
0.21421	0.21421	0.21421	0.21443	+0.02264	-0.02264	+0.0423	-0.0423
0.22982	0.22982	0.22982	0.11629	+0.01	-0.01	+0.02357	-0.02357
0.24735	0.24735	0.24735	0.05445	+0.0157	-0.0157	+0.018	-0.018
0.26717	0.26717	0.26717	0.06782	+0.0142	-0.0142	+0.01151	-0.01151
0.28972	0.28972	0.28972	0.03111	+0.01536	-0.01536	+0.01	-0.01
0.31558	0.31558	0.31558	-0.02245	+0.01672	-0.01672	+0.0186	-0.0186
0.34547	0.34547	0.34547	-0.0821	+0.01814	-0.01814	+0.02614	-0.02614
0.38037	0.38037	0.38037	-0.15096	+0.02	-0.02	+0.0386	-0.0386
0.42159	0.42159	0.42159	-0.10246	+0.014	-0.014	+0.0221	-0.0221
0.47092	0.47092	0.47092	-0.01806	+0.00625	-0.00625	+0.00666	-0.00666
0.5309	0.5309	0.5309	-0.00363	+9.4E-4	-9.4E-4	+0.0021	-0.0021

Path: /HepData/3087/d5-x1-y1
The polarized structure function G1 as a function of Bjorken X for the Q**2range 0.50 to 0.74 GeV.
Location: F 2
PLAB IN GEV : 2.6 + 4.3
Q**2 IN GEV**2 : 0.50 TO 0.74
RE : E- P --> E- X
x: X
y: G1
x	xlow	xhigh	y	dy+	dy-	dy+	dy-	
0.10133	0.10133	0.10133	0.22295	+0.07427	-0.07427	+0.025	-0.025
0.10481	0.10481	0.10481	0.20843	+0.05516	-0.05516	+0.02125	-0.02125
0.10847	0.10847	0.10847	0.24042	+0.05776	-0.05776	+0.01	-0.01
0.11234	0.11234	0.11234	0.14213	+0.0600	-0.0600	+0.01351	-0.01351
0.11642	0.11642	0.11642	0.20005	+0.05671	-0.05671	+0.0135	-0.0135
0.12072	0.12072	0.12072	0.16984	+0.05557	-0.05557	+0.012	-0.012
0.12528	0.12528	0.12528	0.26359	+0.05572	-0.05572	+0.01548	-0.01548
0.1301	0.1301	0.1301	0.2871	+0.05	-0.05	+0.01717	-0.01717
0.13522	0.13522	0.13522	0.17849	+0.05735	-0.05735	+0.01222	-0.01222
0.14064	0.14064	0.14064	0.10471	+0.06114	-0.06114	+0.01333	-0.01333
0.14641	0.14641	0.14641	0.25617	+0.05	-0.05	+0.01424	-0.01424
0.15255	0.15255	0.15255	0.11115	+0.05518	-0.05518	+0.0113	-0.0113
0.15909	0.15909	0.15909	0.14634	+0.04	-0.04	+0.014	-0.014
0.16607	0.16607	0.16607	0.08659	+0.017	-0.017	+0.03	-0.03
0.17354	0.17354	0.17354	0.08187	+0.01762	-0.01762	+0.02774	-0.02774
0.18153	0.18153	0.18153	0.0883	+0.01783	-0.01783	+0.03567	-0.03567
0.1901	0.1901	0.1901	0.12444	+0.01732	-0.01732	+0.03	-0.03
0.19931	0.19931	0.19931	0.11461	+0.01716	-0.01716	+0.03672	-0.03672
0.20923	0.20923	0.20923	0.12332	+0.0163	-0.0163	+0.0330	-0.0330
0.21993	0.21993	0.21993	0.1649	+0.01674	-0.01674	+0.026	-0.026
0.2315	0.2315	0.2315	0.1602	+0.01	-0.01	+0.03	-0.03
0.24404	0.24404	0.24404	0.14238	+0.01833	-0.01833	+0.02	-0.02
0.25767	0.25767	0.25767	0.13145	+0.01771	-0.01771	+0.03	-0.03
0.27251	0.27251	0.27251	0.14825	+0.01678	-0.01678	+0.02432	-0.02432
0.28873	0.28873	0.28873	0.18292	+0.01724	-0.01724	+0.02463	-0.02463
0.3065	0.3065	0.3065	0.21533	+0.01878	-0.01878	+0.03686	-0.03686
0.32604	0.32604	0.32604	0.13021	+0.0155	-0.0155	+0.01665	-0.01665
0.3476	0.3476	0.3476	0.05848	+0.01352	-0.01352	+0.0131	-0.0131
0.37149	0.37149	0.37149	0.05851	+0.01156	-0.01156	+0.01345	-0.01345
0.39806	0.39806	0.39806	0.04062	+0.01152	-0.01152	+0.00675	-0.00675
0.42776	0.42776	0.42776	0.00455	+0.01311	-0.01311	+0.00622	-0.00622
0.46112	0.46112	0.46112	-0.0595	+0.01466	-0.01466	+0.01462	-0.01462
0.4988	0.4988	0.4988	-0.11471	+0.0154	-0.0154	+0.03343	-0.03343
0.54163	0.54163	0.54163	-0.02897	+0.01	-0.01	+0.00632	-0.00632
0.59067	0.59067	0.59067	-0.01068	+0.0053	-0.0053	+0.00432	-0.00432
0.64724	0.64724	0.64724	-0.00309	+8.1E-4	-8.1E-4	+0.00221	-0.00221

Path: /HepData/3087/d6-x1-y1
The polarized structure function G1 as a function of Bjorken X for the Q**2range 0.74 to 1.10 GeV.
Location: F 2
PLAB IN GEV : 2.6 + 4.3
Q**2 IN GEV**2 : 0.74 TO 1.10
RE : E- P --> E- X
x: X
y: G1
x	xlow	xhigh	y	dy+	dy-	dy+	dy-	
0.15953	0.15953	0.15953	0.24296	+0.04376	-0.04376	+0.02	-0.02
0.16501	0.16501	0.16501	0.14236	+0.0393	-0.0393	+0.01131	-0.01131
0.17076	0.17076	0.17076	0.19332	+0.04246	-0.04246	+0.01162	-0.01162
0.17683	0.17683	0.17683	0.19523	+0.04378	-0.04378	+0.011	-0.011
0.18322	0.18322	0.18322	0.18535	+0.0414	-0.0414	+0.00	-0.00
0.18997	0.18997	0.18997	0.20069	+0.0396	-0.0396	+0.00	-0.00
0.19709	0.19709	0.19709	0.20718	+0.042	-0.042	+0.00	-0.00
0.20462	0.20462	0.20462	0.21316	+0.038	-0.038	+0.01	-0.01
0.2126	0.2126	0.2126	0.14969	+0.0411	-0.0411	+0.00843	-0.00843
0.22104	0.22104	0.22104	0.17838	+0.03	-0.03	+0.006	-0.006
0.23	0.23	0.23	0.17269	+0.03	-0.03	+0.0127	-0.0127
0.23951	0.23951	0.23951	0.14613	+0.02768	-0.02768	+0.01482	-0.01482
0.24962	0.24962	0.24962	0.11103	+0.02	-0.02	+0.0274	-0.0274
0.26038	0.26038	0.26038	0.11842	+0.02186	-0.02186	+0.020	-0.020
0.27186	0.27186	0.27186	0.1563	+0.017	-0.017	+0.0215	-0.0215
0.2841	0.2841	0.2841	0.15773	+0.01587	-0.01587	+0.021	-0.021
0.29719	0.29719	0.29719	0.17503	+0.01534	-0.01534	+0.01413	-0.01413
0.31121	0.31121	0.31121	0.20365	+0.01684	-0.01684	+0.02433	-0.02433
0.32623	0.32623	0.32623	0.12529	+0.01486	-0.01486	+0.028	-0.028
0.34237	0.34237	0.34237	0.14153	+0.013	-0.013	+0.020	-0.020
0.35973	0.35973	0.35973	0.13605	+0.01161	-0.01161	+0.02	-0.02
0.37844	0.37844	0.37844	0.15996	+0.01265	-0.01265	+0.026	-0.026
0.39864	0.39864	0.39864	0.18703	+0.01453	-0.01453	+0.02183	-0.02183
0.42049	0.42049	0.42049	0.10959	+0.01142	-0.01142	+0.01266	-0.01266
0.44418	0.44418	0.44418	0.0598	+0.00	-0.00	+0.0052	-0.0052
0.46992	0.46992	0.46992	0.02789	+0.00886	-0.00886	+0.0056	-0.0056
0.49796	0.49796	0.49796	0.04361	+0.008	-0.008	+0.00	-0.00
0.52856	0.52856	0.52856	0.00584	+0.0088	-0.0088	+0.00343	-0.00343
0.56206	0.56206	0.56206	-0.011	+0.00	-0.00	+0.01177	-0.01177
0.59883	0.59883	0.59883	-0.05825	+0.01	-0.01	+0.01146	-0.01146
0.6393	0.6393	0.6393	-0.03624	+0.007	-0.007	+0.0086	-0.0086
0.68398	0.68398	0.68398	-0.0076	+0.00431	-0.00431	+0.00262	-0.00262
0.73347	0.73347	0.73347	2.9E-4	+7.9E-4	-7.9E-4	+9.6E-4	-9.6E-4

Path: /HepData/3087/d7-x1-y1
The polarized structure function G1 as a function of Bjorken X for the Q**2range 1.10 to 1.64 GeV.
Location: F 2
PLAB IN GEV : 2.6 + 4.3
Q**2 IN GEV**2 : 1.10 TO 1.64
RE : E- P --> E- X
x: X
y: G1
x	xlow	xhigh	y	dy+	dy-	dy+	dy-	
0.24415	0.24415	0.24415	0.27747	+0.0512	-0.0512	+0.01	-0.01
0.25223	0.25223	0.25223	0.22632	+0.04885	-0.04885	+0.0123	-0.0123
0.26071	0.26071	0.26071	0.15845	+0.02	-0.02	+0.008	-0.008
0.2696	0.2696	0.2696	0.14469	+0.03	-0.03	+0.008	-0.008
0.27894	0.27894	0.27894	0.15405	+0.03143	-0.03143	+0.00828	-0.00828
0.28876	0.28876	0.28876	0.17635	+0.0300	-0.0300	+0.00832	-0.00832
0.29908	0.29908	0.29908	0.16923	+0.03157	-0.03157	+0.0071	-0.0071
0.30994	0.30994	0.30994	0.09843	+0.02	-0.02	+0.00	-0.00
0.32138	0.32138	0.32138	0.14626	+0.03	-0.03	+0.01	-0.01
0.33343	0.33343	0.33343	0.06222	+0.028	-0.028	+0.0093	-0.0093
0.34614	0.34614	0.34614	0.13652	+0.02	-0.02	+0.0108	-0.0108
0.35956	0.35956	0.35956	0.10948	+0.02756	-0.02756	+0.00	-0.00
0.37373	0.37373	0.37373	0.17366	+0.02733	-0.02733	+0.01235	-0.01235
0.3887	0.3887	0.3887	0.13092	+0.02	-0.02	+0.01367	-0.01367
0.40455	0.40455	0.40455	0.14615	+0.0183	-0.0183	+0.00	-0.00
0.42132	0.42132	0.42132	0.12927	+0.01	-0.01	+0.01782	-0.01782
0.4391	0.4391	0.4391	0.11869	+0.01487	-0.01487	+0.02258	-0.02258
0.45795	0.45795	0.45795	0.13827	+0.01425	-0.01425	+0.01736	-0.01736
0.47795	0.47795	0.47795	0.1209	+0.012	-0.012	+0.01816	-0.01816
0.49919	0.49919	0.49919	0.12138	+0.01251	-0.01251	+0.01471	-0.01471
0.52178	0.52178	0.52178	0.06873	+0.01	-0.01	+0.00565	-0.00565
0.5458	0.5458	0.5458	0.05058	+0.01	-0.01	+0.01114	-0.01114
0.57138	0.57138	0.57138	0.03271	+0.00657	-0.00657	+0.00711	-0.00711
0.59863	0.59863	0.59863	0.03568	+0.00754	-0.00754	+0.00473	-0.00473
0.62769	0.62769	0.62769	0.0253	+0.00712	-0.00712	+0.00881	-0.00881
0.65869	0.65869	0.65869	-0.0045	+0.00726	-0.00726	+0.00185	-0.00185
0.69179	0.69179	0.69179	-0.03251	+0.008	-0.008	+0.00655	-0.00655
0.72716	0.72716	0.72716	-0.00508	+0.006	-0.006	+0.001	-0.001
0.76495	0.76495	0.76495	9.0E-5	+0.00336	-0.00336	+9.1E-4	-9.1E-4
0.80538	0.80538	0.80538	-0.00112	+7.1E-4	-7.1E-4	+8.4E-4	-8.4E-4

Path: /HepData/3087/d8-x1-y1
The first moment of the spin structure function G1 obtained (a) by integrating over the present measurements (MEAS) and (b) by using the inclusive scattering model to extend down to X = 10**-5(FULL).
Location: F 3
PLAB IN GEV : 2.6 + 4.3
Q**2 IN GEV**2 : 1.10 TO 1.64
RE : E- P --> E- X
x: Q**2 IN GEV**2
x2: W(C=LIMIT) IN GEV
y: INT(G1)(C=MEAS)
x	xlow	xhigh	x2	y	dy+	dy-	dy+	dy-	
0.16612	0.15	0.18	2.0	-0.01883	+0.00563	-0.00563	+0.00628	-0.00628
0.20024	0.18	0.22	2.0	-0.02212	+0.005	-0.005	+0.00741	-0.00741
0.24535	0.22	0.27	2.1	-0.00759	+0.00444	-0.00444	+0.00665	-0.00665
0.29923	0.27	0.33	2.1	-0.01206	+0.00383	-0.00383	+0.0068	-0.0068
0.37027	0.33	0.41	2.6	0.00784	+0.002	-0.002	+0.00613	-0.00613
0.47042	0.41	0.5	2.6	0.02174	+0.0028	-0.0028	+0.0067	-0.0067
0.54873	0.5	0.6	2.5	0.02787	+0.00273	-0.00273	+0.00566	-0.00566
0.66412	0.6	0.74	2.5	0.0349	+0.0023	-0.0023	+0.00536	-0.00536
0.81167	0.74	0.9	2.4	0.04119	+0.00223	-0.00223	+0.00557	-0.00557
0.98643	0.9	1.1	2.4	0.04629	+0.0022	-0.0022	+0.00436	-0.00436
1.20255	1.1	1.35	2.3	0.04297	+0.00224	-0.00224	+0.0036	-0.0036

Path: /HepData/3087/d8-x1-y2
The first moment of the spin structure function G1 obtained (a) by integrating over the present measurements (MEAS) and (b) by using the inclusive scattering model to extend down to X = 10**-5(FULL).
Location: F 3
PLAB IN GEV : 2.6 + 4.3
Q**2 IN GEV**2 : 1.10 TO 1.64
RE : E- P --> E- X
x: Q**2 IN GEV**2
x2: W(C=LIMIT) IN GEV
y: INT(G1)(C=FULL)
x	xlow	xhigh	x2	y	dy+	dy-	dy+	dy-	
0.16612	0.15	0.18	2.0	0.00275	+0.0160	-0.0160	+0.00465	-0.00465
0.20024	0.18	0.22	2.0	0.00405	+0.018	-0.018	+0.0051	-0.0051
0.24535	0.22	0.27	2.1	0.00554	+0.002	-0.002	+0.00526	-0.00526
0.29923	0.27	0.33	2.1	0.00826	+0.0038	-0.0038	+0.00557	-0.00557
0.37027	0.33	0.41	2.6	0.00795	+0.0158	-0.0158	+0.00448	-0.00448
0.47042	0.41	0.5	2.6	0.01205	+0.03378	-0.03378	+0.0044	-0.0044
0.54873	0.5	0.6	2.5	0.01637	+0.04423	-0.04423	+0.0046	-0.0046
0.66412	0.6	0.74	2.5	0.02142	+0.05632	-0.05632	+0.0044	-0.0044
0.81167	0.74	0.9	2.4	0.0299	+0.071	-0.071	+0.0043	-0.0043
0.98643	0.9	1.1	2.4	0.03768	+0.083	-0.083	+0.004	-0.004
1.20255	1.1	1.35	2.3	0.04993	+0.092	-0.092	+0.003	-0.003

