 26  56  0.1546  180.0    0.0058   4.590e+02  1.500e+01  Hotta:1994 
 26  56  0.1546  180.0    0.0158   4.119e+03  5.400e+01  Hotta:1994 
 26  56  0.1546  180.0    0.0258   7.080e+03  8.100e+01  Hotta:1994 
 26  56  0.1546  180.0    0.0357   1.001e+04  9.400e+01  Hotta:1994 
 26  56  0.1546  180.0    0.0457   1.250e+04  1.170e+02  Hotta:1994 
 26  56  0.1546  180.0    0.0556   1.425e+04  1.660e+02  Hotta:1994 
 26  56  0.1546  180.0    0.0656   1.420e+04  1.810e+02  Hotta:1994 
 26  56  0.1546  180.0    0.0756   1.259e+04  3.810e+02  Hotta:1994 
 26  56  0.1546  180.0    0.0855   1.071e+04  4.180e+02  Hotta:1994 
 26  56  0.1546  180.0    0.0955   7.543e+03  4.120e+02  Hotta:1994 
 26  56  0.1546  180.0    0.1055   6.810e+03  4.690e+02  Hotta:1994 
 26  56  0.1546  180.0    0.1154   6.166e+03  8.210e+02  Hotta:1994 
 26  56  0.1737  180.0    0.0061   5.140e+02  2.900e+01  Hotta:1994 
 26  56  0.1737  180.0    0.0161   3.853e+03  8.500e+01  Hotta:1994 
 26  56  0.1737  180.0    0.0260   5.938e+03  1.210e+02  Hotta:1994 
 26  56  0.1737  180.0    0.0360   8.655e+03  1.310e+02  Hotta:1994 
 26  56  0.1737  180.0    0.0459   1.046e+04  1.650e+02  Hotta:1994 
 26  56  0.1737  180.0    0.0558   1.233e+04  1.620e+02  Hotta:1994 
 26  56  0.1737  180.0    0.0658   1.322e+04  1.770e+02  Hotta:1994 
 26  56  0.1737  180.0    0.0757   1.325e+04  1.880e+02  Hotta:1994 
 26  56  0.1737  180.0    0.0857   1.248e+04  1.930e+02  Hotta:1994 
 26  56  0.1737  180.0    0.0956   9.821e+03  1.860e+02  Hotta:1994 
 26  56  0.1737  180.0    0.1055   8.008e+03  1.850e+02  Hotta:1994 
 26  56  0.1737  180.0    0.1155   6.908e+03  1.930e+02  Hotta:1994 
 26  56  0.1737  180.0    0.1254   6.650e+03  2.790e+02  Hotta:1994 
 26  56  0.1737  180.0    0.1353   8.583e+03  2.580e+02  Hotta:1994 
 26  56  0.1922  180.0    0.0064   3.310e+02  2.700e+01  Hotta:1994 
 26  56  0.1922  180.0    0.0163   3.013e+03  7.500e+01  Hotta:1994 
 26  56  0.1922  180.0    0.0262   4.575e+03  9.800e+01  Hotta:1994 
 26  56  0.1922  180.0    0.0362   6.630e+03  1.280e+02  Hotta:1994 
 26  56  0.1922  180.0    0.0461   8.763e+03  1.510e+02  Hotta:1994 
 26  56  0.1922  180.0    0.0561   1.007e+04  1.460e+02  Hotta:1994 
 26  56  0.1922  180.0    0.0660   1.114e+04  1.770e+02  Hotta:1994 
 26  56  0.1922  180.0    0.0759   1.238e+04  2.160e+02  Hotta:1994 
 26  56  0.1922  180.0    0.0859   1.177e+04  1.710e+02  Hotta:1994 
 26  56  0.1922  180.0    0.0958   1.119e+04  1.410e+02  Hotta:1994 
 26  56  0.1922  180.0    0.1058   9.526e+03  1.750e+02  Hotta:1994 
 26  56  0.1922  180.0    0.1157   7.914e+03  1.720e+02  Hotta:1994 
 26  56  0.1922  180.0    0.1256   6.001e+03  1.900e+02  Hotta:1994 
 26  56  0.1922  180.0    0.1356   5.623e+03  2.050e+02  Hotta:1994 
 26  56  0.1922  180.0    0.1455   4.256e+03  2.180e+02  Hotta:1994 
 26  56  0.2065  180.0    0.0066   2.360e+02  1.000e+01  Hotta:1994 
 26  56  0.2065  180.0    0.0166   2.133e+03  3.600e+01  Hotta:1994 
 26  56  0.2065  180.0    0.0265   3.354e+03  4.900e+01  Hotta:1994 
 26  56  0.2065  180.0    0.0364   5.098e+03  6.500e+01  Hotta:1994 
 26  56  0.2065  180.0    0.0464   6.534e+03  7.800e+01  Hotta:1994 
 26  56  0.2065  180.0    0.0563   8.250e+03  8.800e+01  Hotta:1994 
 26  56  0.2065  180.0    0.0663   9.360e+03  1.230e+02  Hotta:1994 
 26  56  0.2065  180.0    0.0762   1.050e+04  7.800e+01  Hotta:1994 
 26  56  0.2065  180.0    0.0861   1.069e+04  8.800e+01  Hotta:1994 
 26  56  0.2065  180.0    0.0961   1.077e+04  1.150e+02  Hotta:1994 
 26  56  0.2065  180.0    0.1060   1.003e+04  1.130e+02  Hotta:1994 
 26  56  0.2065  180.0    0.1160   8.495e+03  1.000e+02  Hotta:1994 
 26  56  0.2065  180.0    0.1259   7.193e+03  1.740e+02  Hotta:1994 
 26  56  0.2211  180.0    0.0068   1.600e+02  1.100e+01  Hotta:1994 
 26  56  0.2211  180.0    0.0167   1.457e+03  2.800e+01  Hotta:1994 
 26  56  0.2211  180.0    0.0267   2.647e+03  3.700e+01  Hotta:1994 
 26  56  0.2211  180.0    0.0366   3.867e+03  4.700e+01  Hotta:1994 
 26  56  0.2211  180.0    0.0465   5.108e+03  5.800e+01  Hotta:1994 
 26  56  0.2211  180.0    0.0565   6.464e+03  4.500e+01  Hotta:1994 
 26  56  0.2211  180.0    0.0664   7.566e+03  7.000e+01  Hotta:1994 
 26  56  0.2211  180.0    0.0764   8.494e+03  7.800e+01  Hotta:1994 
 26  56  0.2211  180.0    0.0863   9.024e+03  9.300e+01  Hotta:1994 
 26  56  0.2211  180.0    0.0963   9.003e+03  8.900e+01  Hotta:1994 
 26  56  0.2211  180.0    0.1062   8.812e+03  9.500e+01  Hotta:1994 
 26  56  0.2211  180.0    0.1161   8.151e+03  7.400e+01  Hotta:1994 
 26  56  0.2211  180.0    0.1261   6.938e+03  7.000e+01  Hotta:1994 
 26  56  0.2211  180.0    0.1360   6.077e+03  8.500e+01  Hotta:1994 
 26  56  0.2211  180.0    0.1459   5.058e+03  1.410e+02  Hotta:1994 
 26  56  0.2211  180.0    0.1559   4.433e+03  1.370e+02  Hotta:1994 
 26  56  0.2211  180.0    0.1658   4.057e+03  1.450e+02  Hotta:1994 
 26  56  0.2356  180.0    0.0071   1.050e+02  9.000e+00  Hotta:1994 
 26  56  0.2356  180.0    0.0170   9.350e+02  2.700e+01  Hotta:1994 
 26  56  0.2356  180.0    0.0269   1.862e+03  3.400e+01  Hotta:1994 
 26  56  0.2356  180.0    0.0368   2.913e+03  4.500e+01  Hotta:1994 
 26  56  0.2356  180.0    0.0468   3.938e+03  5.700e+01  Hotta:1994 
 26  56  0.2356  180.0    0.0567   4.937e+03  6.000e+01  Hotta:1994 
 26  56  0.2356  180.0    0.0666   5.893e+03  7.100e+01  Hotta:1994 
 26  56  0.2356  180.0    0.0765   6.930e+03  7.400e+01  Hotta:1994 
 26  56  0.2356  180.0    0.0864   7.868e+03  8.600e+01  Hotta:1994 
 26  56  0.2356  180.0    0.0964   8.333e+03  8.400e+01  Hotta:1994 
 26  56  0.2356  180.0    0.1063   8.240e+03  8.000e+01  Hotta:1994 
 26  56  0.2356  180.0    0.1162   8.170e+03  6.600e+01  Hotta:1994 
 26  56  0.2356  180.0    0.1261   7.790e+03  8.700e+01  Hotta:1994 
 26  56  0.2356  180.0    0.1360   6.773e+03  8.000e+01  Hotta:1994 
 26  56  0.2356  180.0    0.1460   5.746e+03  7.700e+01  Hotta:1994 
 26  56  0.2356  180.0    0.1559   5.097e+03  1.600e+02  Hotta:1994 
 26  56  0.2356  180.0    0.1658   4.868e+03  1.710e+02  Hotta:1994 
 26  56  0.2356  180.0    0.1757   4.828e+03  1.900e+02  Hotta:1994 
 26  56  0.2519  180.0    0.0073   5.300e+01  1.100e+01  Hotta:1994 
 26  56  0.2519  180.0    0.0173   4.870e+02  3.500e+01  Hotta:1994 
 26  56  0.2519  180.0    0.0272   1.040e+03  5.000e+01  Hotta:1994 
 26  56  0.2519  180.0    0.0371   1.970e+03  6.500e+01  Hotta:1994 
 26  56  0.2519  180.0    0.0470   2.722e+03  7.900e+01  Hotta:1994 
 26  56  0.2519  180.0    0.0569   3.944e+03  9.400e+01  Hotta:1994 
 26  56  0.2519  180.0    0.0668   4.380e+03  1.100e+02  Hotta:1994 
 26  56  0.2519  180.0    0.0768   5.458e+03  1.230e+02  Hotta:1994 
 26  56  0.2519  180.0    0.0867   6.233e+03  1.250e+02  Hotta:1994 
 26  56  0.2519  180.0    0.0966   6.922e+03  1.200e+02  Hotta:1994 
 26  56  0.2519  180.0    0.1065   7.291e+03  1.370e+02  Hotta:1994 
 26  56  0.2519  180.0    0.1164   7.502e+03  1.290e+02  Hotta:1994 
 26  56  0.2519  180.0    0.1264   6.837e+03  1.350e+02  Hotta:1994 
 26  56  0.2519  180.0    0.1363   6.769e+03  1.270e+02  Hotta:1994 
 26  56  0.2519  180.0    0.1462   5.854e+03  1.260e+02  Hotta:1994 
 26  56  0.2519  180.0    0.1561   5.031e+03  1.230e+02  Hotta:1994 
 26  56  0.2519  180.0    0.1661   4.151e+03  1.210e+02  Hotta:1994 
 26  56  0.2519  180.0    0.1760   4.307e+03  1.290e+02  Hotta:1994 
 26  56  0.2519  180.0    0.1859   4.127e+03  1.370e+02  Hotta:1994 
 26  56  0.2519  180.0    0.1958   4.791e+03  1.620e+02  Hotta:1994 
 26  56  0.2712  180.0    0.0077   8.000e+00  4.000e+00  Hotta:1994 
 26  56  0.2712  180.0    0.0177   2.120e+02  2.100e+01  Hotta:1994 
 26  56  0.2712  180.0    0.0276   6.080e+02  3.100e+01  Hotta:1994 
 26  56  0.2712  180.0    0.0375   1.068e+03  4.100e+01  Hotta:1994 
 26  56  0.2712  180.0    0.0474   1.630e+03  5.200e+01  Hotta:1994 
 26  56  0.2712  180.0    0.0573   2.568e+03  6.700e+01  Hotta:1994 
 26  56  0.2712  180.0    0.0673   3.085e+03  7.700e+01  Hotta:1994 
 26  56  0.2712  180.0    0.0772   4.030e+03  8.000e+01  Hotta:1994 
 26  56  0.2712  180.0    0.0871   4.623e+03  8.300e+01  Hotta:1994 
 26  56  0.2712  180.0    0.0970   5.537e+03  9.500e+01  Hotta:1994 
 26  56  0.2712  180.0    0.1070   6.006e+03  1.040e+02  Hotta:1994 
 26  56  0.2712  180.0    0.1169   6.187e+03  1.040e+02  Hotta:1994 
 26  56  0.2712  180.0    0.1268   6.450e+03  1.100e+02  Hotta:1994 
 26  56  0.2712  180.0    0.1367   6.175e+03  1.080e+02  Hotta:1994 
 26  56  0.2712  180.0    0.1466   6.383e+03  1.050e+02  Hotta:1994 
 26  56  0.2712  180.0    0.1566   5.138e+03  1.010e+02  Hotta:1994 
 26  56  0.2712  180.0    0.1665   4.685e+03  9.200e+01  Hotta:1994 
 26  56  0.2712  180.0    0.1764   4.403e+03  9.400e+01  Hotta:1994 
 26  56  0.2712  180.0    0.1863   4.359e+03  1.600e+02  Hotta:1994 
 26  56  0.2712  180.0    0.1962   4.589e+03  1.900e+02  Hotta:1994 
 26  56  0.2712  180.0    0.2061   4.278e+03  2.170e+02  Hotta:1994 
 26  56  0.2928  180.0    0.0082   7.000e+00  3.000e+00  Hotta:1994 
 26  56  0.2928  180.0    0.0181   4.200e+01  8.000e+00  Hotta:1994 
 26  56  0.2928  180.0    0.0281   1.700e+02  1.300e+01  Hotta:1994 
 26  56  0.2928  180.0    0.0380   3.890e+02  2.100e+01  Hotta:1994 
 26  56  0.2928  180.0    0.0479   8.770e+02  3.400e+01  Hotta:1994 
 26  56  0.2928  180.0    0.0578   1.384e+03  4.400e+01  Hotta:1994 
 26  56  0.2928  180.0    0.0678   1.859e+03  5.000e+01  Hotta:1994 
 26  56  0.2928  180.0    0.0777   2.673e+03  5.600e+01  Hotta:1994 
 26  56  0.2928  180.0    0.0876   3.447e+03  6.600e+01  Hotta:1994 
 26  56  0.2928  180.0    0.0975   3.978e+03  6.900e+01  Hotta:1994 
 26  56  0.2928  180.0    0.1074   4.779e+03  8.400e+01  Hotta:1994 
 26  56  0.2928  180.0    0.1173   5.367e+03  9.200e+01  Hotta:1994 
 26  56  0.2928  180.0    0.1273   5.683e+03  8.000e+01  Hotta:1994 
 26  56  0.2928  180.0    0.1372   5.834e+03  9.600e+01  Hotta:1994 
 26  56  0.2928  180.0    0.1471   5.636e+03  9.100e+01  Hotta:1994 
 26  56  0.2928  180.0    0.1570   5.665e+03  9.600e+01  Hotta:1994 
 26  56  0.2928  180.0    0.1669   4.881e+03  8.500e+01  Hotta:1994 
 26  56  0.2928  180.0    0.1769   4.924e+03  9.400e+01  Hotta:1994 
 26  56  0.2928  180.0    0.1868   4.475e+03  9.800e+01  Hotta:1994 
 26  56  0.2928  180.0    0.1967   4.167e+03  1.010e+02  Hotta:1994 
 26  56  0.2928  180.0    0.2066   3.957e+03  1.030e+02  Hotta:1994 
 26  56  0.2928  180.0    0.2166   4.628e+03  2.200e+02  Hotta:1994 
 26  56  0.2928  180.0    0.2265   5.064e+03  2.810e+02  Hotta:1994 
 26  56  0.3122  180.0    0.0087   1.900e+01  6.000e+00  Hotta:1994 
 26  56  0.3122  180.0    0.0186   1.200e+01  5.000e+00  Hotta:1994 
 26  56  0.3122  180.0    0.0285   4.900e+01  8.000e+00  Hotta:1994 
 26  56  0.3122  180.0    0.0384   1.710e+02  1.800e+01  Hotta:1994 
 26  56  0.3122  180.0    0.0483   4.160e+02  3.000e+01  Hotta:1994 
 26  56  0.3122  180.0    0.0582   7.750e+02  3.500e+01  Hotta:1994 
 26  56  0.3122  180.0    0.0681   1.071e+03  4.100e+01  Hotta:1994 
 26  56  0.3122  180.0    0.0780   1.506e+03  5.300e+01  Hotta:1994 
 26  56  0.3122  180.0    0.0879   2.110e+03  6.600e+01  Hotta:1994 
 26  56  0.3122  180.0    0.0978   2.786e+03  7.700e+01  Hotta:1994 
 26  56  0.3122  180.0    0.1077   3.148e+03  8.400e+01  Hotta:1994 
 26  56  0.3122  180.0    0.1176   3.810e+03  9.300e+01  Hotta:1994 
 26  56  0.3122  180.0    0.1275   4.238e+03  9.700e+01  Hotta:1994 
 26  56  0.3122  180.0    0.1374   4.582e+03  9.900e+01  Hotta:1994 
 26  56  0.3122  180.0    0.1473   4.454e+03  9.100e+01  Hotta:1994 
 26  56  0.3122  180.0    0.1572   4.645e+03  9.200e+01  Hotta:1994 
 26  56  0.3122  180.0    0.1671   4.357e+03  1.010e+02  Hotta:1994 
 26  56  0.3122  180.0    0.1770   4.355e+03  9.000e+01  Hotta:1994 
 26  56  0.3122  180.0    0.1869   3.790e+03  9.300e+01  Hotta:1994 
 26  56  0.3122  180.0    0.1968   3.903e+03  8.900e+01  Hotta:1994 
 26  56  0.3122  180.0    0.2067   3.595e+03  8.900e+01  Hotta:1994 
 26  56  0.3122  180.0    0.2166   3.438e+03  9.100e+01  Hotta:1994 
 26  56  0.3122  180.0    0.2265   3.663e+03  9.800e+01  Hotta:1994 
 26  56  0.3122  180.0    0.2364   4.124e+03  1.110e+02  Hotta:1994 
 26  56  0.3331  180.0    0.0092   1.800e+01  6.000e+00  Hotta:1994 
 26  56  0.3331  180.0    0.0191   1.100e+01  4.000e+00  Hotta:1994 
 26  56  0.3331  180.0    0.0290   3.800e+01  7.000e+00  Hotta:1994 
 26  56  0.3331  180.0    0.0389   5.100e+01  9.000e+00  Hotta:1994 
 26  56  0.3331  180.0    0.0488   1.530e+02  1.500e+01  Hotta:1994 
 26  56  0.3331  180.0    0.0587   3.090e+02  2.000e+01  Hotta:1994 
 26  56  0.3331  180.0    0.0686   5.490e+02  3.800e+01  Hotta:1994 
 26  56  0.3331  180.0    0.0785   8.960e+02  5.000e+01  Hotta:1994 
 26  56  0.3331  180.0    0.0884   1.304e+03  4.300e+01  Hotta:1994 
 26  56  0.3331  180.0    0.0983   1.802e+03  4.400e+01  Hotta:1994 
 26  56  0.3331  180.0    0.1082   2.229e+03  5.100e+01  Hotta:1994 
 26  56  0.3331  180.0    0.1181   2.629e+03  5.300e+01  Hotta:1994 
 26  56  0.3331  180.0    0.1280   3.126e+03  6.000e+01  Hotta:1994 
 26  56  0.3331  180.0    0.1379   3.540e+03  6.300e+01  Hotta:1994 
 26  56  0.3331  180.0    0.1478   3.899e+03  7.000e+01  Hotta:1994 
 26  56  0.3331  180.0    0.1577   4.160e+03  7.100e+01  Hotta:1994 
 26  56  0.3331  180.0    0.1676   4.077e+03  8.100e+01  Hotta:1994 
 26  56  0.3331  180.0    0.1775   4.269e+03  7.700e+01  Hotta:1994 
 26  56  0.3331  180.0    0.1874   3.910e+03  7.400e+01  Hotta:1994 
 26  56  0.3331  180.0    0.1973   3.877e+03  7.500e+01  Hotta:1994 
 26  56  0.3331  180.0    0.2072   3.561e+03  7.200e+01  Hotta:1994 
 26  56  0.3331  180.0    0.2171   3.504e+03  7.000e+01  Hotta:1994 
 26  56  0.3331  180.0    0.2270   3.519e+03  7.300e+01  Hotta:1994 
 26  56  0.3331  180.0    0.2369   4.197e+03  9.300e+01  Hotta:1994 
 26  56  0.3331  180.0    0.2468   4.513e+03  8.800e+01  Hotta:1994 
 26  56  0.3331  180.0    0.2567   4.003e+03  1.670e+02  Hotta:1994 
