 26  56  1.5000 11.9390  0.0100  1.488e+06  1.540e+04 Baran:1988tw 
 26  56  1.5000 11.9390  0.0200  1.755e+06  1.368e+04 Baran:1988tw 
 26  56  1.5000 11.9390  0.0300  2.010e+06  1.494e+04 Baran:1988tw 
 26  56  1.5000 11.9390  0.0400  2.031e+06  2.480e+04 Baran:1988tw 
 26  56  1.5000 11.9390  0.0500  2.171e+06  2.544e+04 Baran:1988tw 
 26  56  1.5000 11.9390  0.0600  2.269e+06  2.606e+04 Baran:1988tw 
 26  56  1.5000 11.9390  0.0700  2.259e+06  2.675e+04 Baran:1988tw 
 26  56  1.5000 11.9390  0.0800  2.286e+06  1.956e+04 Baran:1988tw 
 26  56  1.5000 11.9390  0.0900  2.159e+06  1.941e+04 Baran:1988tw 
 26  56  1.5000 11.9390  0.1000  2.026e+06  2.571e+04 Baran:1988tw 
 26  56  1.5000 11.9390  0.1100  1.703e+06  2.417e+04 Baran:1988tw 
 26  56  1.5000 11.9390  0.1200  1.493e+06  2.311e+04 Baran:1988tw 
 26  56  1.5000 11.9390  0.1300  1.231e+06  2.156e+04 Baran:1988tw 
 26  56  1.5000 11.9390  0.1400  1.052e+06  1.391e+04 Baran:1988tw 
 26  56  1.5000 11.9390  0.1500  8.957e+05  1.710e+04 Baran:1988tw 
 26  56  1.5000 11.9390  0.1600  7.542e+05  1.599e+04 Baran:1988tw 
 26  56  1.5000 11.9390  0.1700  6.446e+05  1.516e+04 Baran:1988tw 
 26  56  1.5000 11.9390  0.1800  5.928e+05  1.470e+04 Baran:1988tw 
 26  56  1.5000 11.9390  0.1900  5.599e+05  1.129e+04 Baran:1988tw 
 26  56  1.5000 11.9390  0.2000  5.498e+05  1.727e+04 Baran:1988tw 
 26  56  1.5000 11.9390  0.2100  5.284e+05  1.649e+04 Baran:1988tw 
 26  56  1.5000 11.9390  0.2200  5.151e+05  1.601e+04 Baran:1988tw 
 26  56  1.5000 11.9390  0.2300  5.433e+05  1.652e+04 Baran:1988tw 
 26  56  1.5000 11.9390  0.2400  5.322e+05  1.660e+04 Baran:1988tw 
 26  56  1.5000 11.9390  0.2500  5.643e+05  1.745e+04 Baran:1988tw 
 26  56  1.5000 11.9390  0.2600  5.747e+05  1.973e+04 Baran:1988tw 
 26  56  1.5000 11.9390  0.2700  5.855e+05  1.972e+04 Baran:1988tw 
 26  56  1.5000 11.9390  0.2800  5.960e+05  1.972e+04 Baran:1988tw 
 26  56  1.5000 11.9390  0.2900  6.002e+05  9.767e+03 Baran:1988tw 
 26  56  1.5000 11.9390  0.3000  5.867e+05  9.647e+03 Baran:1988tw 
 26  56  1.5000 11.9390  0.3100  5.768e+05  9.386e+03 Baran:1988tw 
 26  56  1.5000 11.9390  0.3200  5.915e+05  9.582e+03 Baran:1988tw 
 26  56  1.5000 11.9390  0.3300  5.745e+05  9.710e+03 Baran:1988tw 
 26  56  1.5000 11.9390  0.3400  5.695e+05  6.785e+03 Baran:1988tw 
 26  56  1.5000 11.9390  0.3500  5.596e+05  8.998e+03 Baran:1988tw 
 26  56  1.5000 11.9390  0.3600  5.518e+05  8.778e+03 Baran:1988tw 
 26  56  1.5000 11.9390  0.3700  5.156e+05  8.877e+03 Baran:1988tw 
 26  56  1.5000 11.9390  0.3800  4.902e+05  6.323e+03 Baran:1988tw 
 26  56  1.5000 11.9390  0.3900  4.654e+05  8.399e+03 Baran:1988tw 
 26  56  1.5000 11.9390  0.4000  4.325e+05  7.967e+03 Baran:1988tw 
 26  56  1.5000 11.9390  0.4100  4.233e+05  8.074e+03 Baran:1988tw 
 26  56  1.5000 11.9390  0.4200  3.866e+05  8.186e+03 Baran:1988tw 
 26  56  1.5000 11.9390  0.4300  3.617e+05  8.380e+03 Baran:1988tw 
 26  56  1.5000 13.5390  0.0300  8.399e+05  1.554e+04 Baran:1988tw 
 26  56  1.5000 13.5390  0.0400  9.377e+05  1.649e+04 Baran:1988tw 
 26  56  1.5000 13.5390  0.0500  1.033e+06  1.734e+04 Baran:1988tw 
 26  56  1.5000 13.5390  0.0600  1.137e+06  1.820e+04 Baran:1988tw 
 26  56  1.5000 13.5390  0.0700  1.183e+06  1.913e+04 Baran:1988tw 
 26  56  1.5000 13.5390  0.0800  1.212e+06  1.548e+04 Baran:1988tw 
 26  56  1.5000 13.5390  0.0900  1.187e+06  1.544e+04 Baran:1988tw 
 26  56  1.5000 13.5390  0.1000  1.195e+06  2.404e+04 Baran:1988tw 
 26  56  1.5000 13.5390  0.1100  1.165e+06  2.330e+04 Baran:1988tw 
 26  56  1.5000 13.5390  0.1200  1.028e+06  2.246e+04 Baran:1988tw 
 26  56  1.5000 13.5390  0.1300  9.400e+05  2.238e+04 Baran:1988tw 
 26  56  1.5000 13.5390  0.1400  8.755e+05  1.516e+04 Baran:1988tw 
 26  56  1.5000 13.5390  0.1500  7.193e+05  1.399e+04 Baran:1988tw 
 26  56  1.5000 13.5390  0.1600  6.351e+05  1.718e+04 Baran:1988tw 
 26  56  1.5000 13.5390  0.1700  5.584e+05  1.636e+04 Baran:1988tw 
 26  56  1.5000 13.5390  0.1800  4.796e+05  1.577e+04 Baran:1988tw 
 26  56  1.5000 13.5390  0.1900  4.224e+05  8.503e+03 Baran:1988tw 
 26  56  1.5000 13.5390  0.2000  3.957e+05  8.093e+03 Baran:1988tw 
 26  56  1.5000 13.5390  0.2100  3.845e+05  9.063e+03 Baran:1988tw 
 26  56  1.5000 13.5390  0.2200  3.610e+05  8.657e+03 Baran:1988tw 
 26  56  1.5000 13.5390  0.2300  3.565e+05  8.556e+03 Baran:1988tw 
 26  56  1.5000 13.5390  0.2400  3.781e+05  8.990e+03 Baran:1988tw 
 26  56  1.5000 13.5390  0.2500  3.732e+05  9.188e+03 Baran:1988tw 
 26  56  1.5000 13.5390  0.2600  3.849e+05  1.480e+04 Baran:1988tw 
 26  56  1.5000 13.5390  0.2700  3.971e+05  1.479e+04 Baran:1988tw 
 26  56  1.5000 13.5390  0.2800  4.090e+05  1.479e+04 Baran:1988tw 
 26  56  1.5000 13.5390  0.2900  4.200e+05  1.188e+04 Baran:1988tw 
 26  56  1.5000 13.5390  0.3000  4.341e+05  1.196e+04 Baran:1988tw 
 26  56  1.5000 13.5390  0.3100  4.309e+05  1.157e+04 Baran:1988tw 
 26  56  1.5000 13.5390  0.3200  3.951e+05  1.114e+04 Baran:1988tw 
 26  56  1.5000 13.5390  0.3300  4.330e+05  7.905e+03 Baran:1988tw 
 26  56  1.5000 13.5390  0.3400  4.177e+05  7.701e+03 Baran:1988tw 
 26  56  1.5000 13.5390  0.3500  4.216e+05  9.622e+03 Baran:1988tw 
 26  56  1.5000 13.5390  0.3600  4.027e+05  9.565e+03 Baran:1988tw 
 26  56  1.5000 13.5390  0.3700  4.270e+05  9.885e+03 Baran:1988tw 
 26  56  1.5000 13.5390  0.3800  3.855e+05  5.860e+03 Baran:1988tw 
 26  56  1.5000 13.5390  0.3900  3.940e+05  7.193e+03 Baran:1988tw 
 26  56  1.5000 13.5390  0.4000  3.814e+05  6.893e+03 Baran:1988tw 
 26  56  1.5000 13.5390  0.4100  3.524e+05  6.710e+03 Baran:1988tw 
 26  56  1.5000 13.5390  0.4200  3.496e+05  6.973e+03 Baran:1988tw 
 26  56  1.6500 11.9390  0.0100  6.916e+05  1.055e+04 Baran:1988tw 
 26  56  1.6500 11.9390  0.0200  1.032e+06  1.269e+04 Baran:1988tw 
 26  56  1.6500 11.9390  0.0300  1.203e+06  1.367e+04 Baran:1988tw 
 26  56  1.6500 11.9390  0.0400  1.372e+06  1.507e+04 Baran:1988tw 
 26  56  1.6500 11.9390  0.0500  1.516e+06  1.343e+04 Baran:1988tw 
 26  56  1.6500 11.9390  0.0600  1.633e+06  1.417e+04 Baran:1988tw 
 26  56  1.6500 11.9390  0.0700  1.702e+06  1.487e+04 Baran:1988tw 
 26  56  1.6500 11.9390  0.0800  1.740e+06  2.514e+04 Baran:1988tw 
 26  56  1.6500 11.9390  0.0900  1.679e+06  2.515e+04 Baran:1988tw 
 26  56  1.6500 11.9390  0.1000  1.655e+06  2.542e+04 Baran:1988tw 
 26  56  1.6500 11.9390  0.1100  1.541e+06  2.465e+04 Baran:1988tw 
 26  56  1.6500 11.9390  0.1200  1.431e+06  1.480e+04 Baran:1988tw 
 26  56  1.6500 11.9390  0.1300  1.248e+06  1.369e+04 Baran:1988tw 
 26  56  1.6500 11.9390  0.1400  1.067e+06  1.558e+04 Baran:1988tw 
 26  56  1.6500 11.9390  0.1500  9.156e+05  1.495e+04 Baran:1988tw 
 26  56  1.6500 11.9390  0.1600  7.779e+05  1.398e+04 Baran:1988tw 
 26  56  1.6500 11.9390  0.1700  6.664e+05  1.306e+04 Baran:1988tw 
 26  56  1.6500 11.9390  0.1800  6.042e+05  7.979e+03 Baran:1988tw 
 26  56  1.6500 11.9390  0.1900  5.684e+05  9.321e+03 Baran:1988tw 
 26  56  1.6500 11.9390  0.2000  5.005e+05  8.702e+03 Baran:1988tw 
 26  56  1.6500 11.9390  0.2100  4.930e+05  8.500e+03 Baran:1988tw 
 26  56  1.6500 11.9390  0.2200  4.905e+05  8.498e+03 Baran:1988tw 
 26  56  1.6500 11.9390  0.2300  4.809e+05  6.797e+03 Baran:1988tw 
 26  56  1.6500 11.9390  0.2400  4.916e+05  6.928e+03 Baran:1988tw 
 26  56  1.6500 11.9390  0.2500  5.059e+05  1.097e+04 Baran:1988tw 
 26  56  1.6500 11.9390  0.2600  5.294e+05  1.084e+04 Baran:1988tw 
 26  56  1.6500 11.9390  0.2700  5.200e+05  1.085e+04 Baran:1988tw 
 26  56  1.6500 11.9390  0.2800  5.413e+05  1.116e+04 Baran:1988tw 
 26  56  1.6500 11.9390  0.2900  5.282e+05  1.134e+04 Baran:1988tw 
 26  56  1.6500 11.9390  0.3000  5.566e+05  1.198e+04 Baran:1988tw 
 26  56  1.6500 11.9390  0.3100  5.620e+05  1.379e+04 Baran:1988tw 
 26  56  1.6500 11.9390  0.3200  5.659e+05  1.379e+04 Baran:1988tw 
 26  56  1.6500 11.9390  0.3300  5.722e+05  1.378e+04 Baran:1988tw 
 26  56  1.6500 11.9390  0.3400  5.805e+05  9.803e+03 Baran:1988tw 
 26  56  1.6500 11.9390  0.3500  5.627e+05  9.478e+03 Baran:1988tw 
 26  56  1.6500 11.9390  0.3600  5.501e+05  9.375e+03 Baran:1988tw 
 26  56  1.6500 11.9390  0.3700  5.502e+05  9.120e+03 Baran:1988tw 
 26  56  1.6500 11.9390  0.3800  5.207e+05  9.102e+03 Baran:1988tw 
 26  56  1.6500 11.9390  0.3900  4.971e+05  8.321e+03 Baran:1988tw 
 26  56  1.6500 11.9390  0.4000  5.030e+05  8.718e+03 Baran:1988tw 
 26  56  1.6500 11.9390  0.4100  4.463e+05  1.902e+04 Baran:1988tw 
 26  56  1.6500 11.9390  0.4200  4.811e+05  2.006e+04 Baran:1988tw 
 26  56  1.6500 11.9390  0.4300  4.541e+05  2.007e+04 Baran:1988tw 
 26  56  1.6500 11.9390  0.4400  4.235e+05  8.275e+03 Baran:1988tw 
 26  56  1.6500 11.9390  0.4500  4.021e+05  8.455e+03 Baran:1988tw 
 26  56  1.6500 11.9390  0.4600  3.977e+05  8.255e+03 Baran:1988tw 
 26  56  1.6500 11.9390  0.4700  3.676e+05  8.021e+03 Baran:1988tw 
 26  56  1.6500 11.9390  0.4800  3.608e+05  8.037e+03 Baran:1988tw 
 26  56  1.6500 11.9390  0.4900  3.463e+05  6.099e+03 Baran:1988tw 
 26  56  1.6500 11.9390  0.5000  3.347e+05  9.910e+03 Baran:1988tw 
 26  56  1.6500 11.9390  0.5100  3.219e+05  9.508e+03 Baran:1988tw 
 26  56  1.6500 11.9390  0.5200  3.031e+05  9.664e+03 Baran:1988tw 
 26  56  1.6500 11.9390  0.5300  2.934e+05  7.574e+03 Baran:1988tw 
 26  56  1.6500 11.9390  0.5400  2.725e+05  1.131e+04 Baran:1988tw 
 26  56  1.6500 11.9390  0.5500  2.595e+05  1.078e+04 Baran:1988tw 
 26  56  1.6500 11.9390  0.5600  2.689e+05  1.107e+04 Baran:1988tw 
 26  56  1.6500 11.9390  0.5700  2.442e+05  1.099e+04 Baran:1988tw 
 26  56  1.6500 11.9390  0.5800  2.519e+05  1.154e+04 Baran:1988tw 
 26  56  1.6500 13.5390  0.0100  2.394e+05  4.412e+03 Baran:1988tw 
 26  56  1.6500 13.5390  0.0200  3.960e+05  5.502e+03 Baran:1988tw 
 26  56  1.6500 13.5390  0.0300  5.042e+05  6.255e+03 Baran:1988tw 
 26  56  1.6500 13.5390  0.0400  5.709e+05  6.921e+03 Baran:1988tw 
 26  56  1.6500 13.5390  0.0500  6.664e+05  6.131e+03 Baran:1988tw 
 26  56  1.6500 13.5390  0.0600  7.506e+05  6.442e+03 Baran:1988tw 
 26  56  1.6500 13.5390  0.0700  8.207e+05  6.859e+03 Baran:1988tw 
 26  56  1.6500 13.5390  0.0800  8.753e+05  1.046e+04 Baran:1988tw 
 26  56  1.6500 13.5390  0.0900  8.991e+05  1.068e+04 Baran:1988tw 
 26  56  1.6500 13.5390  0.1000  9.040e+05  1.091e+04 Baran:1988tw 
 26  56  1.6500 13.5390  0.1100  8.822e+05  1.121e+04 Baran:1988tw 
 26  56  1.6500 13.5390  0.1200  8.832e+05  8.290e+03 Baran:1988tw 
 26  56  1.6500 13.5390  0.1300  8.127e+05  8.127e+03 Baran:1988tw 
 26  56  1.6500 13.5390  0.1400  8.053e+05  1.080e+04 Baran:1988tw 
 26  56  1.6500 13.5390  0.1500  6.937e+05  1.003e+04 Baran:1988tw 
 26  56  1.6500 13.5390  0.1600  6.126e+05  9.919e+03 Baran:1988tw 
 26  56  1.6500 13.5390  0.1700  5.557e+05  9.771e+03 Baran:1988tw 
 26  56  1.6500 13.5390  0.1800  4.810e+05  6.517e+03 Baran:1988tw 
 26  56  1.6500 13.5390  0.1900  4.307e+05  6.398e+03 Baran:1988tw 
 26  56  1.6500 13.5390  0.2000  3.910e+05  8.423e+03 Baran:1988tw 
 26  56  1.6500 13.5390  0.2100  3.602e+05  7.899e+03 Baran:1988tw 
 26  56  1.6500 13.5390  0.2200  3.255e+05  7.633e+03 Baran:1988tw 
 26  56  1.6500 13.5390  0.2300  3.271e+05  4.662e+03 Baran:1988tw 
 26  56  1.6500 13.5390  0.2400  3.151e+05  4.491e+03 Baran:1988tw 
 26  56  1.6500 13.5390  0.2500  3.130e+05  5.387e+03 Baran:1988tw 
 26  56  1.6500 13.5390  0.2600  3.133e+05  5.273e+03 Baran:1988tw 
 26  56  1.6500 13.5390  0.2700  3.186e+05  5.209e+03 Baran:1988tw 
 26  56  1.6500 13.5390  0.2800  3.363e+05  5.464e+03 Baran:1988tw 
 26  56  1.6500 13.5390  0.2900  3.405e+05  3.937e+03 Baran:1988tw 
 26  56  1.6500 13.5390  0.3000  3.473e+05  5.264e+03 Baran:1988tw 
 26  56  1.6500 13.5390  0.3100  3.483e+05  5.058e+03 Baran:1988tw 
 26  56  1.6500 13.5390  0.3200  3.532e+05  5.031e+03 Baran:1988tw 
 26  56  1.6500 13.5390  0.3300  3.428e+05  5.055e+03 Baran:1988tw 
 26  56  1.6500 13.5390  0.3400  3.537e+05  4.069e+03 Baran:1988tw 
 26  56  1.6500 13.5390  0.3500  3.527e+05  4.112e+03 Baran:1988tw 
 26  56  1.6500 13.5390  0.3600  3.605e+05  6.000e+03 Baran:1988tw 
 26  56  1.6500 13.5390  0.3700  3.482e+05  5.903e+03 Baran:1988tw 
 26  56  1.6500 13.5390  0.3800  3.471e+05  5.994e+03 Baran:1988tw 
 26  56  1.6500 13.5390  0.3900  3.391e+05  4.364e+03 Baran:1988tw 
 26  56  1.6500 13.5390  0.4000  3.169e+05  4.205e+03 Baran:1988tw 
 26  56  1.6500 13.5390  0.4100  3.216e+05  5.655e+03 Baran:1988tw 
 26  56  1.6500 13.5390  0.4200  3.059e+05  5.472e+03 Baran:1988tw 
 26  56  1.6500 13.5390  0.4300  2.912e+05  5.502e+03 Baran:1988tw 
 26  56  1.6500 13.5390  0.4400  2.908e+05  3.806e+03 Baran:1988tw 
 26  56  1.6500 13.5390  0.4500  2.863e+05  4.980e+03 Baran:1988tw 
 26  56  1.6500 13.5390  0.4600  2.700e+05  4.685e+03 Baran:1988tw 
 26  56  1.6500 13.5390  0.4700  2.622e+05  4.679e+03 Baran:1988tw 
 26  56  1.6500 13.5390  0.4800  2.432e+05  4.561e+03 Baran:1988tw 
 26  56  1.6500 13.5390  0.4900  2.354e+05  3.178e+03 Baran:1988tw 
 26  56  1.6500 13.5390  0.5000  2.347e+05  4.234e+03 Baran:1988tw 
 26  56  1.6500 13.5390  0.5100  2.216e+05  4.131e+03 Baran:1988tw 
 26  56  1.6500 13.5390  0.5200  2.177e+05  4.120e+03 Baran:1988tw 
 26  56  1.6500 13.5390  0.5300  2.061e+05  2.739e+03 Baran:1988tw 
 26  56  1.6500 13.5390  0.5400  1.990e+05  3.453e+03 Baran:1988tw 
 26  56  1.6500 13.5390  0.5500  1.933e+05  3.329e+03 Baran:1988tw 
 26  56  1.6500 13.5390  0.5600  1.848e+05  3.297e+03 Baran:1988tw 
 26  56  1.6500 13.5390  0.5700  1.824e+05  3.407e+03 Baran:1988tw 
 26  56  1.6500 13.5390  0.5800  1.751e+05  3.439e+03 Baran:1988tw 
