 26  56   2.020  15.022  0.060  9.041e+04  2.441e+03 Day:1993md 
 26  56   2.020  15.022  0.075  1.290e+05  2.899e+03 Day:1993md 
 26  56   2.020  15.022  0.090  1.619e+05  3.312e+03 Day:1993md 
 26  56   2.020  15.022  0.105  2.175e+05  8.209e+03 Day:1993md 
 26  56   2.020  15.022  0.120  2.320e+05  8.378e+03 Day:1993md 
 26  56   2.020  15.022  0.135  2.463e+05  6.490e+03 Day:1993md 
 26  56   2.020  15.022  0.150  2.593e+05  6.649e+03 Day:1993md 
 26  56   2.020  15.022  0.165  2.713e+05  9.798e+03 Day:1993md 
 26  56   2.020  15.022  0.180  2.580e+05  9.164e+03 Day:1993md 
 26  56   2.020  15.022  0.195  2.434e+05  8.639e+03 Day:1993md 
 26  56   2.020  15.022  0.210  2.377e+05  5.919e+03 Day:1993md 
 26  56   2.020  15.022  0.225  2.168e+05  5.653e+03 Day:1993md 
 26  56   2.020  15.022  0.240  2.000e+05  6.893e+03 Day:1993md 
 26  56   2.020  15.022  0.255  1.763e+05  6.340e+03 Day:1993md 
 26  56   2.020  15.022  0.270  1.653e+05  6.086e+03 Day:1993md 
 26  56   2.020  15.022  0.285  1.503e+05  4.135e+03 Day:1993md 
 26  56   2.020  15.022  0.300  1.619e+05  5.874e+03 Day:1993md 
 26  56   2.020  15.022  0.315  1.426e+05  5.417e+03 Day:1993md 
 26  56   2.020  15.022  0.330  1.330e+05  5.148e+03 Day:1993md 
 26  56   2.020  15.022  0.345  1.405e+05  5.500e+03 Day:1993md 
 26  56   2.020  15.022  0.360  1.392e+05  5.673e+03 Day:1993md 
 26  56   2.020  20.016  0.060  1.245e+03  6.488e+01 Day:1993md 
 26  56   2.020  20.016  0.075  2.628e+03  9.346e+01 Day:1993md 
 26  56   2.020  20.016  0.090  4.798e+03  1.253e+02 Day:1993md 
 26  56   2.020  20.016  0.105  7.561e+03  1.529e+02 Day:1993md 
 26  56   2.020  20.016  0.120  1.161e+04  6.715e+02 Day:1993md 
 26  56   2.020  20.016  0.135  1.556e+04  7.554e+02 Day:1993md 
 26  56   2.020  20.016  0.150  2.249e+04  6.938e+02 Day:1993md 
 26  56   2.020  20.016  0.165  2.691e+04  7.416e+02 Day:1993md 
 26  56   2.020  20.016  0.180  3.432e+04  7.456e+02 Day:1993md 
 26  56   2.020  20.016  0.195  3.732e+04  7.773e+02 Day:1993md 
 26  56   2.020  20.016  0.210  4.170e+04  1.070e+03 Day:1993md 
 26  56   2.020  20.016  0.225  4.660e+04  9.643e+02 Day:1993md 
 26  56   2.020  20.016  0.240  4.903e+04  1.238e+03 Day:1993md 
 26  56   2.020  20.016  0.255  5.170e+04  1.015e+03 Day:1993md 
 26  56   2.020  20.016  0.270  4.954e+04  1.174e+03 Day:1993md 
 26  56   2.020  20.016  0.285  4.798e+04  1.141e+03 Day:1993md 
 26  56   2.020  20.016  0.300  4.497e+04  1.111e+03 Day:1993md 
 26  56   2.020  20.016  0.315  4.395e+04  1.460e+03 Day:1993md 
 26  56   2.020  20.016  0.330  4.030e+04  9.838e+02 Day:1993md 
 26  56   2.020  20.016  0.345  4.322e+04  1.377e+03 Day:1993md 
 26  56   2.020  20.016  0.360  3.944e+04  1.274e+03 Day:1993md 
 26  56   2.020  20.016  0.375  3.795e+04  1.220e+03 Day:1993md 
 26  56   2.020  20.016  0.390  3.588e+04  8.347e+02 Day:1993md 
 26  56   2.020  20.016  0.405  3.652e+04  8.455e+02 Day:1993md 
 26  56   2.020  20.016  0.420  3.774e+04  1.161e+03 Day:1993md 
 26  56   2.020  20.016  0.435  3.365e+04  1.097e+03 Day:1993md 
 26  56   2.020  20.016  0.450  3.414e+04  1.138e+03 Day:1993md 
 26  56   3.595  16.020  0.210  4.643e+02  1.479e+01 Day:1993md 
 26  56   3.595  16.020  0.225  6.360e+02  1.699e+01 Day:1993md 
 26  56   3.595  16.020  0.240  8.075e+02  1.924e+01 Day:1993md 
 26  56   3.595  16.020  0.255  1.005e+03  2.199e+01 Day:1993md 
 26  56   3.595  16.020  0.270  1.345e+03  2.647e+01 Day:1993md 
 26  56   3.595  16.020  0.285  1.823e+03  2.891e+01 Day:1993md 
 26  56   3.595  16.020  0.300  2.344e+03  3.220e+01 Day:1993md 
 26  56   3.595  16.020  0.315  2.941e+03  3.584e+01 Day:1993md 
 26  56   3.595  16.020  0.330  3.720e+03  1.143e+02 Day:1993md 
 26  56   3.595  16.020  0.345  4.422e+03  1.236e+02 Day:1993md 
 26  56   3.595  16.020  0.360  5.386e+03  1.366e+02 Day:1993md 
 26  56   3.595  16.020  0.375  6.241e+03  1.463e+02 Day:1993md 
 26  56   3.595  16.020  0.390  6.926e+03  1.538e+02 Day:1993md 
 26  56   3.595  16.020  0.405  8.061e+03  1.309e+02 Day:1993md 
 26  56   3.595  16.020  0.420  8.594e+03  1.338e+02 Day:1993md 
 26  56   3.595  16.020  0.435  9.491e+03  1.392e+02 Day:1993md 
 26  56   3.595  16.020  0.450  1.006e+04  2.041e+02 Day:1993md 
 26  56   3.595  16.020  0.465  1.064e+04  2.047e+02 Day:1993md 
 26  56   3.595  16.020  0.480  1.074e+04  2.004e+02 Day:1993md 
 26  56   3.595  16.020  0.495  1.132e+04  2.039e+02 Day:1993md 
 26  56   3.595  16.020  0.510  1.118e+04  2.009e+02 Day:1993md 
 26  56   3.595  16.020  0.525  1.128e+04  1.723e+02 Day:1993md 
 26  56   3.595  16.020  0.540  1.093e+04  1.661e+02 Day:1993md 
 26  56   3.595  16.020  0.555  1.097e+04  1.686e+02 Day:1993md 
 26  56   3.595  16.020  0.570  1.093e+04  2.868e+02 Day:1993md 
 26  56   3.595  16.020  0.585  1.111e+04  2.892e+02 Day:1993md 
 26  56   3.595  16.020  0.600  1.118e+04  2.782e+02 Day:1993md 
 26  56   3.595  16.020  0.615  1.139e+04  2.736e+02 Day:1993md 
 26  56   3.595  16.020  0.630  1.083e+04  2.681e+02 Day:1993md 
 26  56   3.595  16.020  0.645  1.158e+04  2.170e+02 Day:1993md 
 26  56   3.595  16.020  0.660  1.160e+04  2.150e+02 Day:1993md 
 26  56   3.595  16.020  0.675  1.131e+04  2.088e+02 Day:1993md 
 26  56   3.595  16.020  0.690  1.161e+04  2.900e+02 Day:1993md 
 26  56   3.595  16.020  0.705  1.136e+04  2.935e+02 Day:1993md 
 26  56   3.595  16.020  0.720  1.179e+04  2.980e+02 Day:1993md 
 26  56   3.595  16.020  0.735  1.141e+04  2.827e+02 Day:1993md 
 26  56   3.595  16.020  0.750  1.180e+04  2.977e+02 Day:1993md 
 26  56   3.595  16.020  0.765  1.191e+04  2.274e+02 Day:1993md 
 26  56   3.595  16.020  0.780  1.207e+04  2.232e+02 Day:1993md 
 26  56   3.595  16.020  0.795  1.215e+04  2.294e+02 Day:1993md 
 26  56   3.595  16.020  0.810  1.229e+04  3.301e+02 Day:1993md 
 26  56   3.595  16.020  0.825  1.230e+04  3.285e+02 Day:1993md 
 26  56   3.595  16.020  0.840  1.193e+04  3.199e+02 Day:1993md 
 26  56   3.595  16.020  0.855  1.158e+04  3.171e+02 Day:1993md 
 26  56   3.595  16.020  0.870  1.207e+04  2.394e+02 Day:1993md 
 26  56   3.595  16.020  0.885  1.230e+04  2.417e+02 Day:1993md 
 26  56   3.595  16.020  0.900  1.236e+04  2.397e+02 Day:1993md 
 26  56   3.595  16.020  0.915  1.225e+04  3.342e+02 Day:1993md 
 26  56   3.595  16.020  0.930  1.338e+04  3.433e+02 Day:1993md 
 26  56   3.595  16.020  0.945  1.295e+04  3.418e+02 Day:1993md 
 26  56   3.595  16.020  0.960  1.196e+04  3.296e+02 Day:1993md 
 26  56   3.595  16.020  0.975  1.289e+04  2.575e+02 Day:1993md 
 26  56   3.595  16.020  0.990  1.290e+04  2.537e+02 Day:1993md 
 26  56   3.595  16.020  1.005  1.251e+04  3.563e+02 Day:1993md 
 26  56   3.595  16.020  1.020  1.318e+04  3.735e+02 Day:1993md 
 26  56   3.595  16.020  1.035  1.254e+04  3.599e+02 Day:1993md 
 26  56   3.595  16.020  1.050  1.347e+04  3.621e+02 Day:1993md 
 26  56   3.595  16.020  1.065  1.314e+04  3.654e+02 Day:1993md 
 26  56   3.595  16.020  1.080  1.325e+04  2.842e+02 Day:1993md 
 26  56   3.595  16.020  1.095  1.277e+04  2.774e+02 Day:1993md 
 26  56   3.595  16.020  1.110  1.361e+04  4.240e+02 Day:1993md 
 26  56   3.595  16.020  1.125  1.280e+04  4.146e+02 Day:1993md 
 26  56   3.595  16.020  1.140  1.338e+04  4.307e+02 Day:1993md 
 26  56   3.595  16.020  1.155  1.244e+04  4.162e+02 Day:1993md 
 26  56   3.595  16.020  1.170  1.322e+04  3.040e+02 Day:1993md 
 26  56   3.595  16.020  1.185  1.289e+04  2.863e+02 Day:1993md 
 26  56   3.595  16.020  1.200  1.374e+04  3.915e+02 Day:1993md 
 26  56   3.595  16.020  1.215  1.268e+04  3.657e+02 Day:1993md 
 26  56   3.595  16.020  1.230  1.273e+04  3.615e+02 Day:1993md 
 26  56   3.595  16.020  1.245  1.394e+04  3.780e+02 Day:1993md 
 26  56   3.595  16.020  1.260  1.376e+04  3.782e+02 Day:1993md 
 26  56   3.595  16.020  1.275  1.305e+04  2.665e+02 Day:1993md 
 26  56   3.595  16.020  1.290  1.311e+04  2.724e+02 Day:1993md 
 26  56   3.595  16.020  1.305  1.337e+04  3.866e+02 Day:1993md 
 26  56   3.595  16.020  1.320  1.321e+04  3.695e+02 Day:1993md 
 26  56   3.595  16.020  1.335  1.332e+04  3.661e+02 Day:1993md 
 26  56   3.595  16.020  1.350  1.280e+04  3.689e+02 Day:1993md 
 26  56   3.595  16.020  1.365  1.304e+04  2.740e+02 Day:1993md 
 26  56   3.595  16.020  1.380  1.279e+04  2.673e+02 Day:1993md 
 26  56   3.595  16.020  1.395  1.272e+04  3.716e+02 Day:1993md 
 26  56   3.595  16.020  1.410  1.283e+04  3.686e+02 Day:1993md 
 26  56   3.595  16.020  1.425  1.217e+04  3.539e+02 Day:1993md 
 26  56   3.595  16.020  1.440  1.220e+04  2.572e+02 Day:1993md 
 26  56   3.595  16.020  1.455  1.283e+04  2.594e+02 Day:1993md 
 26  56   3.595  16.020  1.470  1.228e+04  3.442e+02 Day:1993md 
 26  56   3.595  16.020  1.485  1.237e+04  3.447e+02 Day:1993md 
 26  56   3.595  16.020  1.500  1.267e+04  3.478e+02 Day:1993md 
 26  56   3.595  16.020  1.515  1.193e+04  3.366e+02 Day:1993md 
 26  56   3.595  16.020  1.530  1.241e+04  3.505e+02 Day:1993md 
 26  56   3.595  16.020  1.545  1.207e+04  3.505e+02 Day:1993md 
 26  56   3.595  20.016  0.135  1.138e-01  5.395e-02 Day:1993md 
 26  56   3.595  20.016  0.150  4.720e-01  9.191e-02 Day:1993md 
 26  56   3.595  20.016  0.165  6.336e-01  1.063e-01 Day:1993md 
 26  56   3.595  20.016  0.180  1.042e+00  1.666e-01 Day:1993md 
 26  56   3.595  20.016  0.195  2.035e+00  2.170e-01 Day:1993md 
 26  56   3.595  20.016  0.210  2.466e+00  2.345e-01 Day:1993md 
 26  56   3.595  20.016  0.225  3.867e+00  2.855e-01 Day:1993md 
 26  56   3.595  20.016  0.240  6.650e+00  3.878e-01 Day:1993md 
 26  56   3.595  20.016  0.255  8.007e+00  4.397e-01 Day:1993md 
 26  56   3.595  20.016  0.270  1.216e+01  4.716e-01 Day:1993md 
 26  56   3.595  20.016  0.285  1.588e+01  5.264e-01 Day:1993md 
 26  56   3.595  20.016  0.300  2.001e+01  5.800e-01 Day:1993md 
 26  56   3.595  20.016  0.315  2.938e+01  1.361e+00 Day:1993md 
 26  56   3.595  20.016  0.330  3.706e+01  1.512e+00 Day:1993md 
 26  56   3.595  20.016  0.345  4.809e+01  1.721e+00 Day:1993md 
 26  56   3.595  20.016  0.360  6.485e+01  1.989e+00 Day:1993md 
 26  56   3.595  20.016  0.375  7.249e+01  2.096e+00 Day:1993md 
 26  56   3.595  20.016  0.390  9.158e+01  2.396e+00 Day:1993md 
 26  56   3.595  20.016  0.405  1.165e+02  2.611e+00 Day:1993md 
 26  56   3.595  20.016  0.420  1.443e+02  2.957e+00 Day:1993md 
 26  56   3.595  20.016  0.435  1.812e+02  3.381e+00 Day:1993md 
 26  56   3.595  20.016  0.450  2.406e+02  1.125e+01 Day:1993md 
 26  56   3.595  20.016  0.465  2.832e+02  1.189e+01 Day:1993md 
 26  56   3.595  20.016  0.480  3.540e+02  1.303e+01 Day:1993md 
 26  56   3.595  20.016  0.495  4.646e+02  1.493e+01 Day:1993md 
 26  56   3.595  20.016  0.510  5.836e+02  1.685e+01 Day:1993md 
 26  56   3.595  20.016  0.525  6.392e+02  1.570e+01 Day:1993md 
 26  56   3.595  20.016  0.540  7.728e+02  1.731e+01 Day:1993md 
 26  56   3.595  20.016  0.555  8.808e+02  1.885e+01 Day:1993md 
 26  56   3.595  20.016  0.570  9.893e+02  3.928e+01 Day:1993md 
 26  56   3.595  20.016  0.585  1.155e+03  4.251e+01 Day:1993md 
 26  56   3.595  20.016  0.600  1.356e+03  4.417e+01 Day:1993md 
 26  56   3.595  20.016  0.615  1.468e+03  4.489e+01 Day:1993md 
 26  56   3.595  20.016  0.630  1.542e+03  4.649e+01 Day:1993md 
 26  56   3.595  20.016  0.645  1.703e+03  4.381e+01 Day:1993md 
 26  56   3.595  20.016  0.660  1.754e+03  4.475e+01 Day:1993md 
 26  56   3.595  20.016  0.675  1.708e+03  4.268e+01 Day:1993md 
 26  56   3.595  20.016  0.690  1.973e+03  8.628e+01 Day:1993md 
 26  56   3.595  20.016  0.705  2.137e+03  8.932e+01 Day:1993md 
 26  56   3.595  20.016  0.720  2.276e+03  8.949e+01 Day:1993md 
 26  56   3.595  20.016  0.735  2.076e+03  8.581e+01 Day:1993md 
 26  56   3.595  20.016  0.750  2.132e+03  6.101e+01 Day:1993md 
 26  56   3.595  20.016  0.765  2.296e+03  6.100e+01 Day:1993md 
 26  56   3.595  20.016  0.780  2.214e+03  6.029e+01 Day:1993md 
 26  56   3.595  20.016  0.795  2.212e+03  7.830e+01 Day:1993md 
 26  56   3.595  20.016  0.810  2.382e+03  8.132e+01 Day:1993md 
 26  56   3.595  20.016  0.825  2.335e+03  7.953e+01 Day:1993md 
 26  56   3.595  20.016  0.840  2.687e+03  8.642e+01 Day:1993md 
 26  56   3.595  20.016  0.855  2.516e+03  8.386e+01 Day:1993md 
 26  56   3.595  20.016  0.870  2.615e+03  8.561e+01 Day:1993md 
 26  56   3.595  20.016  0.885  2.596e+03  8.739e+01 Day:1993md 
 26  56   3.595  25.012  0.360  1.199e-01  5.970e-02 Day:1993md 
 26  56   3.595  25.012  0.375  1.420e-01  5.633e-02 Day:1993md 
 26  56   3.595  25.012  0.390  1.493e-01  5.874e-02 Day:1993md 
 26  56   3.595  25.012  0.405  3.217e-01  9.272e-02 Day:1993md 
 26  56   3.595  25.012  0.420  6.041e-01  1.143e-01 Day:1993md 
 26  56   3.595  25.012  0.435  6.685e-01  1.151e-01 Day:1993md 
 26  56   3.595  25.012  0.450  1.232e+00  1.594e-01 Day:1993md 
 26  56   3.595  25.012  0.465  9.968e-01  1.420e-01 Day:1993md 
 26  56   3.595  25.012  0.480  1.736e+00  1.772e-01 Day:1993md 
 26  56   3.595  25.012  0.495  1.934e+00  1.857e-01 Day:1993md 
 26  56   3.595  25.012  0.510  3.128e+00  2.430e-01 Day:1993md 
 26  56   3.595  25.012  0.525  3.718e+00  2.676e-01 Day:1993md 
 26  56   3.595  25.012  0.540  4.195e+00  6.883e-01 Day:1993md 
 26  56   3.595  25.012  0.555  5.824e+00  8.015e-01 Day:1993md 
 26  56   3.595  25.012  0.570  7.950e+00  9.063e-01 Day:1993md 
 26  56   3.595  25.012  0.585  8.920e+00  9.398e-01 Day:1993md 
 26  56   3.595  25.012  0.600  9.474e+00  1.013e+00 Day:1993md 
 26  56   3.595  25.012  0.615  1.007e+01  9.291e-01 Day:1993md 
 26  56   3.595  25.012  0.630  1.489e+01  1.142e+00 Day:1993md 
 26  56   3.595  25.012  0.645  1.715e+01  2.332e+00 Day:1993md 
 26  56   3.595  25.012  0.660  1.914e+01  2.532e+00 Day:1993md 
 26  56   3.595  25.012  0.675  2.527e+01  2.899e+00 Day:1993md 
 26  56   3.595  25.012  0.690  2.941e+01  3.035e+00 Day:1993md 
 26  56   3.595  25.012  0.705  4.035e+01  3.621e+00 Day:1993md 
 26  56   3.595  25.012  0.720  5.176e+01  3.279e+00 Day:1993md 
 26  56   3.595  25.012  0.735  6.182e+01  3.516e+00 Day:1993md 
 26  56   3.595  25.012  0.750  7.280e+01  3.770e+00 Day:1993md 
 26  56   3.595  25.012  0.765  8.420e+01  6.055e+00 Day:1993md 
 26  56   3.595  25.012  0.780  1.087e+02  6.946e+00 Day:1993md 
 26  56   3.595  25.012  0.795  1.267e+02  7.375e+00 Day:1993md 
 26  56   3.595  25.012  0.810  1.343e+02  7.569e+00 Day:1993md 
 26  56   3.595  25.012  0.825  1.576e+02  8.335e+00 Day:1993md 
 26  56   3.595  25.012  0.840  1.717e+02  6.153e+00 Day:1993md 
 26  56   3.595  25.012  0.855  1.940e+02  6.533e+00 Day:1993md 
 26  56   3.595  25.012  0.870  2.308e+02  9.529e+00 Day:1993md 
 26  56   3.595  25.012  0.885  2.352e+02  9.559e+00 Day:1993md 
 26  56   3.595  25.012  0.900  2.563e+02  9.928e+00 Day:1993md 
 26  56   3.595  25.012  0.915  2.858e+02  1.060e+01 Day:1993md 
 26  56   3.595  25.012  0.930  3.077e+02  1.098e+01 Day:1993md 
 26  56   3.595  25.012  0.945  3.078e+02  8.686e+00 Day:1993md 
 26  56   3.595  25.012  0.960  3.281e+02  8.909e+00 Day:1993md 
 26  56   3.595  25.012  0.975  3.756e+02  1.475e+01 Day:1993md 
 26  56   3.595  25.012  0.990  3.606e+02  1.467e+01 Day:1993md 
 26  56   3.595  25.012  1.005  4.132e+02  1.558e+01 Day:1993md 
 26  56   3.595  25.012  1.020  4.194e+02  1.519e+01 Day:1993md 
 26  56   3.595  25.012  1.035  3.983e+02  1.524e+01 Day:1993md 
 26  56   3.595  25.012  1.050  4.256e+02  1.240e+01 Day:1993md 
 26  56   3.595  25.012  1.065  4.854e+02  1.307e+01 Day:1993md 
 26  56   3.595  25.012  1.080  5.188e+02  2.061e+01 Day:1993md 
 26  56   3.595  25.012  1.095  4.959e+02  2.048e+01 Day:1993md 
 26  56   3.595  25.012  1.110  5.210e+02  2.127e+01 Day:1993md 
 26  56   3.595  25.012  1.125  5.193e+02  2.100e+01 Day:1993md 
 26  56   3.595  25.012  1.140  5.089e+02  2.037e+01 Day:1993md 
 26  56   3.595  25.012  1.155  6.034e+02  2.252e+01 Day:1993md 
 26  56   3.595  30.010  0.600  9.257e-02  4.532e-02 Day:1993md 
 26  56   3.595  30.010  0.645  1.229e-01  3.638e-02 Day:1993md 
 26  56   3.595  30.010  0.660  1.990e-01  4.133e-02 Day:1993md 
 26  56   3.595  30.010  0.675  2.203e-01  4.093e-02 Day:1993md 
 26  56   3.595  30.010  0.690  2.975e-01  4.971e-02 Day:1993md 
 26  56   3.595  30.010  0.705  2.826e-01  6.987e-02 Day:1993md 
 26  56   3.595  30.010  0.720  3.528e-01  7.752e-02 Day:1993md 
 26  56   3.595  30.010  0.735  5.444e-01  1.026e-01 Day:1993md 
 26  56   3.595  30.010  0.750  5.194e-01  7.333e-02 Day:1993md 
 26  56   3.595  30.010  0.765  7.006e-01  8.378e-02 Day:1993md 
 26  56   3.595  30.010  0.780  8.271e-01  9.379e-02 Day:1993md 
 26  56   3.595  30.010  0.795  1.195e+00  1.684e-01 Day:1993md 
 26  56   3.595  30.010  0.810  1.231e+00  1.652e-01 Day:1993md 
 26  56   3.595  30.010  0.825  1.512e+00  1.814e-01 Day:1993md 
 26  56   3.595  30.010  0.840  1.773e+00  1.966e-01 Day:1993md 
 26  56   3.595  30.010  0.855  1.975e+00  2.097e-01 Day:1993md 
 26  56   3.595  30.010  0.870  2.911e+00  2.374e-01 Day:1993md 
 26  56   3.595  30.010  0.885  3.245e+00  2.534e-01 Day:1993md 
 26  56   3.595  30.010  0.900  3.241e+00  5.315e-01 Day:1993md 
 26  56   3.595  30.010  0.915  6.149e+00  7.686e-01 Day:1993md 
 26  56   3.595  30.010  0.930  6.248e+00  7.385e-01 Day:1993md 
 26  56   3.595  30.010  0.945  7.055e+00  7.961e-01 Day:1993md 
 26  56   3.595  30.010  0.960  9.925e+00  9.674e-01 Day:1993md 
 26  56   3.595  30.010  0.975  1.006e+01  8.164e-01 Day:1993md 
 26  56   3.595  30.010  0.990  1.227e+01  9.209e-01 Day:1993md 
 26  56   3.595  30.010  1.005  1.695e+01  1.986e+00 Day:1993md 
 26  56   3.595  30.010  1.020  1.920e+01  2.170e+00 Day:1993md 
 26  56   3.595  30.010  1.035  2.725e+01  2.522e+00 Day:1993md 
 26  56   3.595  30.010  1.050  2.240e+01  2.179e+00 Day:1993md 
 26  56   3.595  30.010  1.065  2.741e+01  2.507e+00 Day:1993md 
 26  56   3.595  30.010  1.080  3.185e+01  1.812e+00 Day:1993md 
 26  56   3.595  30.010  1.095  3.952e+01  2.013e+00 Day:1993md 
 26  56   3.595  30.010  1.110  4.061e+01  2.624e+00 Day:1993md 
 26  56   3.595  30.010  1.125  5.027e+01  2.949e+00 Day:1993md 
 26  56   3.595  30.010  1.140  5.337e+01  3.055e+00 Day:1993md 
 26  56   3.595  30.010  1.155  6.083e+01  3.288e+00 Day:1993md 
 26  56   3.595  30.010  1.170  6.439e+01  2.674e+00 Day:1993md 
 26  56   3.595  30.010  1.185  7.170e+01  2.800e+00 Day:1993md 
 26  56   3.595  30.010  1.200  7.691e+01  4.628e+00 Day:1993md 
 26  56   3.595  30.010  1.215  8.676e+01  4.818e+00 Day:1993md 
 26  56   3.595  30.010  1.230  8.345e+01  4.665e+00 Day:1993md 
 26  56   3.595  30.010  1.245  8.963e+01  4.758e+00 Day:1993md 
 26  56   3.595  30.010  1.260  9.932e+01  4.029e+00 Day:1993md 
 26  56   3.595  30.010  1.275  1.050e+02  4.159e+00 Day:1993md 
 26  56   3.595  30.010  1.290  1.134e+02  6.906e+00 Day:1993md 
 26  56   3.595  30.010  1.305  1.104e+02  6.813e+00 Day:1993md 
 26  56   3.595  30.010  1.320  1.192e+02  7.000e+00 Day:1993md 
 26  56   3.595  30.010  1.335  1.351e+02  7.266e+00 Day:1993md 
 26  56   3.595  30.010  1.350  1.368e+02  6.111e+00 Day:1993md 
 26  56   3.595  30.010  1.365  1.621e+02  6.833e+00 Day:1993md 
 26  56   3.595  30.010  1.380  1.556e+02  1.078e+01 Day:1993md 
 26  56   3.595  30.010  1.395  1.756e+02  1.158e+01 Day:1993md 
 26  56   3.595  30.010  1.410  1.795e+02  1.142e+01 Day:1993md 
 26  56   3.595  30.010  1.425  1.912e+02  1.190e+01 Day:1993md 
 26  56   3.595  30.010  1.440  1.768e+02  6.961e+00 Day:1993md 
 26  56   3.595  30.010  1.455  1.925e+02  7.205e+00 Day:1993md 
 26  56   3.595  30.010  1.470  2.062e+02  9.079e+00 Day:1993md 
 26  56   3.595  30.010  1.485  2.058e+02  8.845e+00 Day:1993md 
 26  56   3.595  30.010  1.500  2.108e+02  8.935e+00 Day:1993md 
 26  56   3.595  30.010  1.515  2.273e+02  7.420e+00 Day:1993md 
 26  56   3.595  30.010  1.530  2.390e+02  7.582e+00 Day:1993md 
 26  56   3.595  30.010  1.545  2.394e+02  1.188e+01 Day:1993md 
 26  56   3.595  30.010  1.560  2.784e+02  1.258e+01 Day:1993md 
 26  56   3.595  30.010  1.575  2.571e+02  1.174e+01 Day:1993md 
 26  56   3.595  30.010  1.590  2.779e+02  1.269e+01 Day:1993md 
 26  56   3.595  30.010  1.605  2.666e+02  8.383e+00 Day:1993md 
 26  56   3.595  30.010  1.620  2.987e+02  1.169e+01 Day:1993md 
 26  56   3.595  30.010  1.635  3.127e+02  1.203e+01 Day:1993md 
 26  56   3.595  30.010  1.650  3.339e+02  1.242e+01 Day:1993md 
 26  56   3.595  30.010  1.665  3.344e+02  1.241e+01 Day:1993md 
 26  56   3.595  30.010  1.680  3.585e+02  9.769e+00 Day:1993md 
 26  56   3.595  30.010  1.695  3.521e+02  1.403e+01 Day:1993md 
 26  56   3.595  30.010  1.710  3.824e+02  1.421e+01 Day:1993md 
 26  56   3.595  30.010  1.725  3.939e+02  1.405e+01 Day:1993md 
 26  56   3.595  30.010  1.740  4.339e+02  1.468e+01 Day:1993md 
 26  56   3.595  30.010  1.755  4.278e+02  1.291e+01 Day:1993md 
 26  56   3.595  30.010  1.770  4.129e+02  1.289e+01 Day:1993md 
 26  56   3.595  30.010  1.785  5.003e+02  2.699e+01 Day:1993md 
 26  56   3.595  30.010  1.800  4.597e+02  2.557e+01 Day:1993md 
 26  56   3.595  30.010  1.815  5.127e+02  2.662e+01 Day:1993md 
 26  56   3.595  30.010  1.830  5.049e+02  1.687e+01 Day:1993md 
 26  56   3.595  30.010  1.845  5.510e+02  2.149e+01 Day:1993md 
 26  56   3.595  30.010  1.860  5.238e+02  2.076e+01 Day:1993md 
 26  56   3.595  30.010  1.875  5.371e+02  2.088e+01 Day:1993md 
 26  56   3.595  30.010  1.890  5.447e+02  2.154e+01 Day:1993md 
 26  56   3.595  30.010  1.905  5.761e+02  1.598e+01 Day:1993md 
 26  56   3.595  30.010  1.920  6.002e+02  2.260e+01 Day:1993md 
 26  56   3.595  30.010  1.935  6.017e+02  2.201e+01 Day:1993md 
 26  56   3.595  30.010  1.950  6.031e+02  2.186e+01 Day:1993md 
 26  56   3.595  30.010  1.965  6.137e+02  1.641e+01 Day:1993md 
 26  56   3.595  30.010  1.980  6.214e+02  2.317e+01 Day:1993md 
 26  56   3.595  30.010  1.995  6.767e+02  2.397e+01 Day:1993md 
 26  56   3.595  30.010  2.010  6.415e+02  2.334e+01 Day:1993md 
 26  56   3.595  30.010  2.025  6.365e+02  2.382e+01 Day:1993md 
 26  56   3.595  39.007  1.290  2.875e-01  6.483e-02 Day:1993md 
 26  56   3.595  39.007  1.305  3.610e-01  7.173e-02 Day:1993md 
 26  56   3.595  39.007  1.320  5.186e-01  8.251e-02 Day:1993md 
 26  56   3.595  39.007  1.335  5.752e-01  8.006e-02 Day:1993md 
 26  56   3.595  39.007  1.350  7.363e-01  9.304e-02 Day:1993md 
 26  56   3.595  39.007  1.365  7.950e-01  9.609e-02 Day:1993md 
 26  56   3.595  39.007  1.380  9.258e-01  6.593e-02 Day:1993md 
 26  56   3.595  39.007  1.395  1.324e+00  7.660e-02 Day:1993md 
 26  56   3.595  39.007  1.410  1.430e+00  9.875e-02 Day:1993md 
 26  56   3.595  39.007  1.425  1.587e+00  1.004e-01 Day:1993md 
 26  56   3.595  39.007  1.440  1.983e+00  1.140e-01 Day:1993md 
 26  56   3.595  39.007  1.455  2.362e+00  1.246e-01 Day:1993md 
 26  56   3.595  39.007  1.470  2.637e+00  1.105e-01 Day:1993md 
 26  56   3.595  39.007  1.485  3.172e+00  1.224e-01 Day:1993md 
 26  56   3.595  39.007  1.500  3.654e+00  2.221e-01 Day:1993md 
 26  56   3.595  39.007  1.515  4.193e+00  2.302e-01 Day:1993md 
 26  56   3.595  39.007  1.530  5.172e+00  2.553e-01 Day:1993md 
 26  56   3.595  39.007  1.545  5.534e+00  2.656e-01 Day:1993md 
 26  56   3.595  39.007  1.560  6.071e+00  2.409e-01 Day:1993md 
 26  56   3.595  39.007  1.575  6.836e+00  2.722e-01 Day:1993md 
 26  56   3.595  39.007  1.590  8.454e+00  4.994e-01 Day:1993md 
 26  56   3.595  39.007  1.605  8.744e+00  4.971e-01 Day:1993md 
 26  56   3.595  39.007  1.620  9.951e+00  5.381e-01 Day:1993md 
 26  56   3.595  39.007  1.635  1.021e+01  4.539e-01 Day:1993md 
 26  56   3.595  39.007  1.650  1.120e+01  4.764e-01 Day:1993md 
 26  56   3.595  39.007  1.665  1.355e+01  8.517e-01 Day:1993md 
 26  56   3.595  39.007  1.680  1.504e+01  8.942e-01 Day:1993md 
 26  56   3.595  39.007  1.695  1.658e+01  9.572e-01 Day:1993md 
 26  56   3.595  39.007  1.710  1.615e+01  7.463e-01 Day:1993md 
 26  56   3.595  39.007  1.725  1.989e+01  1.300e+00 Day:1993md 
 26  56   3.595  39.007  1.740  2.073e+01  1.286e+00 Day:1993md 
 26  56   3.595  39.007  1.755  2.414e+01  1.356e+00 Day:1993md 
 26  56   3.595  39.007  1.770  2.305e+01  1.311e+00 Day:1993md 
 26  56   3.595  39.007  1.785  2.755e+01  1.173e+00 Day:1993md 
 26  56   3.595  39.007  1.800  2.991e+01  1.893e+00 Day:1993md 
 26  56   3.595  39.007  1.815  3.063e+01  1.898e+00 Day:1993md 
 26  56   3.595  39.007  1.830  3.255e+01  1.960e+00 Day:1993md 
 26  56   3.595  39.007  1.845  3.325e+01  1.966e+00 Day:1993md 
 26  56   3.595  39.007  1.860  3.556e+01  2.087e+00 Day:1993md 
 26  56  3.6050 16.0203  0.0600  3.879e+00  3.245e-01 Day:1993md 
 26  56  3.6050 16.0203  0.0750  7.446e+00  4.518e-01 Day:1993md 
 26  56  3.6050 16.0203  0.0900  1.658e+01  6.549e-01 Day:1993md 
 26  56  3.6050 16.0203  0.1050  2.949e+01  8.526e-01 Day:1993md 
 26  56  3.6050 16.0203  0.1200  4.480e+01  1.081e+00 Day:1993md 
 26  56  3.6050 16.0203  0.1350  7.185e+01  1.376e+00 Day:1993md 
 26  56  3.6050 16.0203  0.1500  1.063e+02  1.624e+00 Day:1993md 
 26  56  3.6050 16.0203  0.1650  1.509e+02  1.938e+00 Day:1993md 
 26  56  3.6050 16.0203  0.1800  2.088e+02  2.422e+00 Day:1993md 
 26  56  3.6050 16.0203  0.1950  2.867e+02  2.874e+00 Day:1993md 
 26  56  3.9950 30.0500  0.8250  6.346e-02  3.046e-02 Day:1993md 
 26  56  3.9950 30.0500  0.8400  6.577e-02  3.039e-02 Day:1993md 
 26  56  3.9950 30.0500  0.8550  9.936e-02  3.103e-02 Day:1993md 
 26  56  3.9950 30.0500  0.8700  9.640e-02  3.061e-02 Day:1993md 
 26  56  3.9950 30.0500  0.8850  1.021e-01  3.015e-02 Day:1993md 
 26  56  3.9950 30.0500  0.9000  1.029e-01  3.054e-02 Day:1993md 
 26  56  3.9950 30.0500  0.9150  1.922e-01  3.320e-02 Day:1993md 
 26  56  3.9950 30.0500  0.9300  2.230e-01  3.479e-02 Day:1993md 
 26  56  3.9950 30.0500  0.9450  2.801e-01  5.077e-02 Day:1993md 
 26  56  3.9950 30.0500  0.9600  3.388e-01  4.429e-02 Day:1993md 
 26  56  3.9950 30.0500  0.9750  3.628e-01  4.664e-02 Day:1993md 
 26  56  3.9950 30.0500  0.9900  5.505e-01  8.133e-02 Day:1993md 
 26  56  3.9950 30.0500  1.0050  7.524e-01  1.021e-01 Day:1993md 
 26  56  3.9950 30.0500  1.0200  6.475e-01  9.051e-02 Day:1993md 
 26  56  3.9950 30.0500  1.0350  7.904e-01  9.790e-02 Day:1993md 
 26  56  3.9950 30.0500  1.0500  1.028e+00  1.077e-01 Day:1993md 
 26  56  3.9950 30.0500  1.0650  1.189e+00  9.006e-02 Day:1993md 
 26  56  3.9950 30.0500  1.0800  1.378e+00  9.846e-02 Day:1993md 
 26  56  3.9950 30.0500  1.0950  1.707e+00  1.059e-01 Day:1993md 
 26  56  3.9950 30.0500  1.1100  2.116e+00  1.638e-01 Day:1993md 
 26  56  3.9950 30.0500  1.1250  2.548e+00  1.795e-01 Day:1993md 
 26  56  3.9950 30.0500  1.1400  2.850e+00  1.871e-01 Day:1993md 
 26  56  3.9950 30.0500  1.1550  3.850e+00  2.171e-01 Day:1993md 
 26  56  3.9950 30.0500  1.1700  4.259e+00  2.019e-01 Day:1993md 
 26  56  3.9950 30.0500  1.1850  4.972e+00  2.134e-01 Day:1993md 
 26  56  3.9950 30.0500  1.2000  6.000e+00  2.409e-01 Day:1993md 
 26  56  3.9950 30.0500  1.2150  7.960e+00  4.909e-01 Day:1993md 
 26  56  3.9950 30.0500  1.2300  9.202e+00  5.219e-01 Day:1993md 
 26  56  3.9950 30.0500  1.2450  9.539e+00  5.316e-01 Day:1993md 
 26  56  3.9950 30.0500  1.2600  1.150e+01  5.775e-01 Day:1993md 
 26  56  3.9950 30.0500  1.2750  1.395e+01  6.459e-01 Day:1993md 
 26  56  3.9950 30.0500  1.2900  1.514e+01  5.298e-01 Day:1993md 
 26  56  3.9950 30.0500  1.3050  1.693e+01  5.580e-01 Day:1993md 
 26  56  3.9950 30.0500  1.3200  2.028e+01  9.333e-01 Day:1993md 
 26  56  3.9950 30.0500  1.3350  2.190e+01  9.391e-01 Day:1993md 
 26  56  3.9950 30.0500  1.3500  2.564e+01  1.024e+00 Day:1993md 
 26  56  3.9950 30.0500  1.3650  2.682e+01  1.041e+00 Day:1993md 
 26  56  3.9950 30.0500  1.3800  2.977e+01  1.087e+00 Day:1993md 
 26  56  3.9950 30.0500  1.3950  3.295e+01  9.293e-01 Day:1993md 
 26  56  3.9950 30.0500  1.4100  3.544e+01  9.795e-01 Day:1993md 
 26  56  3.9950 30.0500  1.4250  3.807e+01  1.600e+00 Day:1993md 
 26  56  3.9950 30.0500  1.4400  4.124e+01  1.583e+00 Day:1993md 
 26  56  3.9950 30.0500  1.4550  4.321e+01  1.598e+00 Day:1993md 
 26  56  3.9950 30.0500  1.4700  4.790e+01  1.713e+00 Day:1993md 
 26  56  3.9950 30.0500  1.4850  5.095e+01  1.816e+00 Day:1993md 
 26  56  3.9950 30.0500  1.5000  5.356e+01  1.468e+00 Day:1993md 
 26  56  3.9950 30.0500  1.5150  5.432e+01  1.473e+00 Day:1993md 
 26  56  3.9950 30.0500  1.5300  6.188e+01  2.528e+00 Day:1993md 
 26  56  3.9950 30.0500  1.5450  6.538e+01  2.605e+00 Day:1993md 
 26  56  3.9950 30.0500  1.5600  7.034e+01  2.734e+00 Day:1993md 
 26  56  3.9950 30.0500  1.5750  7.190e+01  2.126e+00 Day:1993md 
 26  56  3.9950 30.0500  1.5900  7.977e+01  2.214e+00 Day:1993md 
 26  56  3.9950 30.0500  1.6050  8.195e+01  2.250e+00 Day:1993md 
 26  56  3.9950 30.0500  1.6200  8.570e+01  3.486e+00 Day:1993md 
 26  56  3.9950 30.0500  1.6350  8.308e+01  3.416e+00 Day:1993md 
 26  56  3.9950 30.0500  1.6500  9.151e+01  3.646e+00 Day:1993md 
 26  56  3.9950 30.0500  1.6650  9.582e+01  2.892e+00 Day:1993md 
 26  56  3.9950 30.0500  1.6800  1.067e+02  3.077e+00 Day:1993md 
 26  56  3.9950 30.0500  1.6950  1.150e+02  4.694e+00 Day:1993md 
 26  56  3.9950 30.0500  1.7100  1.094e+02  4.358e+00 Day:1993md 
 26  56  3.9950 30.0500  1.7250  1.136e+02  4.344e+00 Day:1993md 
 26  56  3.9950 30.0500  1.7400  1.241e+02  4.595e+00 Day:1993md 
 26  56  3.9950 30.0500  1.7550  1.318e+02  4.926e+00 Day:1993md 
 26  56  3.9950 30.0500  1.7700  1.319e+02  3.948e+00 Day:1993md 
 26  56  3.9950 30.0500  1.7850  1.456e+02  6.764e+00 Day:1993md 
 26  56  3.9950 30.0500  1.8000  1.533e+02  6.874e+00 Day:1993md 
 26  56  3.9950 30.0500  1.8150  1.551e+02  6.914e+00 Day:1993md 
 26  56  3.9950 30.0500  1.8300  1.576e+02  6.971e+00 Day:1993md 
 26  56  3.9950 30.0500  1.8450  1.722e+02  5.269e+00 Day:1993md 
 26  56  3.9950 30.0500  1.8600  1.808e+02  5.396e+00 Day:1993md 
 26  56  3.9950 30.0500  1.8750  1.973e+02  7.853e+00 Day:1993md 
 26  56  3.9950 30.0500  1.8900  2.054e+02  7.858e+00 Day:1993md 
 26  56  3.9950 30.0500  1.9050  2.109e+02  8.032e+00 Day:1993md 
 26  56  3.9950 30.0500  1.9200  2.062e+02  8.038e+00 Day:1993md 
 26  56  3.9950 30.0500  1.9350  2.242e+02  6.191e+00 Day:1993md 
 26  56  3.9950 30.0500  1.9500  2.347e+02  9.057e+00 Day:1993md 
 26  56  3.9950 30.0500  1.9650  2.432e+02  9.254e+00 Day:1993md 
 26  56  3.9950 30.0500  1.9800  2.393e+02  9.029e+00 Day:1993md 
 26  56  3.9950 30.0500  1.9950  2.602e+02  7.045e+00 Day:1993md 
 26  56  3.9950 30.0500  2.0100  2.721e+02  7.131e+00 Day:1993md 
 26  56  3.9950 30.0500  2.0250  2.900e+02  7.437e+00 Day:1993md 
 26  56  3.9950 30.0500  2.0400  2.918e+02  1.015e+01 Day:1993md 
 26  56  3.9950 30.0500  2.0550  2.971e+02  1.032e+01 Day:1993md 
 26  56  3.9950 30.0500  2.0700  3.061e+02  1.066e+01 Day:1993md 
 26  56  3.9950 30.0500  2.0850  3.058e+02  8.066e+00 Day:1993md 
 26  56  3.9950 30.0500  2.1000  3.286e+02  1.229e+01 Day:1993md 
 26  56  3.9950 30.0500  2.1150  3.597e+02  1.287e+01 Day:1993md 
 26  56  3.9950 30.0500  2.1300  3.354e+02  1.218e+01 Day:1993md 
 26  56  3.9950 30.0500  2.1450  3.641e+02  1.268e+01 Day:1993md 
 26  56  3.9950 30.0500  2.1600  3.757e+02  9.259e+00 Day:1993md 
 26  56  3.9950 30.0500  2.1750  3.805e+02  1.310e+01 Day:1993md 
 26  56  3.9950 30.0500  2.1900  3.650e+02  1.243e+01 Day:1993md 
 26  56  3.9950 30.0500  2.2050  3.816e+02  1.268e+01 Day:1993md 
 26  56  3.9950 30.0500  2.2200  4.073e+02  1.350e+01 Day:1993md 
 26  56  3.9950 30.0500  2.2350  4.028e+02  1.357e+01 Day:1993md 
