 26  56   0.120  90.000  0.0100  2.114e+05  1.256e+04 Meziani:1984is 
 26  56   0.120  90.000  0.0200  2.028e+05  1.318e+04 Meziani:1984is 
 26  56   0.120  90.000  0.0300  1.458e+05  1.294e+04 Meziani:1984is 
 26  56   0.120  90.000  0.0400  1.057e+05  1.465e+04 Meziani:1984is 
 26  56   0.120  90.000  0.0500  4.538e+04  1.729e+04 Meziani:1984is 
 26  56   0.120 140.000  0.0000  1.461e+04  6.672e+02 Meziani:1984is 
 26  56   0.120 140.000  0.0100  1.498e+04  7.601e+02 Meziani:1984is 
 26  56   0.120 140.000  0.0200  2.055e+04  1.094e+03 Meziani:1984is 
 26  56   0.120 140.000  0.0300  2.415e+04  1.396e+03 Meziani:1984is 
 26  56   0.120 140.000  0.0400  2.669e+04  1.736e+03 Meziani:1984is 
 26  56   0.120 140.000  0.0500  2.352e+04  1.870e+03 Meziani:1984is 
 26  56   0.160  60.000  0.0150  7.934e+05  4.049e+04 Meziani:1984is 
 26  56   0.160  60.000  0.0250  6.285e+05  3.565e+04 Meziani:1984is 
 26  56   0.160  60.000  0.0350  5.371e+05  3.655e+04 Meziani:1984is 
 26  56   0.160  60.000  0.0450  3.605e+05  3.490e+04 Meziani:1984is 
 26  56   0.160  60.000  0.0550  2.475e+05  3.698e+04 Meziani:1984is 
 26  56   0.160 140.000  0.0150  6.740e+03  2.753e+02 Meziani:1984is 
 26  56   0.160 140.000  0.0250  1.136e+04  4.821e+02 Meziani:1984is 
 26  56   0.160 140.000  0.0350  1.553e+04  7.024e+02 Meziani:1984is 
 26  56   0.160 140.000  0.0450  1.758e+04  8.492e+02 Meziani:1984is 
 26  56   0.160 140.000  0.0550  1.950e+04  1.015e+03 Meziani:1984is 
 26  56   0.160 140.000  0.0650  1.929e+04  1.100e+03 Meziani:1984is 
 26  56   0.160 140.000  0.0750  1.611e+04  1.037e+03 Meziani:1984is 
 26  56   0.200  60.000  0.0150  3.638e+05  1.246e+04 Meziani:1984is 
 26  56   0.200  60.000  0.0250  3.366e+05  1.188e+04 Meziani:1984is 
 26  56   0.200  60.000  0.0350  3.270e+05  1.275e+04 Meziani:1984is 
 26  56   0.200  60.000  0.0450  2.928e+05  1.276e+04 Meziani:1984is 
 26  56   0.200  60.000  0.0550  2.388e+05  1.227e+04 Meziani:1984is 
 26  56   0.200  60.000  0.0650  1.591e+05  1.099e+04 Meziani:1984is 
 26  56   0.200  60.000  0.0750  1.174e+05  1.134e+04 Meziani:1984is 
 26  56   0.200  60.000  0.0850  7.470e+04  1.253e+04 Meziani:1984is 
 26  56   0.200  60.000  0.0950  4.692e+04  1.561e+04 Meziani:1984is 
 26  56   0.200  90.000  0.0150  3.246e+04  1.132e+03 Meziani:1984is 
 26  56   0.200  90.000  0.0250  4.197e+04  1.505e+03 Meziani:1984is 
 26  56   0.200  90.000  0.0350  4.775e+04  1.816e+03 Meziani:1984is 
 26  56   0.200  90.000  0.0450  5.195e+04  2.091e+03 Meziani:1984is 
 26  56   0.200  90.000  0.0550  5.503e+04  2.301e+03 Meziani:1984is 
 26  56   0.200  90.000  0.0650  5.370e+04  2.422e+03 Meziani:1984is 
 26  56   0.200  90.000  0.0750  4.950e+04  2.441e+03 Meziani:1984is 
 26  56   0.200  90.000  0.0850  3.650e+04  2.115e+03 Meziani:1984is 
 26  56   0.200  90.000  0.0950  2.581e+04  1.892e+03 Meziani:1984is 
 26  56   0.200  90.000  0.1050  1.668e+04  1.892e+03 Meziani:1984is 
 26  56   0.200  90.000  0.1150  1.008e+04  2.422e+03 Meziani:1984is 
 26  56   0.200 140.000  0.0050  4.225e+02  2.147e+01 Meziani:1984is 
 26  56   0.200 140.000  0.0150  3.112e+03  1.081e+02 Meziani:1984is 
 26  56   0.200 140.000  0.0250  5.191e+03  2.004e+02 Meziani:1984is 
 26  56   0.200 140.000  0.0350  7.608e+03  2.964e+02 Meziani:1984is 
 26  56   0.200 140.000  0.0450  1.040e+04  4.168e+02 Meziani:1984is 
 26  56   0.200 140.000  0.0550  1.275e+04  5.206e+02 Meziani:1984is 
 26  56   0.200 140.000  0.0650  1.376e+04  6.031e+02 Meziani:1984is 
 26  56   0.200 140.000  0.0750  1.518e+04  7.080e+02 Meziani:1984is 
 26  56   0.200 140.000  0.0850  1.433e+04  7.330e+02 Meziani:1984is 
 26  56   0.200 140.000  0.0950  1.345e+04  7.467e+02 Meziani:1984is 
 26  56   0.200 140.000  0.1050  1.031e+04  6.436e+02 Meziani:1984is 
 26  56   0.200 140.000  0.1150  7.851e+03  5.615e+02 Meziani:1984is 
 26  56   0.240  60.000  0.0150  1.785e+05  5.810e+03 Meziani:1984is 
 26  56   0.240  60.000  0.0250  1.924e+05  6.425e+03 Meziani:1984is 
 26  56   0.240  60.000  0.0350  1.893e+05  6.697e+03 Meziani:1984is 
 26  56   0.240  60.000  0.0450  1.957e+05  7.229e+03 Meziani:1984is 
 26  56   0.240  60.000  0.0550  1.915e+05  7.321e+03 Meziani:1984is 
 26  56   0.240  60.000  0.0650  1.563e+05  6.622e+03 Meziani:1984is 
 26  56   0.240  60.000  0.0750  1.254e+05  5.955e+03 Meziani:1984is 
 26  56   0.240  60.000  0.0850  9.837e+04  5.418e+03 Meziani:1984is 
 26  56   0.240  60.000  0.0950  6.330e+04  4.460e+03 Meziani:1984is 
 26  56   0.240  60.000  0.1050  4.321e+04  4.514e+03 Meziani:1984is 
 26  56   0.240  60.000  0.1150  3.339e+04  5.352e+03 Meziani:1984is 
 26  56   0.240 140.000  0.0050  7.072e+01  4.506e+00 Meziani:1984is 
 26  56   0.240 140.000  0.0150  1.146e+03  4.091e+01 Meziani:1984is 
 26  56   0.240 140.000  0.0250  2.513e+03  8.576e+01 Meziani:1984is 
 26  56   0.240 140.000  0.0350  3.830e+03  1.304e+02 Meziani:1984is 
 26  56   0.240 140.000  0.0450  5.303e+03  1.834e+02 Meziani:1984is 
 26  56   0.240 140.000  0.0550  6.719e+03  2.372e+02 Meziani:1984is 
 26  56   0.240 140.000  0.0650  7.889e+03  2.997e+02 Meziani:1984is 
 26  56   0.240 140.000  0.0750  9.239e+03  3.636e+02 Meziani:1984is 
 26  56   0.240 140.000  0.0850  1.026e+04  4.221e+02 Meziani:1984is 
 26  56   0.240 140.000  0.0950  1.073e+04  4.645e+02 Meziani:1984is 
 26  56   0.240 140.000  0.1050  1.039e+04  4.882e+02 Meziani:1984is 
 26  56   0.240 140.000  0.1150  1.002e+04  5.041e+02 Meziani:1984is 
 26  56   0.240 140.000  0.1250  8.526e+03  4.632e+02 Meziani:1984is 
 26  56   0.240 140.000  0.1350  7.220e+03  4.302e+02 Meziani:1984is 
 26  56   0.240 140.000  0.1450  5.653e+03  3.750e+02 Meziani:1984is 
 26  56   0.240 140.000  0.1550  4.592e+03  3.390e+02 Meziani:1984is 
 26  56   0.280  60.000  0.0150  8.419e+04  2.513e+03 Meziani:1984is 
 26  56   0.280  60.000  0.0250  1.015e+05  2.981e+03 Meziani:1984is 
 26  56   0.280  60.000  0.0350  1.098e+05  3.375e+03 Meziani:1984is 
 26  56   0.280  60.000  0.0450  1.163e+05  3.717e+03 Meziani:1984is 
 26  56   0.280  60.000  0.0550  1.203e+05  4.063e+03 Meziani:1984is 
 26  56   0.280  60.000  0.0650  1.193e+05  4.262e+03 Meziani:1984is 
 26  56   0.280  60.000  0.0750  1.102e+05  4.141e+03 Meziani:1984is 
 26  56   0.280  60.000  0.0850  9.541e+04  3.834e+03 Meziani:1984is 
 26  56   0.280  60.000  0.0950  7.323e+04  3.190e+03 Meziani:1984is 
 26  56   0.280  60.000  0.1050  5.633e+04  2.706e+03 Meziani:1984is 
 26  56   0.280  60.000  0.1150  4.258e+04  2.371e+03 Meziani:1984is 
 26  56   0.280  60.000  0.1250  3.372e+04  2.250e+03 Meziani:1984is 
 26  56   0.280  60.000  0.1350  2.466e+04  2.225e+03 Meziani:1984is 
 26  56   0.280  60.000  0.1450  2.054e+04  2.647e+03 Meziani:1984is 
 26  56   0.280  60.000  0.1550  1.982e+04  3.555e+03 Meziani:1984is 
 26  56   0.280 140.000  0.0050  1.530e+01  3.170e+00 Meziani:1984is 
 26  56   0.280 140.000  0.0150  1.751e+02  9.101e+00 Meziani:1984is 
 26  56   0.280 140.000  0.0250  5.689e+02  2.114e+01 Meziani:1984is 
 26  56   0.280 140.000  0.0350  1.199e+03  3.993e+01 Meziani:1984is 
 26  56   0.280 140.000  0.0450  2.043e+03  6.590e+01 Meziani:1984is 
 26  56   0.280 140.000  0.0550  2.896e+03  9.579e+01 Meziani:1984is 
 26  56   0.280 140.000  0.0650  3.763e+03  1.295e+02 Meziani:1984is 
 26  56   0.280 140.000  0.0750  4.895e+03  1.702e+02 Meziani:1984is 
 26  56   0.280 140.000  0.0850  5.790e+03  2.067e+02 Meziani:1984is 
 26  56   0.280 140.000  0.0950  6.879e+03  2.493e+02 Meziani:1984is 
 26  56   0.280 140.000  0.1050  7.292e+03  2.775e+02 Meziani:1984is 
 26  56   0.280 140.000  0.1150  7.797e+03  3.102e+02 Meziani:1984is 
 26  56   0.280 140.000  0.1250  8.039e+03  3.363e+02 Meziani:1984is 
 26  56   0.280 140.000  0.1350  7.651e+03  3.446e+02 Meziani:1984is 
 26  56   0.280 140.000  0.1450  6.972e+03  3.435e+02 Meziani:1984is 
 26  56   0.280 140.000  0.1550  6.294e+03  3.345e+02 Meziani:1984is 
 26  56   0.280 140.000  0.1650  5.283e+03  3.005e+02 Meziani:1984is 
 26  56   0.280 140.000  0.1750  4.579e+03  2.832e+02 Meziani:1984is 
 26  56   0.280 140.000  0.1850  3.890e+03  2.637e+02 Meziani:1984is 
 26  56   0.280 140.000  0.1950  3.422e+03  2.572e+02 Meziani:1984is 
 26  56   0.320  90.000  0.0150  2.041e+03  6.008e+01 Meziani:1984is 
 26  56   0.320  90.000  0.0250  4.147e+03  1.167e+02 Meziani:1984is 
 26  56   0.320  90.000  0.0350  6.450e+03  1.805e+02 Meziani:1984is 
 26  56   0.320  90.000  0.0450  8.627e+03  2.667e+02 Meziani:1984is 
 26  56   0.320  90.000  0.0550  1.056e+04  3.297e+02 Meziani:1984is 
 26  56   0.320  90.000  0.0650  1.290e+04  4.065e+02 Meziani:1984is 
 26  56   0.320  90.000  0.0750  1.535e+04  4.901e+02 Meziani:1984is 
 26  56   0.320  90.000  0.0850  1.744e+04  5.683e+02 Meziani:1984is 
 26  56   0.320  90.000  0.0950  1.793e+04  5.932e+02 Meziani:1984is 
 26  56   0.320  90.000  0.1050  1.812e+04  6.269e+02 Meziani:1984is 
 26  56   0.320  90.000  0.1150  1.817e+04  6.539e+02 Meziani:1984is 
 26  56   0.320  90.000  0.1250  1.803e+04  6.756e+02 Meziani:1984is 
 26  56   0.320  90.000  0.1350  1.696e+04  6.676e+02 Meziani:1984is 
 26  56   0.320  90.000  0.1450  1.432e+04  6.215e+02 Meziani:1984is 
 26  56   0.320  90.000  0.1550  1.243e+04  5.794e+02 Meziani:1984is 
 26  56   0.320  90.000  0.1650  1.066e+04  5.351e+02 Meziani:1984is 
 26  56   0.320  90.000  0.1750  8.759e+03  4.772e+02 Meziani:1984is 
 26  56   0.320  90.000  0.1850  7.912e+03  4.652e+02 Meziani:1984is 
 26  56   0.320  90.000  0.1950  7.695e+03  4.788e+02 Meziani:1984is 
 26  56   0.320  90.000  0.2050  7.093e+03  4.947e+02 Meziani:1984is 
 26  56   0.320  90.000  0.2150  7.809e+03  6.186e+02 Meziani:1984is 
 26  56   0.320 140.000  0.0350  1.285e+02  8.382e+00 Meziani:1984is 
 26  56   0.320 140.000  0.0450  4.778e+02  1.964e+01 Meziani:1984is 
 26  56   0.320 140.000  0.0550  8.484e+02  3.093e+01 Meziani:1984is 
 26  56   0.320 140.000  0.0650  1.367e+03  4.681e+01 Meziani:1984is 
 26  56   0.320 140.000  0.0750  2.027e+03  6.736e+01 Meziani:1984is 
 26  56   0.320 140.000  0.0850  2.722e+03  9.024e+01 Meziani:1984is 
 26  56   0.320 140.000  0.0950  3.265e+03  1.118e+02 Meziani:1984is 
 26  56   0.320 140.000  0.1050  3.845e+03  1.380e+02 Meziani:1984is 
 26  56   0.320 140.000  0.1150  4.498e+03  1.641e+02 Meziani:1984is 
 26  56   0.320 140.000  0.1250  5.209e+03  1.939e+02 Meziani:1984is 
 26  56   0.320 140.000  0.1350  5.663e+03  2.137e+02 Meziani:1984is 
 26  56   0.320 140.000  0.1450  5.476e+03  2.171e+02 Meziani:1984is 
 26  56   0.320 140.000  0.1550  5.693e+03  2.352e+02 Meziani:1984is 
 26  56   0.320 140.000  0.1650  5.640e+03  2.452e+02 Meziani:1984is 
 26  56   0.320 140.000  0.1750  5.025e+03  2.355e+02 Meziani:1984is 
 26  56   0.320 140.000  0.1850  4.701e+03  2.373e+02 Meziani:1984is 
 26  56   0.320 140.000  0.1950  4.328e+03  2.340e+02 Meziani:1984is 
 26  56   0.320 140.000  0.2050  3.544e+03  2.111e+02 Meziani:1984is 
 26  56   0.320 140.000  0.2150  3.547e+03  2.209e+02 Meziani:1984is 
 26  56   0.320 140.000  0.2250  3.233e+03  2.160e+02 Meziani:1984is 
 26  56   0.320 140.000  0.2350  3.420e+03  2.407e+02 Meziani:1984is 
 26  56   0.340  60.000  0.0150  3.288e+04  9.196e+02 Meziani:1984is 
 26  56   0.340  60.000  0.0250  4.276e+04  1.181e+03 Meziani:1984is 
 26  56   0.340  60.000  0.0350  5.238e+04  1.494e+03 Meziani:1984is 
 26  56   0.340  60.000  0.0450  6.092e+04  1.782e+03 Meziani:1984is 
 26  56   0.340  60.000  0.0550  6.812e+04  2.019e+03 Meziani:1984is 
 26  56   0.340  60.000  0.0650  6.977e+04  2.147e+03 Meziani:1984is 
 26  56   0.340  60.000  0.0750  7.185e+04  2.273e+03 Meziani:1984is 
 26  56   0.340  60.000  0.0850  7.169e+04  2.337e+03 Meziani:1984is 
 26  56   0.340  60.000  0.0950  6.862e+04  2.320e+03 Meziani:1984is 
 26  56   0.340  60.000  0.1050  6.157e+04  2.186e+03 Meziani:1984is 
 26  56   0.340  60.000  0.1150  5.057e+04  1.948e+03 Meziani:1984is 
 26  56   0.340  60.000  0.1250  4.166e+04  1.747e+03 Meziani:1984is 
 26  56   0.340  60.000  0.1350  3.256e+04  1.498e+03 Meziani:1984is 
 26  56   0.340  60.000  0.1450  2.629e+04  1.322e+03 Meziani:1984is 
 26  56   0.340  60.000  0.1550  2.320e+04  1.217e+03 Meziani:1984is 
 26  56   0.340  60.000  0.1650  1.999e+04  1.157e+03 Meziani:1984is 
 26  56   0.340  60.000  0.1750  1.817e+04  1.161e+03 Meziani:1984is 
 26  56   0.340  60.000  0.1850  1.950e+04  1.332e+03 Meziani:1984is 
 26  56   0.360  90.000  0.0050  4.707e+01  6.582e+00 Meziani:1984is 
 26  56   0.360  90.000  0.0150  5.095e+02  2.466e+01 Meziani:1984is 
 26  56   0.360  90.000  0.0250  1.228e+03  4.557e+01 Meziani:1984is 
 26  56   0.360  90.000  0.0350  2.579e+03  8.245e+01 Meziani:1984is 
 26  56   0.360  90.000  0.0450  3.881e+03  1.190e+02 Meziani:1984is 
 26  56   0.360  90.000  0.0550  5.291e+03  1.603e+02 Meziani:1984is 
 26  56   0.360  90.000  0.0650  6.983e+03  2.101e+02 Meziani:1984is 
 26  56   0.360  90.000  0.0750  8.490e+03  2.564e+02 Meziani:1984is 
 26  56   0.360  90.000  0.0850  9.968e+03  3.042e+02 Meziani:1984is 
 26  56   0.360  90.000  0.0950  1.151e+04  3.566e+02 Meziani:1984is 
 26  56   0.360  90.000  0.1050  1.265e+04  4.011e+02 Meziani:1984is 
 26  56   0.360  90.000  0.1150  1.365e+04  4.432e+02 Meziani:1984is 
 26  56   0.360  90.000  0.1250  1.405e+04  4.705e+02 Meziani:1984is 
 26  56   0.360  90.000  0.1350  1.326e+04  4.709e+02 Meziani:1984is 
 26  56   0.360  90.000  0.1450  1.296e+04  4.880e+02 Meziani:1984is 
 26  56   0.360  90.000  0.1550  1.250e+04  4.903e+02 Meziani:1984is 
 26  56   0.360  90.000  0.1650  1.097e+04  4.602e+02 Meziani:1984is 
 26  56   0.360  90.000  0.1750  9.657e+03  4.249e+02 Meziani:1984is 
 26  56   0.360  90.000  0.1850  8.787e+03  4.044e+02 Meziani:1984is 
 26  56   0.360  90.000  0.1950  7.716e+03  3.801e+02 Meziani:1984is 
 26  56   0.360  90.000  0.2050  7.582e+03  3.848e+02 Meziani:1984is 
 26  56   0.360  90.000  0.2150  6.950e+03  3.744e+02 Meziani:1984is 
 26  56   0.360  90.000  0.2250  7.186e+03  3.979e+02 Meziani:1984is 
 26  56   0.360  90.000  0.2350  7.540e+03  4.360e+02 Meziani:1984is 
 26  56   0.360  90.000  0.2450  7.974e+03  4.994e+02 Meziani:1984is 
 26  56   0.360  90.000  0.2550  8.707e+03  6.202e+02 Meziani:1984is 
 26  56   0.360 140.000  0.0250  6.067e+00  1.585e+00 Meziani:1984is 
 26  56   0.360 140.000  0.0350  1.931e+01  1.585e+00 Meziani:1984is 
 26  56   0.360 140.000  0.0450  5.451e+01  3.956e+00 Meziani:1984is 
 26  56   0.360 140.000  0.0550  1.402e+02  7.019e+00 Meziani:1984is 
 26  56   0.360 140.000  0.0650  2.938e+02  1.177e+01 Meziani:1984is 
 26  56   0.360 140.000  0.0750  5.361e+02  1.805e+01 Meziani:1984is 
 26  56   0.360 140.000  0.0850  8.921e+02  3.101e+01 Meziani:1984is 
 26  56   0.360 140.000  0.0950  1.231e+03  4.164e+01 Meziani:1984is 
 26  56   0.360 140.000  0.1050  1.688e+03  5.614e+01 Meziani:1984is 
 26  56   0.360 140.000  0.1150  2.109e+03  7.040e+01 Meziani:1984is 
 26  56   0.360 140.000  0.1250  2.650e+03  8.884e+01 Meziani:1984is 
 26  56   0.360 140.000  0.1350  3.006e+03  1.034e+02 Meziani:1984is 
 26  56   0.360 140.000  0.1450  3.458e+03  1.237e+02 Meziani:1984is 
 26  56   0.360 140.000  0.1550  3.709e+03  1.370e+02 Meziani:1984is 
 26  56   0.360 140.000  0.1650  4.112e+03  1.557e+02 Meziani:1984is 
 26  56   0.360 140.000  0.1750  4.209e+03  1.641e+02 Meziani:1984is 
 26  56   0.360 140.000  0.1850  4.031e+03  1.690e+02 Meziani:1984is 
 26  56   0.360 140.000  0.1950  4.085e+03  1.784e+02 Meziani:1984is 
 26  56   0.360 140.000  0.2050  3.930e+03  1.810e+02 Meziani:1984is 
 26  56   0.360 140.000  0.2150  3.561e+03  1.731e+02 Meziani:1984is 
 26  56   0.360 140.000  0.2250  3.256e+03  1.712e+02 Meziani:1984is 
 26  56   0.360 140.000  0.2350  3.116e+03  1.735e+02 Meziani:1984is 
 26  56   0.360 140.000  0.2450  3.023e+03  1.770e+02 Meziani:1984is 
 26  56   0.360 140.000  0.2550  3.164e+03  1.929e+02 Meziani:1984is 
 26  56   0.360 140.000  0.2650  3.182e+03  2.063e+02 Meziani:1984is 
 26  56   0.360 140.000  0.2750  3.392e+03  2.349e+02 Meziani:1984is 
 26  56   0.400  60.000  0.0150  1.215e+04  3.256e+02 Meziani:1984is 
 26  56   0.400  60.000  0.0250  1.914e+04  4.987e+02 Meziani:1984is 
 26  56   0.400  60.000  0.0350  2.443e+04  6.543e+02 Meziani:1984is 
 26  56   0.400  60.000  0.0450  3.170e+04  8.614e+02 Meziani:1984is 
 26  56   0.400  60.000  0.0550  3.680e+04  1.124e+03 Meziani:1984is 
 26  56   0.400  60.000  0.0650  4.111e+04  1.266e+03 Meziani:1984is 
 26  56   0.400  60.000  0.0750  4.332e+04  1.358e+03 Meziani:1984is 
 26  56   0.400  60.000  0.0850  4.746e+04  1.497e+03 Meziani:1984is 
 26  56   0.400  60.000  0.0950  4.865e+04  1.564e+03 Meziani:1984is 
 26  56   0.400  60.000  0.1050  5.017e+04  1.638e+03 Meziani:1984is 
 26  56   0.400  60.000  0.1150  4.868e+04  1.636e+03 Meziani:1984is 
 26  56   0.400  60.000  0.1250  4.096e+04  1.446e+03 Meziani:1984is 
 26  56   0.400  60.000  0.1350  3.712e+04  1.365e+03 Meziani:1984is 
 26  56   0.400  60.000  0.1450  3.197e+04  1.242e+03 Meziani:1984is 
 26  56   0.400  60.000  0.1550  2.603e+04  1.093e+03 Meziani:1984is 
 26  56   0.400  60.000  0.1650  2.416e+04  1.045e+03 Meziani:1984is 
 26  56   0.400  60.000  0.1750  2.066e+04  1.819e+03 Meziani:1984is 
 26  56   0.400  60.000  0.1850  1.720e+04  8.234e+02 Meziani:1984is 
 26  56   0.400  60.000  0.1950  1.597e+04  7.878e+02 Meziani:1984is 
 26  56   0.400  60.000  0.2050  1.706e+04  8.250e+02 Meziani:1984is 
 26  56   0.400  60.000  0.2150  1.838e+04  8.825e+02 Meziani:1984is 
 26  56   0.400  60.000  0.2250  1.802e+04  9.181e+02 Meziani:1984is 
 26  56   0.400  60.000  0.2350  2.011e+04  1.038e+03 Meziani:1984is 
 26  56   0.400  60.000  0.2450  2.360e+04  1.250e+03 Meziani:1984is 
 26  56   0.400  90.000  0.0150  6.700e+01  5.437e+00 Meziani:1984is 
 26  56   0.400  90.000  0.0250  2.903e+02  1.294e+01 Meziani:1984is 
 26  56   0.400  90.000  0.0350  7.782e+02  2.639e+01 Meziani:1984is 
 26  56   0.400  90.000  0.0450  1.425e+03  4.372e+01 Meziani:1984is 
 26  56   0.400  90.000  0.0550  2.291e+03  7.668e+01 Meziani:1984is 
 26  56   0.400  90.000  0.0650  3.371e+03  1.069e+02 Meziani:1984is 
 26  56   0.400  90.000  0.0750  4.415e+03  1.373e+02 Meziani:1984is 
 26  56   0.400  90.000  0.0850  5.382e+03  1.670e+02 Meziani:1984is 
 26  56   0.400  90.000  0.0950  6.735e+03  2.075e+02 Meziani:1984is 
 26  56   0.400  90.000  0.1050  7.687e+03  2.392e+02 Meziani:1984is 
 26  56   0.400  90.000  0.1150  8.780e+03  2.757e+02 Meziani:1984is 
 26  56   0.400  90.000  0.1250  9.528e+03  3.008e+02 Meziani:1984is 
 26  56   0.400  90.000  0.1350  1.004e+04  3.246e+02 Meziani:1984is 
 26  56   0.400  90.000  0.1450  1.033e+04  3.430e+02 Meziani:1984is 
 26  56   0.400  90.000  0.1550  1.000e+04  3.451e+02 Meziani:1984is 
 26  56   0.400  90.000  0.1650  1.006e+04  3.566e+02 Meziani:1984is 
 26  56   0.400  90.000  0.1750  9.159e+03  3.469e+02 Meziani:1984is 
 26  56   0.400  90.000  0.1850  8.608e+03  3.404e+02 Meziani:1984is 
 26  56   0.400  90.000  0.1950  8.240e+03  3.382e+02 Meziani:1984is 
 26  56   0.400  90.000  0.2050  7.219e+03  3.166e+02 Meziani:1984is 
 26  56   0.400  90.000  0.2150  6.621e+03  3.062e+02 Meziani:1984is 
 26  56   0.400  90.000  0.2250  6.388e+03  3.045e+02 Meziani:1984is 
 26  56   0.400  90.000  0.2350  6.240e+03  3.081e+02 Meziani:1984is 
 26  56   0.400  90.000  0.2450  6.352e+03  3.213e+02 Meziani:1984is 
 26  56   0.400  90.000  0.2550  6.760e+03  3.490e+02 Meziani:1984is 
 26  56   0.400  90.000  0.2650  7.292e+03  3.864e+02 Meziani:1984is 
 26  56   0.400  90.000  0.2750  7.916e+03  4.373e+02 Meziani:1984is 
 26  56   0.400  90.000  0.2850  8.265e+03  5.011e+02 Meziani:1984is 
 26  56   0.400  90.000  0.2950  8.627e+03  5.994e+02 Meziani:1984is 
 26  56   0.400 140.000  0.0300  3.185e+00  1.285e+00 Meziani:1984is 
 26  56   0.400 140.000  0.0400  8.657e+00  1.903e+00 Meziani:1984is 
 26  56   0.400 140.000  0.0500  1.196e+01  2.811e+00 Meziani:1984is 
 26  56   0.400 140.000  0.0600  3.777e+01  4.675e+00 Meziani:1984is 
 26  56   0.400 140.000  0.0700  9.053e+01  7.564e+00 Meziani:1984is 
 26  56   0.400 140.000  0.0800  1.616e+02  1.057e+01 Meziani:1984is 
 26  56   0.400 140.000  0.0900  3.175e+02  1.603e+01 Meziani:1984is 
 26  56   0.400 140.000  0.1000  4.892e+02  2.162e+01 Meziani:1984is 
 26  56   0.400 140.000  0.1100  7.551e+02  2.989e+01 Meziani:1984is 
 26  56   0.400 140.000  0.1200  1.012e+03  3.511e+01 Meziani:1984is 
 26  56   0.400 140.000  0.1300  1.376e+03  4.635e+01 Meziani:1984is 
 26  56   0.400 140.000  0.1400  1.763e+03  5.877e+01 Meziani:1984is 
 26  56   0.400 140.000  0.1500  2.068e+03  6.967e+01 Meziani:1984is 
 26  56   0.400 140.000  0.1600  2.472e+03  8.380e+01 Meziani:1984is 
 26  56   0.400 140.000  0.1700  2.580e+03  8.787e+01 Meziani:1984is 
 26  56   0.400 140.000  0.1800  2.882e+03  1.003e+02 Meziani:1984is 
 26  56   0.400 140.000  0.1900  2.972e+03  1.074e+02 Meziani:1984is 
 26  56   0.400 140.000  0.2000  3.079e+03  1.154e+02 Meziani:1984is 
 26  56   0.400 140.000  0.2100  3.113e+03  1.216e+02 Meziani:1984is 
 26  56   0.400 140.000  0.2200  2.989e+03  1.242e+02 Meziani:1984is 
 26  56   0.400 140.000  0.2300  2.996e+03  1.296e+02 Meziani:1984is 
 26  56   0.400 140.000  0.2400  2.814e+03  1.292e+02 Meziani:1984is 
 26  56   0.400 140.000  0.2500  2.581e+03  1.283e+02 Meziani:1984is 
 26  56   0.400 140.000  0.2600  2.756e+03  1.400e+02 Meziani:1984is 
 26  56   0.400 140.000  0.2700  2.759e+03  1.471e+02 Meziani:1984is 
 26  56   0.400 140.000  0.2800  2.876e+03  1.601e+02 Meziani:1984is 
 26  56   0.400 140.000  0.2900  3.061e+03  1.776e+02 Meziani:1984is 
 26  56   0.400 140.000  0.3000  3.312e+03  4.027e+02 Meziani:1984is 
 26  56   0.400 140.000  0.3100  3.553e+03  2.276e+02 Meziani:1984is 
 26  56   0.440  90.000  0.0950  3.562e+03  9.986e+01 Meziani:1984is 
 26  56   0.440  90.000  0.1050  4.397e+03  1.256e+02 Meziani:1984is 
 26  56   0.440  90.000  0.1150  5.341e+03  1.555e+02 Meziani:1984is 
 26  56   0.440  90.000  0.1250  6.053e+03  1.795e+02 Meziani:1984is 
 26  56   0.440  90.000  0.1350  6.873e+03  2.065e+02 Meziani:1984is 
 26  56   0.440  90.000  0.1450  7.670e+03  2.338e+02 Meziani:1984is 
 26  56   0.440  90.000  0.1550  8.068e+03  2.516e+02 Meziani:1984is 
 26  56   0.440  90.000  0.1650  8.100e+03  2.765e+02 Meziani:1984is 
 26  56   0.440  90.000  0.1750  7.952e+03  2.800e+02 Meziani:1984is 
 26  56   0.440  90.000  0.1850  7.855e+03  2.843e+02 Meziani:1984is 
 26  56   0.440  90.000  0.1950  7.613e+03  2.847e+02 Meziani:1984is 
 26  56   0.440  90.000  0.2050  7.472e+03  2.873e+02 Meziani:1984is 
 26  56   0.440  90.000  0.2150  6.924e+03  2.750e+02 Meziani:1984is 
 26  56   0.440  90.000  0.2250  6.397e+03  2.621e+02 Meziani:1984is 
 26  56   0.440  90.000  0.2350  5.959e+03  2.553e+02 Meziani:1984is 
 26  56   0.440  90.000  0.2450  5.993e+03  2.617e+02 Meziani:1984is 
 26  56   0.440  90.000  0.2550  5.894e+03  2.657e+02 Meziani:1984is 
 26  56   0.440  90.000  0.2650  5.880e+03  2.720e+02 Meziani:1984is 
 26  56   0.440  90.000  0.2750  6.231e+03  2.925e+02 Meziani:1984is 
 26  56   0.440  90.000  0.2850  6.865e+03  3.255e+02 Meziani:1984is 
 26  56   0.440  90.000  0.2950  7.332e+03  3.634e+02 Meziani:1984is 
 26  56   0.440  90.000  0.3050  7.779e+03  4.003e+02 Meziani:1984is 
 26  56   0.440 140.000  0.0950  4.629e+01  2.391e+00 Meziani:1984is 
 26  56   0.440 140.000  0.1050  8.282e+01  3.571e+00 Meziani:1984is 
 26  56   0.440 140.000  0.1150  1.495e+02  5.569e+00 Meziani:1984is 
 26  56   0.440 140.000  0.1250  2.535e+02  8.579e+00 Meziani:1984is 
 26  56   0.440 140.000  0.1350  4.023e+02  1.290e+01 Meziani:1984is 
 26  56   0.440 140.000  0.1450  5.885e+02  1.842e+01 Meziani:1984is 
 26  56   0.440 140.000  0.1550  8.265e+02  2.561e+01 Meziani:1984is 
 26  56   0.440 140.000  0.1650  9.873e+02  3.469e+01 Meziani:1984is 
 26  56   0.440 140.000  0.1750  1.282e+03  4.415e+01 Meziani:1984is 
 26  56   0.440 140.000  0.1850  1.509e+03  5.226e+01 Meziani:1984is 
 26  56   0.440 140.000  0.1950  1.814e+03  6.291e+01 Meziani:1984is 
 26  56   0.440 140.000  0.2050  2.064e+03  7.254e+01 Meziani:1984is 
 26  56   0.440 140.000  0.2150  2.164e+03  1.562e+02 Meziani:1984is 
 26  56   0.440 140.000  0.2250  2.268e+03  8.523e+01 Meziani:1984is 
 26  56   0.440 140.000  0.2350  2.363e+03  9.154e+01 Meziani:1984is 
 26  56   0.440 140.000  0.2450  2.478e+03  9.870e+01 Meziani:1984is 
 26  56   0.440 140.000  0.2550  2.398e+03  1.003e+02 Meziani:1984is 
 26  56   0.440 140.000  0.2650  2.252e+03  1.013e+02 Meziani:1984is 
 26  56   0.440 140.000  0.2750  2.305e+03  1.069e+02 Meziani:1984is 
 26  56   0.440 140.000  0.2850  2.322e+03  1.118e+02 Meziani:1984is 
 26  56   0.440 140.000  0.2950  2.171e+03  1.099e+02 Meziani:1984is 
 26  56   0.440 140.000  0.3050  2.329e+03  1.212e+02 Meziani:1984is 
 26  56   0.440 140.000  0.3150  2.565e+03  1.373e+02 Meziani:1984is 
 26  56   0.440 140.000  0.3250  2.716e+03  1.550e+02 Meziani:1984is 
 26  56   0.440 140.000  0.3350  2.983e+03  1.773e+02 Meziani:1984is 
 26  56   0.440 140.000  0.3450  3.171e+03  1.985e+02 Meziani:1984is 
 26  56   0.440 140.000  0.3550  3.324e+03  2.234e+02 Meziani:1984is 
 26  56   0.480  60.000  0.0150  2.057e+03  1.242e+02 Meziani:1984is 
 26  56   0.480  60.000  0.0250  4.215e+03  1.935e+02 Meziani:1984is 
 26  56   0.480  60.000  0.0350  7.420e+03  2.869e+02 Meziani:1984is 
 26  56   0.480  60.000  0.0450  1.073e+04  3.196e+02 Meziani:1984is 
 26  56   0.480  60.000  0.0550  1.383e+04  4.346e+02 Meziani:1984is 
 26  56   0.480  60.000  0.0650  1.677e+04  5.197e+02 Meziani:1984is 
 26  56   0.480  60.000  0.0750  2.004e+04  6.148e+02 Meziani:1984is 
 26  56   0.480  60.000  0.0850  2.254e+04  6.923e+02 Meziani:1984is 
 26  56   0.480  60.000  0.0950  2.530e+04  7.779e+02 Meziani:1984is 
 26  56   0.480  60.000  0.1050  2.806e+04  8.636e+02 Meziani:1984is 
 26  56   0.480  60.000  0.1150  3.019e+04  9.358e+02 Meziani:1984is 
 26  56   0.480  60.000  0.1250  3.106e+04  9.776e+02 Meziani:1984is 
 26  56   0.480  60.000  0.1350  2.940e+04  9.455e+02 Meziani:1984is 
 26  56   0.480  60.000  0.1450  2.799e+04  9.268e+02 Meziani:1984is 
 26  56   0.480  60.000  0.1550  2.636e+04  8.983e+02 Meziani:1984is 
 26  56   0.480  60.000  0.1650  2.397e+04  8.481e+02 Meziani:1984is 
 26  56   0.480  60.000  0.1750  2.187e+04  8.024e+02 Meziani:1984is 
 26  56   0.480  60.000  0.1850  2.033e+04  7.681e+02 Meziani:1984is 
 26  56   0.480  60.000  0.1950  1.786e+04  7.082e+02 Meziani:1984is 
 26  56   0.480  60.000  0.2050  1.535e+04  6.339e+02 Meziani:1984is 
 26  56   0.480  60.000  0.2150  1.435e+04  6.074e+02 Meziani:1984is 
 26  56   0.480  60.000  0.2250  1.391e+04  5.961e+02 Meziani:1984is 
 26  56   0.480  60.000  0.2350  1.372e+04  5.933e+02 Meziani:1984is 
 26  56   0.480  60.000  0.2450  1.449e+04  6.188e+02 Meziani:1984is 
 26  56   0.480  60.000  0.2550  1.520e+04  1.274e+03 Meziani:1984is 
 26  56   0.480  60.000  0.2650  1.586e+04  6.839e+02 Meziani:1984is 
 26  56   0.480  60.000  0.2750  1.714e+04  7.348e+02 Meziani:1984is 
 26  56   0.480  60.000  0.2850  1.794e+04  7.793e+02 Meziani:1984is 
 26  56   0.480  60.000  0.2950  2.043e+04  8.829e+02 Meziani:1984is 
 26  56   0.480  60.000  0.3050  1.965e+04  9.169e+02 Meziani:1984is 
 26  56   0.480  60.000  0.3150  2.117e+04  1.020e+03 Meziani:1984is 
 26  56   0.480  60.000  0.3250  2.260e+04  1.155e+03 Meziani:1984is 
 26  56   0.480 140.000  0.0500  3.838e+00  2.149e+00 Meziani:1984is 
 26  56   0.480 140.000  0.0600  2.643e+00  1.535e+00 Meziani:1984is 
 26  56   0.480 140.000  0.0700  5.690e+00  1.305e+00 Meziani:1984is 
 26  56   0.480 140.000  0.0800  6.926e+00  1.405e+00 Meziani:1984is 
 26  56   0.480 140.000  0.0900  4.611e+00  1.178e+00 Meziani:1984is 
 26  56   0.480 140.000  0.1000  1.600e+01  2.149e+00 Meziani:1984is 
 26  56   0.480 140.000  0.1100  2.941e+01  2.963e+00 Meziani:1984is 
 26  56   0.480 140.000  0.1200  4.379e+01  3.724e+00 Meziani:1984is 
 26  56   0.480 140.000  0.1300  8.556e+01  5.351e+01 Meziani:1984is 
 26  56   0.480 140.000  0.1400  1.342e+02  7.092e+00 Meziani:1984is 
 26  56   0.480 140.000  0.1500  2.157e+02  9.731e+00 Meziani:1984is 
 26  56   0.480 140.000  0.1600  3.341e+02  1.334e+01 Meziani:1984is 
 26  56   0.480 140.000  0.1700  4.609e+02  1.725e+01 Meziani:1984is 
 26  56   0.480 140.000  0.1800  6.243e+02  2.228e+01 Meziani:1984is 
 26  56   0.480 140.000  0.1900  8.195e+02  2.834e+01 Meziani:1984is 
 26  56   0.480 140.000  0.2000  9.853e+02  3.563e+01 Meziani:1984is 
 26  56   0.480 140.000  0.2100  1.205e+03  4.289e+01 Meziani:1984is 
 26  56   0.480 140.000  0.2200  1.326e+03  4.790e+01 Meziani:1984is 
 26  56   0.480 140.000  0.2300  1.434e+03  5.280e+01 Meziani:1984is 
 26  56   0.480 140.000  0.2400  1.587e+03  5.904e+01 Meziani:1984is 
 26  56   0.480 140.000  0.2500  1.638e+03  6.100e+01 Meziani:1984is 
 26  56   0.480 140.000  0.2600  1.692e+03  6.367e+01 Meziani:1984is 
 26  56   0.480 140.000  0.2700  1.686e+03  6.610e+01 Meziani:1984is 
 26  56   0.480 140.000  0.2800  1.694e+03  6.903e+01 Meziani:1984is 
 26  56   0.480 140.000  0.2900  1.702e+03  7.202e+01 Meziani:1984is 
 26  56   0.480 140.000  0.3000  1.713e+03  7.541e+01 Meziani:1984is 
 26  56   0.480 140.000  0.3100  1.737e+03  7.914e+01 Meziani:1984is 
 26  56   0.480 140.000  0.3200  1.831e+03  8.570e+01 Meziani:1984is 
 26  56   0.480 140.000  0.3300  1.778e+03  8.880e+01 Meziani:1984is 
 26  56   0.480 140.000  0.3400  1.981e+03  1.006e+02 Meziani:1984is 
 26  56   0.480 140.000  0.3500  2.240e+03  1.167e+02 Meziani:1984is 
 26  56   0.480 140.000  0.3600  2.377e+03  1.293e+02 Meziani:1984is 
 26  56   0.480 140.000  0.3700  2.533e+03  1.451e+02 Meziani:1984is 
 26  56   0.480 140.000  0.3800  2.624e+03  3.248e+02 Meziani:1984is 
 26  56   0.480 140.000  0.3900  2.719e+03  1.821e+02 Meziani:1984is 
 26  56   0.560  60.000  0.0150  1.859e+02  1.677e+01 Meziani:1984is 
 26  56   0.560  60.000  0.0250  6.520e+02  3.419e+01 Meziani:1984is 
 26  56   0.560  60.000  0.0350  1.454e+03  5.776e+01 Meziani:1984is 
 26  56   0.560  60.000  0.0450  2.534e+03  8.715e+01 Meziani:1984is 
 26  56   0.560  60.000  0.0550  4.028e+03  1.266e+02 Meziani:1984is 
 26  56   0.560  60.000  0.0650  5.616e+03  1.691e+02 Meziani:1984is 
 26  56   0.560  60.000  0.0750  7.290e+03  2.148e+02 Meziani:1984is 
 26  56   0.560  60.000  0.0850  9.088e+03  2.645e+02 Meziani:1984is 
 26  56   0.560  60.000  0.0950  1.087e+04  3.149e+02 Meziani:1984is 
 26  56   0.560  60.000  0.1050  1.337e+04  3.832e+02 Meziani:1984is 
 26  56   0.560  60.000  0.1150  1.509e+04  4.347e+02 Meziani:1984is 
 26  56   0.560  60.000  0.1250  1.631e+04  4.669e+02 Meziani:1984is 
 26  56   0.560  60.000  0.1350  1.713e+04  5.390e+02 Meziani:1984is 
 26  56   0.560  60.000  0.1450  1.756e+04  5.606e+02 Meziani:1984is 
 26  56   0.560  60.000  0.1550  1.801e+04  5.820e+02 Meziani:1984is 
 26  56   0.560  60.000  0.1650  1.825e+04  5.975e+02 Meziani:1984is 
 26  56   0.560  60.000  0.1750  1.749e+04  5.884e+02 Meziani:1984is 
 26  56   0.560  60.000  0.1850  1.674e+04  5.775e+02 Meziani:1984is 
 26  56   0.560  60.000  0.1950  1.664e+04  5.809e+02 Meziani:1984is 
 26  56   0.560  60.000  0.2050  1.617e+04  5.747e+02 Meziani:1984is 
 26  56   0.560  60.000  0.2150  1.376e+04  4.951e+02 Meziani:1984is 
 26  56   0.560  60.000  0.2250  1.260e+04  4.684e+02 Meziani:1984is 
 26  56   0.560  60.000  0.2350  1.157e+04  4.437e+02 Meziani:1984is 
 26  56   0.560  60.000  0.2450  1.130e+04  4.368e+02 Meziani:1984is 
 26  56   0.560  60.000  0.2550  1.082e+04  4.256e+02 Meziani:1984is 
 26  56   0.560  60.000  0.2650  1.104e+04  4.322e+02 Meziani:1984is 
 26  56   0.560  60.000  0.2750  1.143e+04  4.443e+02 Meziani:1984is 
 26  56   0.560  60.000  0.2850  1.120e+04  4.592e+02 Meziani:1984is 
 26  56   0.560  60.000  0.2950  1.178e+04  4.782e+02 Meziani:1984is 
 26  56   0.560  60.000  0.3050  1.207e+04  4.921e+02 Meziani:1984is 
 26  56   0.560  60.000  0.3150  1.224e+04  5.045e+02 Meziani:1984is 
 26  56   0.560  60.000  0.3250  1.397e+04  5.601e+02 Meziani:1984is 
 26  56   0.560  60.000  0.3350  1.444e+04  1.149e+03 Meziani:1984is 
 26  56   0.560  60.000  0.3450  1.492e+04  6.114e+02 Meziani:1984is 
 26  56   0.560  60.000  0.3550  1.523e+04  6.373e+02 Meziani:1984is 
 26  56   0.560  60.000  0.3650  1.527e+04  6.585e+02 Meziani:1984is 
 26  56   0.560  60.000  0.3750  1.657e+04  7.221e+02 Meziani:1984is 
 26  56   0.560  60.000  0.3850  1.582e+04  7.472e+02 Meziani:1984is 
 26  56   0.560  60.000  0.3950  1.597e+04  7.955e+02 Meziani:1984is 
 26  56   0.560  90.000  0.0250  1.359e+00  5.224e-01 Meziani:1984is 
 26  56   0.560  90.000  0.0350  2.815e+00  5.708e-01 Meziani:1984is 
 26  56   0.560  90.000  0.0450  3.258e+00  5.645e-01 Meziani:1984is 
 26  56   0.560  90.000  0.0550  1.336e+01  1.161e+00 Meziani:1984is 
 26  56   0.560  90.000  0.0650  2.100e+01  1.497e+00 Meziani:1984is 
 26  56   0.560  90.000  0.0750  4.101e+01  2.208e+00 Meziani:1984is 
 26  56   0.560  90.000  0.0850  7.422e+01  3.209e+00 Meziani:1984is 
 26  56   0.560  90.000  0.0950  1.191e+02  4.458e+00 Meziani:1984is 
 26  56   0.560  90.000  0.1050  2.219e+02  7.106e+00 Meziani:1984is 
 26  56   0.560  90.000  0.1150  3.492e+02  1.034e+01 Meziani:1984is 
 26  56   0.560  90.000  0.1250  5.341e+02  1.469e+01 Meziani:1984is 
 26  56   0.560  90.000  0.1350  7.416e+02  2.450e+01 Meziani:1984is 
 26  56   0.560  90.000  0.1450  9.805e+02  3.128e+01 Meziani:1984is 
 26  56   0.560  90.000  0.1550  1.307e+03  4.034e+01 Meziani:1984is 
 26  56   0.560  90.000  0.1650  1.605e+03  4.900e+01 Meziani:1984is 
 26  56   0.560  90.000  0.1750  1.918e+03  5.837e+01 Meziani:1984is 
 26  56   0.560  90.000  0.1850  2.298e+03  6.959e+01 Meziani:1984is 
 26  56   0.560  90.000  0.1950  2.710e+03  8.198e+01 Meziani:1984is 
 26  56   0.560  90.000  0.2050  2.988e+03  9.166e+01 Meziani:1984is 
 26  56   0.560  90.000  0.2150  3.160e+03  9.993e+01 Meziani:1984is 
 26  56   0.560  90.000  0.2250  3.137e+03  1.025e+02 Meziani:1984is 
 26  56   0.560  90.000  0.2350  3.413e+03  1.119e+02 Meziani:1984is 
 26  56   0.560  90.000  0.2450  3.413e+03  1.148e+02 Meziani:1984is 
 26  56   0.560  90.000  0.2550  3.416e+03  1.177e+02 Meziani:1984is 
 26  56   0.560  90.000  0.2650  3.506e+03  1.224e+02 Meziani:1984is 
 26  56   0.560  90.000  0.2750  3.475e+03  1.244e+02 Meziani:1984is 
 26  56   0.560  90.000  0.2850  3.204e+03  1.254e+02 Meziani:1984is 
 26  56   0.560  90.000  0.2950  3.307e+03  1.299e+02 Meziani:1984is 
 26  56   0.560  90.000  0.3050  3.007e+03  1.245e+02 Meziani:1984is 
 26  56   0.560  90.000  0.3150  3.113e+03  1.293e+02 Meziani:1984is 
 26  56   0.560  90.000  0.3250  3.327e+03  1.375e+02 Meziani:1984is 
 26  56   0.560  90.000  0.3350  3.353e+03  1.430e+02 Meziani:1984is 
 26  56   0.560  90.000  0.3450  3.378e+03  1.491e+02 Meziani:1984is 
 26  56   0.560  90.000  0.3550  3.529e+03  1.573e+02 Meziani:1984is 
 26  56   0.560  90.000  0.3650  3.981e+03  1.754e+02 Meziani:1984is 
 26  56   0.560  90.000  0.3750  4.450e+03  1.964e+02 Meziani:1984is 
 26  56   0.560  90.000  0.3850  4.361e+03  2.047e+02 Meziani:1984is 
 26  56   0.560  90.000  0.3950  4.544e+03  2.190e+02 Meziani:1984is 
 26  56   0.560  90.000  0.4050  4.839e+03  2.389e+02 Meziani:1984is 
 26  56   0.560  90.000  0.4150  4.747e+03  2.486e+02 Meziani:1984is 
 26  56   0.560  90.000  0.4250  5.149e+03  2.766e+02 Meziani:1984is 
 26  56   0.620  60.000  0.0250  7.592e+01  1.118e+01 Meziani:1984is 
 26  56   0.620  60.000  0.0350  3.157e+02  2.498e+01 Meziani:1984is 
 26  56   0.620  60.000  0.0450  6.737e+02  3.862e+01 Meziani:1984is 
 26  56   0.620  60.000  0.0550  1.197e+03  5.536e+01 Meziani:1984is 
 26  56   0.620  60.000  0.0650  1.968e+03  7.763e+01 Meziani:1984is 
 26  56   0.620  60.000  0.0750  2.841e+03  8.328e+01 Meziani:1984is 
 26  56   0.620  60.000  0.0850  4.057e+03  1.149e+02 Meziani:1984is 
 26  56   0.620  60.000  0.0950  5.243e+03  1.467e+02 Meziani:1984is 
 26  56   0.620  60.000  0.1050  6.377e+03  1.781e+02 Meziani:1984is 
 26  56   0.620  60.000  0.1150  7.837e+03  2.180e+02 Meziani:1984is 
 26  56   0.620  60.000  0.1250  8.761e+03  2.531e+02 Meziani:1984is 
 26  56   0.620  60.000  0.1350  9.761e+03  2.837e+02 Meziani:1984is 
 26  56   0.620  60.000  0.1450  1.076e+04  3.145e+02 Meziani:1984is 
 26  56   0.620  60.000  0.1550  1.166e+04  3.432e+02 Meziani:1984is 
 26  56   0.620  60.000  0.1650  1.269e+04  3.753e+02 Meziani:1984is 
 26  56   0.620  60.000  0.1750  1.320e+04  3.952e+02 Meziani:1984is 
 26  56   0.620  60.000  0.1850  1.312e+04  3.944e+02 Meziani:1984is 
 26  56   0.620  60.000  0.1950  1.304e+04  4.246e+02 Meziani:1984is 
 26  56   0.620  60.000  0.2050  1.230e+04  4.128e+02 Meziani:1984is 
 26  56   0.620  60.000  0.2150  1.210e+04  4.125e+02 Meziani:1984is 
 26  56   0.620  60.000  0.2250  1.160e+04  4.046e+02 Meziani:1984is 
 26  56   0.620  60.000  0.2350  1.063e+04  3.850e+02 Meziani:1984is 
 26  56   0.620  60.000  0.2450  9.675e+03  3.645e+02 Meziani:1984is 
 26  56   0.620  60.000  0.2550  1.056e+04  3.863e+02 Meziani:1984is 
 26  56   0.620  60.000  0.2650  9.454e+03  3.620e+02 Meziani:1984is 
 26  56   0.620  60.000  0.2750  8.708e+03  3.458e+02 Meziani:1984is 
 26  56   0.620  60.000  0.2850  8.619e+03  3.437e+02 Meziani:1984is 
 26  56   0.620  60.000  0.2950  8.696e+03  3.463e+02 Meziani:1984is 
 26  56   0.620  60.000  0.3050  8.363e+03  3.400e+02 Meziani:1984is 
 26  56   0.620  60.000  0.3150  8.518e+03  3.458e+02 Meziani:1984is 
 26  56   0.620  60.000  0.3250  9.040e+03  3.615e+02 Meziani:1984is 
 26  56   0.620  60.000  0.3350  9.864e+03  3.862e+02 Meziani:1984is 
 26  56   0.620  60.000  0.3450  9.987e+03  3.921e+02 Meziani:1984is 
 26  56   0.620  60.000  0.3550  1.056e+04  4.129e+02 Meziani:1984is 
 26  56   0.620  60.000  0.3650  1.073e+04  4.247e+02 Meziani:1984is 
 26  56   0.620  60.000  0.3750  1.107e+04  4.422e+02 Meziani:1984is 
 26  56   0.620  60.000  0.3850  1.204e+04  4.777e+02 Meziani:1984is 
 26  56   0.620  60.000  0.3950  1.194e+04  9.622e+02 Meziani:1984is 
 26  56   0.620  60.000  0.4050  1.187e+04  5.057e+02 Meziani:1984is 
 26  56   0.620  60.000  0.4150  1.197e+04  5.215e+02 Meziani:1984is 
 26  56   0.620  60.000  0.4250  1.224e+04  5.457e+02 Meziani:1984is 
 26  56   0.620  60.000  0.4350  1.306e+04  5.907e+02 Meziani:1984is 
 26  56   0.620  60.000  0.4450  1.160e+04  5.717e+02 Meziani:1984is 
 26  56   0.620  60.000  0.4550  1.196e+04  6.180e+02 Meziani:1984is 
 26  56   0.620  60.000  0.4650  1.214e+04  6.797e+02 Meziani:1984is 
